eff_2011_md     =	0.15158
err_eff_2011_md = 0.00031
eff_2011_mu     = 0.15174
err_eff_2011_mu = 0.00031
eff_2012_md     = 0.15537
err_eff_2012_md = 0.00027
eff_2012_mu     = 0.15537 #dont have numbers for 2012 mu yet. copying from 2012 md
err_eff_2012_mu = 0.00027

eff_run1        = 0.15467
err_eff_run1    = 0.00027
