eff_2015_md = 0.19887
err_eff_2015_md = 0.00051
eff_2015_mu = 0.19793
err_eff_2015_mu = 0.00050
eff_2016_md = 0.19838
err_eff_2016_md = 0.00050
eff_2016_mu = 0.19832
err_eff_2016_mu = 0.00049
