eff_2015_md = 0.19887
err_eff_2015_md = 0.00051
eff_2015_mu = 0.19793
err_eff_2015_mu = 0.00050
eff_2016_md = 0.19838
err_eff_2016_md = 0.00050
eff_2016_mu = 0.19832
err_eff_2016_mu = 0.00049

eff_2015 = 0.1984
err_eff_2015 = 0.0007

eff_2016 = 0.19835
err_eff_2016 = 0.0007

lumi_2015 = 0.328
lumi_2016 = 1.665

ngen_2015 = 865193
ngen_2016 = 3376643

eff_run2 = 0.19835
err_eff_run2 = 0.000667
