eff_2011_md = 0.17051
err_eff_2011_md = 0.00045
eff_2011_mu = 0.17130
err_eff_2011_mu = 0.00044
eff_2012_md = 0.17349
err_eff_2012_md = 0.00063
eff_2012_mu = 0.17376
err_eff_2012_mu = 0.00063
