eff_2015_md	= 0.19875
err_eff_2015_md = 0.00055
eff_2015_mu	= 0.19816
err_eff_2015_mu = 0.00052
eff_2016_md	= 0.19801
err_eff_2016_md = 0.00050
eff_2016_mu	= 0.19786
err_eff_2016_mu = 0.00048

eff_2015	= 0.19846
eff_2015_err	= 0.00055
eff_2016	= 0.19794
eff_2016_err	= 0.00050
