eff_2015_md = 0.18012
err_eff_2015_md = 0.00041
eff_2015_mu = 0.18023
err_eff_2015_mu = 0.00042
eff_2016_md = 0.18023
err_eff_2016_md = 0.00043
eff_2016_mu = 0.18019
err_eff_2016_mu = 0.00043

eff_2015 = 0.18017
eff_2015_err = 0.00042
eff_2016 = 0.18021
eff_2016_err = 0.00043

