eff_2012_md = 0.33613
err_eff_2012_md = 0.00081
eff_2012_mu = 0.33693
err_eff_2012_md = 0.00084
