Info in <StandardHypoTestInvDemo>: Model ModelConfig has no snapshot  - make one using model poi
Info in <StandardHypoTestInvDemo>: Using Minuit as minimizer for computing the test statistic
Info in <StandardHypoTestInvDemo>:  Doing a first fit to the observed data 
Info in <TCanvas::Print>: pdf file ../plots/ANA/CLs_Hypatia_Expo_4700_6200_config1.pdf has been created
#######################################
Input file exists! Hurray!
Printing contents of w1 from input file

RooWorkspace(w1) w1 contents

variables
---------
(GB_WT,Lb_DTF_M_JpsiLConstr,sample,totWt,wt_tau)

p.d.f.s
-------
RooKeysPdf::JPSIKS_RUN1[ x=Lb_DTF_M_JpsiLConstr ] = 0.00479246
RooKeysPdf::JPSIKS_RUN2[ x=Lb_DTF_M_JpsiLConstr ] = 0.00456161
RooKeysPdf::LST1405_Run1[ x=Lb_DTF_M_JpsiLConstr ] = 0.000186708
RooKeysPdf::LST1405_Run2[ x=Lb_DTF_M_JpsiLConstr ] = 0.000206916
RooKeysPdf::LST1520_Run1[ x=Lb_DTF_M_JpsiLConstr ] = 7.73741e-05
RooKeysPdf::LST1520_Run2[ x=Lb_DTF_M_JpsiLConstr ] = 8.72105e-05
RooKeysPdf::LST1600_Run1[ x=Lb_DTF_M_JpsiLConstr ] = 5.12759e-05
RooKeysPdf::LST1600_Run2[ x=Lb_DTF_M_JpsiLConstr ] = 6.1326e-05
RooKeysPdf::SIG_Run1[ x=Lb_DTF_M_JpsiLConstr ] = 0.00433677
RooKeysPdf::SIG_Run2[ x=Lb_DTF_M_JpsiLConstr ] = 0.00423459
RooKeysPdf::XIB_RUN1[ x=Lb_DTF_M_JpsiLConstr ] = 0.00210678
RooKeysPdf::XIB_RUN2[ x=Lb_DTF_M_JpsiLConstr ] = 0.00178139

datasets
--------
RooDataSet::ds_sig_Run1(Lb_DTF_M_JpsiLConstr,GB_WT,wt_tau,totWt)
RooDataSet::ds_sig_wt_Run1(Lb_DTF_M_JpsiLConstr)
RooDataSet::ds_sig_Run2(Lb_DTF_M_JpsiLConstr,GB_WT,wt_tau,totWt)
RooDataSet::ds_sig_wt_Run2(Lb_DTF_M_JpsiLConstr)
RooDataSet::ds_1405_Run1(Lb_DTF_M_JpsiLConstr)
RooDataSet::ds_1405_Run2(Lb_DTF_M_JpsiLConstr)
RooDataSet::ds_1520_Run1(Lb_DTF_M_JpsiLConstr)
RooDataSet::ds_1520_Run2(Lb_DTF_M_JpsiLConstr)
RooDataSet::ds_1600_Run1(Lb_DTF_M_JpsiLConstr)
RooDataSet::ds_1600_Run2(Lb_DTF_M_JpsiLConstr)
RooDataSet::ds_xi_Run1(Lb_DTF_M_JpsiLConstr,GB_WT)
RooDataSet::ds_xi_wt_Run1(Lb_DTF_M_JpsiLConstr)
RooDataSet::ds_xi_Run2(Lb_DTF_M_JpsiLConstr,GB_WT)
RooDataSet::ds_xi_wt_Run2(Lb_DTF_M_JpsiLConstr)
RooDataSet::ds_jpsiks_Run1(Lb_DTF_M_JpsiLConstr)
RooDataSet::ds_jpsiks_Run2(Lb_DTF_M_JpsiLConstr)
RooDataHist::ds1(Lb_DTF_M_JpsiLConstr)
RooDataHist::ds2(Lb_DTF_M_JpsiLConstr)
RooDataHist::combData(sample,Lb_DTF_M_JpsiLConstr)

#######################################
[#1] INFO:Eval -- RooRealVar::setRange(Lb_DTF_M_JpsiLConstr) new range named 'signal_window' created with bounds [5365,5600]
[#1] INFO:Eval -- RooRealVar::setRange(Lb_DTF_M_JpsiLConstr) new range named 'sideband_window' created with bounds [5800,6200]
[#1] INFO:Eval -- RooRealVar::setRange(Lb_DTF_M_JpsiLConstr) new range named 'simFit_window' created with bounds [5500,5740]
@@@@@@@@@@@@@@@@@@@@@@@@@@@@@@@@@@@@@@@
Get Xib Normalization
@@@@@@@@@@@@@@@@@@@@@@@@@@@@@@@@@@@@@@@
xibYield = 36.361+/-7.75666+/-3.27249
UNWEIGHTED Xib->JpsiXi Eff = 0.0631 % +/- 0.0014 %
WEIGHTED Xib->JpsiXi Eff = 0.0728 % +/- 0.0015 %
UNWEIGHTED Xib->JpsiLambda Eff = 0.0198 % +/-0.0008 %
WEIGHTED Xib->JpsiLambda Eff = 0.0252 % +/-0.0009 %
UNWEIGTED Norm = 21.8648363425+/-4.664285951+/-2.57231420128
WEIGHTED Norm = 24.1930250772+/-5.16094359053+/-2.81881951618
BREAKUP OF SYSTEMATICS:
Overall Syst     = 11.6513726877%
*Tracking        = 5.0%
*Xi Vtx          = 1.4%
*Xib Yield       = 9.0%
*Xib->JpsiL eff  = 3.53513984513%
*Xib->JpsiXi eff = 2.08057811171%
*tauXib-/tauXib0 = 3.3118675253%
************************************************
The UNWEIGHTED LL Xib normalization for Run 1 is 21.8648 +/- 4.66429 +/- 2.57231
The WEIGHTED LL Xib normalization for Run 1 is 24.193 +/- 5.16094 +/- 2.81882
************************************************
xibYield = 173.281+/-16.4207+/-10.39686
UNWEIGHTED Xib->JpsiXi Eff = 0.0650 % +/- 0.0014 %
WEIGHTED Xib->JpsiXi Eff = 0.0725 % +/- 0.0015 %
UNWEIGHTED Xib->JpsiLambda Eff = 0.0230 % +/-0.0008 %
WEIGHTED Xib->JpsiLambda Eff = 0.0254 % +/-0.0009 %
UNWEIGTED Norm = 117.699455398+/-11.1536028027+/-11.2234896132
WEIGHTED Norm = 116.798477511+/-11.0682230577+/-11.0974646865
BREAKUP OF SYSTEMATICS:
Overall Syst     = 9.501377863%
*Tracking        = 5.0%
*Xi Vtx          = 1.4%
*Xib Yield       = 6.0%
*Xib->JpsiL eff  = 3.45465742747%
*Xib->JpsiXi eff = 2.10072769515%
*tauXib-/tauXib0 = 3.3118675253%
************************************************
The UNWEIGHTED LL Xib normalization for Run 2 is 117.699 +/- 11.1536 +/- 11.2235
The WEIGHTED LL Xib normalization for Run 2 is 116.798 +/- 11.0682 +/- 11.0975
************************************************
@@@@@@@@@@@@@@@@@@@@@@@@@@@@@@@@@@@@@@@
Get Lb -> J/psi Lambda efficiency
@@@@@@@@@@@@@@@@@@@@@@@@@@@@@@@@@@@@@@@
************************************************
Run 1 UNWEIGHTED Jpsi Lambda Eff = 0.108161 % +/- 0.00129532 %
Run 1 WEIGHTED Jpsi Lambda Eff = 0.129053 % +/- 0.00148149 %
************************************************
************************************************
Run 2 UNWEIGHTED Jpsi Lambda Eff = 0.11838 % +/- 0.000841067 %
Run 2 WEIGHTED Jpsi Lambda Eff = 0.117279 % +/- 0.000876137 %
************************************************
@@@@@@@@@@@@@@@@@@@@@@@@@@@@@@@@@@@@@@@
Get Lb -> J/psi Sigma efficiency and shape
@@@@@@@@@@@@@@@@@@@@@@@@@@@@@@@@@@@@@@@
************************************************
Run 1 UNWEIGHTED Jpsi Sigma Eff = 0.0895567 % +/- 0.00178296 %
Run 1 WEIGHTED Jpsi Sigma Eff = 0.105973 % +/- 0.00205222 %
************************************************
***************************************
Run 1 UNWEIGHTED Lambda/Sigma efficiency ratio = 1.20774 +/- 0.0280595
Run 1 WEIGHTED Lambda/Sigma efficiency ratio   = 1.21779 +/- 0.0274154
***************************************
Done importing Jpsi Sigma shape
************************************************
Run 2 UNWEIGHTED Jpsi Sigma Eff = 0.109288 % +/- 0.00104922 %
Run 2 WEIGHTED Jpsi Sigma Eff = 0.110501 % +/- 0.00112373 %
************************************************
***************************************
Run 2 UNWEIGHTED Lambda/Sigma efficiency ratio = 1.08319 +/- 0.0129372
Run 2 WEIGHTED Lambda/Sigma efficiency ratio   = 1.06135 +/- 0.0133926
***************************************
Done importing Jpsi Sigma shape
@@@@@@@@@@@@@@@@@@@@@@@@@@@@@@@@@@@@@@@
Get Lb -> J/psi Lst(1405) efficiency and shape
@@@@@@@@@@@@@@@@@@@@@@@@@@@@@@@@@@@@@@@
************************************************
Run 1 UNWEIGHTED Jpsi /(1405) Eff = 0.0683516 % +/- 0.000529825 %
Run 1 WEIGHTED Jpsi /(1405) Eff = 0.0691317 % +/- 0.000525141 %
************************************************
***************************************
Run 1 UNWEIGHTED /(1405)/Lambda efficiency ratio = 0.52964 +/- 0.00733639
Run 1 WEIGHTED /(1405)/Lambda efficiency ratio   = 0.535684 +/- 0.00737391
***************************************
Done importing Jpsi Lst(1405) shape
************************************************
Run 2 UNWEIGHTED Jpsi /(1405) Eff = 0.0717729 % +/- 0.000846699 %
Run 2 WEIGHTED Jpsi /(1405) Eff = 0.0720796 % +/- 0.000846743 %
************************************************
***************************************
Run 2 UNWEIGHTED /(1405)/Lambda efficiency ratio = 0.611983 +/- 0.00854534
Run 2 WEIGHTED /(1405)/Lambda efficiency ratio   = 0.614598 +/- 0.00855613
***************************************
Done importing Jpsi Lst(1405) shape
************************************************
Run 1 UNWEIGHTED Jpsi /(1520) Eff = 0.0578722 % +/- 0.000495269 %
Run 1 WEIGHTED Jpsi /(1520) Eff = 0.0585088 % +/- 0.000490672 %
************************************************
***************************************
Run 1 UNWEIGHTED /(1520)/Lambda efficiency ratio = 0.448437 +/- 0.006421
Run 1 WEIGHTED /(1520)/Lambda efficiency ratio   = 0.45337 +/- 0.00644541
***************************************
Done importing Jpsi Lst(1520) shape
************************************************
Run 2 UNWEIGHTED Jpsi /(1520) Eff = 0.0598215 % +/- 0.000928356 %
Run 2 WEIGHTED Jpsi /(1520) Eff = 0.060059 % +/- 0.00092921 %
************************************************
***************************************
Run 2 UNWEIGHTED /(1520)/Lambda efficiency ratio = 0.510077 +/- 0.0087852
Run 2 WEIGHTED /(1520)/Lambda efficiency ratio   = 0.512102 +/- 0.00879832
***************************************
Done importing Jpsi Lst(1520) shape
************************************************
Run 1 UNWEIGHTED Jpsi /(1600) Eff = 0.0500335 % +/- 0.000438534 %
Run 1 WEIGHTED Jpsi /(1600) Eff = 0.0505576 % +/- 0.000434264 %
************************************************
***************************************
Run 1 UNWEIGHTED /(1600)/Lambda efficiency ratio = 0.387697 +/- 0.00559958
Run 1 WEIGHTED /(1600)/Lambda efficiency ratio   = 0.391758 +/- 0.00561682
***************************************
Done importing Jpsi Lst(1600) shape
************************************************
Run 2 UNWEIGHTED Jpsi /(1600) Eff = 0.0507385 % +/- 0.000657189 %
Run 2 WEIGHTED Jpsi /(1600) Eff = 0.0509267 % +/- 0.000656319 %
************************************************
***************************************
Run 2 UNWEIGHTED /(1600)/Lambda efficiency ratio = 0.43263 +/- 0.00646887
Run 2 WEIGHTED /(1600)/Lambda efficiency ratio   = 0.434234 +/- 0.00646844
***************************************
Done importing Jpsi Lst(1600) shape
***************************************
Get J/psi Xi shape from MC
***************************************
Done importing Xib shape
Done importing Xib shape
***************************************
Get J/psi Ks shape from MC
***************************************
Done importing Xib shape
Done defining J/psi Lambda Hypatia shapes
*****UING EXPONENTIAL BKG SHAPE*****
Done defining cont. bkg exp. shapes
Done defining Misc Lambda* Gaussian shapes
RooDataSet::ds_sim1[Lb_DTF_M_JpsiLConstr,GB_WT,wt_tau] = 7851 entries
RooDataSet::ds_sim_wt1[Lb_DTF_M_JpsiLConstr,weight:totWt] = 7851 entries (8653.06 weighted)
mcNentries = 8653.06
RooDataSet::ds_sim2[Lb_DTF_M_JpsiLConstr,GB_WT,wt_tau] = 25295 entries
RooDataSet::ds_sim_wt2[Lb_DTF_M_JpsiLConstr,weight:totWt] = 25295 entries (22277.7 weighted)
mcNentries = 22277.7
reduceEng varSubset = (Lb_DTF_M_JpsiLConstr) _wgtVar = totWt
 **********
 **    1 **SET PRINT           1
 **********
 **********
 **    2 **SET NOGRAD
 **********
 PARAMETER DEFINITIONS:
    NO.   NAME         VALUE      STEP SIZE      LIMITS
     1 a1_Run1      1.80000e+00  1.00000e-01    1.00000e+00  2.00000e+00
     2 a2_Run1      1.70000e+00  4.00000e-02    1.50000e+00  1.90000e+00
     3 lambda_Run1  -2.59000e+00  8.00000e-02   -2.80000e+00 -2.00000e+00
     4 mcnbkg_run1   4.32703e+03  8.65206e+02    1.00000e+00  8.65306e+03
     5 mcnsig_run1   8.64806e+03  2.50000e+00    4.32653e+03  8.65306e+03
     6 mean_Run1    5.61960e+03  2.00000e-01    5.61900e+03  5.62100e+03
     7 sigma_Run1   1.50000e+01  6.00000e-01    1.20000e+01  1.80000e+01
     8 tau_run1    -1.00000e-07  4.95000e-08   -1.00000e-05 -1.00000e-09
 **********
 **    3 **SET ERR         0.5
 **********
 **********
 **    4 **SET PRINT           1
 **********
 **********
 **    5 **SET STR           2
 **********
 NOW USING STRATEGY  2: MAKE SURE MINIMUM TRUE, ERRORS CORRECT  
 **********
 **    6 **MIGRAD        4000           1
 **********
 FIRST CALL TO USER FUNCTION AT NEW START POINT, WITH IFLAG=4.
 START MIGRAD MINIMIZATION.  STRATEGY  2.  CONVERGENCE WHEN EDM .LT. 1.00e-03
 MINUIT WARNING IN HESSE   
 ============== Negative diagonal element 5 in Error Matrix
 MINUIT WARNING IN HESSE   
 ============== 224.62 added to diagonal of error matrix
 COVARIANCE MATRIX CALCULATED SUCCESSFULLY
 FCN=-35390.1 FROM HESSE     STATUS=OK             77 CALLS          78 TOTAL
                     EDM=11546    STRATEGY= 2      ERROR MATRIX ACCURATE 
  EXT PARAMETER                                   STEP         FIRST   
  NO.   NAME      VALUE            ERROR          SIZE      DERIVATIVE 
   1  a1_Run1      1.80000e+00   2.50811e-02   2.57889e-02  -1.68243e+01
   2  a2_Run1      1.70000e+00   1.31684e-02   5.00000e-01  -1.12186e+01
   3  lambda_Run1  -2.59000e+00   2.00399e-02   3.76594e-01   8.38453e+01
   4  mcnbkg_run1   4.32703e+03   1.90570e+02   2.32538e-01   3.40022e+03
   5  mcnsig_run1   8.64806e+03   2.73121e+03   1.79590e-01   1.56542e+01
   6  mean_Run1    5.61960e+03   5.21358e-02   4.39740e-01  -2.82043e+01
   7  sigma_Run1   1.50000e+01   1.41738e-01   2.43901e-01   1.09372e+02
   8  tau_run1    -1.00000e-07   6.60068e-08   5.00000e-01  -5.54718e-05
                               ERR DEF= 0.5
 MINUIT WARNING IN MIGRAD  
 ============== Negative diagonal element 5 in Error Matrix
 MINUIT WARNING IN MIGRAD  
 ============== 1.01602 added to diagonal of error matrix
 MIGRAD FAILS TO FIND IMPROVEMENT
 COVARIANCE MATRIX CALCULATED SUCCESSFULLY
 FCN=-38353.7 FROM HESSE     STATUS=OK             73 CALLS        1204 TOTAL
                     EDM=0.000554277    STRATEGY= 2      ERROR MATRIX ACCURATE 
  EXT PARAMETER                                   STEP         FIRST   
  NO.   NAME      VALUE            ERROR          SIZE      DERIVATIVE 
   1  a1_Run1      1.58156e+00   2.93184e-01   2.34490e-02  -6.26403e-02
   2  a2_Run1      1.68406e+00   3.04739e-01   7.14828e-02  -2.00768e-02
   3  lambda_Run1  -2.40811e+00   3.08027e-01   1.08341e-02  -8.04448e-02
   4  mcnbkg_run1   2.75000e+00   3.05405e+01   1.14628e-02   7.42295e-02
   5  mcnsig_run1   8.64881e+03   3.24352e+02   7.49858e-02  -2.33676e-02
   6  mean_Run1    5.61986e+03   8.76757e-02   1.19366e-02  -3.60090e-03
   7  sigma_Run1   1.52644e+01   1.30978e+00   7.00167e-03   5.65405e-02
   8  tau_run1    -9.82638e-08   8.76359e-06   5.00000e-01  -3.82139e-05
                               ERR DEF= 0.5
 EIGENVALUES OF SECOND-DERIVATIVE MATRIX:
        -1.0955e+00  1.2970e-02  1.2866e-01  1.6247e-01  9.9995e-01  1.0011e+00  1.9625e+00  4.8278e+00
 MINUIT WARNING IN MIGRAD  
 ============== MATRIX FORCED POS-DEF BY ADDING 1.100281 TO DIAGONAL.
 MIGRAD MINIMIZATION HAS CONVERGED.
 MIGRAD WILL VERIFY CONVERGENCE AND ERROR MATRIX.
 COVARIANCE MATRIX CALCULATED SUCCESSFULLY
 FCN=-38353.7 FROM MIGRAD    STATUS=CONVERGED    1355 CALLS        1356 TOTAL
                     EDM=0.000247366    STRATEGY= 2      ERROR MATRIX ACCURATE 
  EXT PARAMETER                                   STEP         FIRST   
  NO.   NAME      VALUE            ERROR          SIZE      DERIVATIVE 
   1  a1_Run1      1.57559e+00   7.12159e-01   2.30878e-02  -5.23034e-03
   2  a2_Run1      1.67607e+00   2.76291e-01   7.09196e-02   6.65229e-04
   3  lambda_Run1  -2.41320e+00   5.66912e-01   1.08547e-02  -3.54043e-03
   4  mcnbkg_run1   2.45815e+00   4.98114e+01   1.22986e-02  -2.74716e-02
   5  mcnsig_run1   8.65040e+03   4.25824e+02   8.94963e-02  -2.39819e-03
   6  mean_Run1    5.61986e+03   8.78086e-02   1.19369e-02   8.37161e-04
   7  sigma_Run1   1.52834e+01   4.22963e+00   7.01476e-03   1.45934e-02
   8  tau_run1    -9.05946e-09   6.56748e-06   5.00000e-01   9.86900e-06
                               ERR DEF= 0.5
 EXTERNAL ERROR MATRIX.    NDIM=  25    NPAR=  8    ERR DEF=0.5
  4.785e-01  5.875e-01 -5.640e-01  8.046e+00  3.281e-01  4.307e-03 -2.162e+00  2.352e-07 
  5.875e-01  7.436e-01 -7.018e-01  1.036e+01  4.225e-01  4.208e-03 -2.690e+00  3.074e-07 
 -5.640e-01 -7.018e-01  6.771e-01 -9.110e+00 -3.716e-01 -4.636e-03  2.599e+00 -2.693e-07 
  8.046e+00  1.036e+01 -9.110e+00  2.911e+02  1.171e+01  5.023e-02 -3.486e+01  8.171e-06 
  3.281e-01  4.225e-01 -3.716e-01  1.171e+01  4.676e+03  2.049e-03 -1.421e+00  3.332e-07 
  4.307e-03  4.208e-03 -4.636e-03  5.023e-02  2.049e-03  7.731e-03 -1.778e-02  1.362e-09 
 -2.162e+00 -2.690e+00  2.599e+00 -3.486e+01 -1.421e+00 -1.778e-02  1.000e+01 -1.030e-06 
  2.352e-07  3.074e-07 -2.693e-07  8.171e-06  3.332e-07  1.362e-09 -1.030e-06  4.730e-10 
 PARAMETER  CORRELATION COEFFICIENTS  
       NO.  GLOBAL      1      2      3      4      5      6      7      8
        1  0.99253   1.000  0.985 -0.991  0.682  0.007  0.071 -0.988  0.016
        2  0.99268   0.985  1.000 -0.989  0.704  0.007  0.055 -0.986  0.016
        3  0.99924  -0.991 -0.989  1.000 -0.649 -0.007 -0.064  0.999 -0.015
        4  0.79984   0.682  0.704 -0.649  1.000  0.010  0.033 -0.646  0.022
        5  0.01004   0.007  0.007 -0.007  0.010  1.000  0.000 -0.007  0.000
        6  0.10846   0.071  0.055 -0.064  0.033  0.000  1.000 -0.064  0.001
        7  0.99880  -0.988 -0.986  0.999 -0.646 -0.007 -0.064  1.000 -0.015
        8  0.02211   0.016  0.016 -0.015  0.022  0.000  0.001 -0.015  1.000
 **********
 **    7 **SET ERR         0.5
 **********
 **********
 **    8 **SET PRINT           1
 **********
 **********
 **    9 **HESSE        4000
 **********
 COVARIANCE MATRIX CALCULATED SUCCESSFULLY
 FCN=-38353.7 FROM HESSE     STATUS=OK             87 CALLS        1443 TOTAL
                     EDM=1.87341e-05    STRATEGY= 2      ERROR MATRIX ACCURATE 
  EXT PARAMETER                                INTERNAL      INTERNAL  
  NO.   NAME      VALUE            ERROR       STEP SIZE       VALUE   
   1  a1_Run1      1.57559e+00   2.23901e-01   1.84703e-04   2.98984e+00
   2  a2_Run1      1.67607e+00   3.07446e-01   5.67356e-04  -3.02164e+00
   3  lambda_Run1  -2.41320e+00   2.47816e-01   4.34188e-04   6.25017e+00
   4  mcnbkg_run1   2.45815e+00   4.53321e+00   1.76129e-01  -1.14694e+02
   5  mcnsig_run1   8.65040e+03   3.15203e+01   5.00000e-01  -5.76532e+02
   6  mean_Run1    5.61986e+03   8.76433e-02   9.54949e-05  -1.39786e-01
   7  sigma_Run1   1.52834e+01   1.01933e+00   2.80591e-04   1.56133e+01
   8  tau_run1    -9.05946e-09   5.19905e-06   1.00000e-01   1.62759e+00
                               ERR DEF= 0.5
 EXTERNAL ERROR MATRIX.    NDIM=  25    NPAR=  8    ERR DEF=0.5
  5.399e-02  5.526e-02 -5.717e-02 -2.292e-01 -6.794e-02  8.694e-04 -2.169e-01  2.580e-09 
  5.526e-02  7.606e-02 -6.695e-02 -3.263e-01 -9.707e-02 -7.895e-05 -2.538e-01  5.453e-09 
 -5.717e-02 -6.695e-02  7.144e-02  1.299e-01  3.883e-02 -5.129e-04  2.747e-01 -2.145e-09 
 -2.292e-01 -3.263e-01  1.299e-01  2.056e+01  5.829e+00  8.971e-04  4.835e-01 -2.202e-07 
 -6.794e-02 -9.707e-02  3.883e-02  5.829e+00  3.353e+02  2.798e-04  1.444e-01 -6.708e-08 
  8.694e-04 -7.895e-05 -5.129e-04  8.971e-04  2.798e-04  7.701e-03 -1.953e-03 -6.066e-11 
 -2.169e-01 -2.538e-01  2.747e-01  4.835e-01  1.444e-01 -1.953e-03  1.082e+00 -7.943e-09 
  2.580e-09  5.453e-09 -2.145e-09 -2.202e-07 -6.708e-08 -6.066e-11 -7.943e-09  4.634e-10 
 PARAMETER  CORRELATION COEFFICIENTS  
       NO.  GLOBAL      1      2      3      4      5      6      7      8
        1  0.93156   1.000  0.862 -0.920 -0.218 -0.016  0.043 -0.897  0.001
        2  0.92646   0.862  1.000 -0.908 -0.261 -0.019 -0.003 -0.885  0.001
        3  0.99277  -0.920 -0.908  1.000  0.107  0.008 -0.022  0.988 -0.000
        4  0.48633  -0.218 -0.261  0.107  1.000  0.070  0.002  0.102 -0.002
        5  0.07021  -0.016 -0.019  0.008  0.070  1.000  0.000  0.008 -0.000
        6  0.08985   0.043 -0.003 -0.022  0.002  0.000  1.000 -0.021 -0.000
        7  0.98885  -0.897 -0.885  0.988  0.102  0.008 -0.021  1.000 -0.000
        8  0.00234   0.001  0.001 -0.000 -0.002 -0.000 -0.000 -0.000  1.000
 **********
 **   10 **SET ERR         0.5
 **********
 **********
 **   11 **SET PRINT           1
 **********
 **********
 **   12 **HESSE        4000
 **********
 EIGENVALUES OF SECOND-DERIVATIVE MATRIX:
        -2.6446e-03  4.3318e-01  8.9805e-01  9.7929e-01  1.0000e+00  1.0644e+00  1.1519e+00  2.4759e+00
 MINUIT WARNING IN HESSE   
 ============== MATRIX FORCED POS-DEF BY ADDING 0.005121 TO DIAGONAL.
 FCN=-54180.3 FROM HESSE     STATUS=NOT POSDEF     93 CALLS        1536 TOTAL
                     EDM=1.11205    STRATEGY= 2      ERR MATRIX NOT POS-DEF
  EXT PARAMETER                APPROXIMATE     INTERNAL      INTERNAL  
  NO.   NAME      VALUE            ERROR       STEP SIZE       VALUE   
   1  a1_Run1      1.57559e+00   3.39403e-01   3.76794e-03   2.98984e+00
   2  a2_Run1      1.67607e+00   3.03674e-01   1.15741e-02  -3.02164e+00
   3  lambda_Run1  -2.41320e+00   5.66048e-01   8.85744e-03   6.25017e+00
   4  mcnbkg_run1   2.45815e+00   4.20382e+00   2.00321e-01  -1.14694e+02
   5  mcnsig_run1   8.65040e+03   5.31152e+02   1.33120e-02  -5.76532e+02
   6  mean_Run1    5.61986e+03   7.37572e-02   1.94810e-03  -1.39786e-01
   7  sigma_Run1   1.52834e+01   1.45584e+00   5.72405e-03   1.56133e+01
   8  tau_run1    -9.05946e-09   5.01856e-06   5.00000e-01   1.62759e+00
                               ERR DEF= 0.5
 EXTERNAL ERROR MATRIX.    NDIM=  25    NPAR=  8    ERR DEF=0.5
  1.400e-01  1.494e-01 -1.472e-01 -7.174e-01  1.280e+00  2.181e-03 -5.506e-01  2.542e-08 
  1.494e-01  1.740e-01 -1.632e-01 -8.499e-01  1.518e+00  1.588e-03 -6.099e-01  3.292e-08 
 -1.472e-01 -1.632e-01  1.626e-01  6.705e-01 -1.198e+00 -2.000e-03  6.107e-01 -2.491e-08 
 -7.174e-01 -8.499e-01  6.705e-01  1.768e+01 -3.062e+01 -6.758e-03  2.498e+00 -5.887e-07 
  1.280e+00  1.518e+00 -1.198e+00 -3.062e+01  5.885e+03  1.199e-02 -4.464e+00  1.070e-06 
  2.181e-03  1.588e-03 -2.000e-03 -6.758e-03  1.199e-02  5.450e-03 -7.491e-03  1.601e-10 
 -5.506e-01 -6.099e-01  6.107e-01  2.498e+00 -4.464e+00 -7.491e-03  2.313e+00 -9.265e-08 
  2.542e-08  3.292e-08 -2.491e-08 -5.887e-07  1.070e-06  1.601e-10 -9.265e-08  2.568e-10 
ERR MATRIX NOT POS-DEF
 PARAMETER  CORRELATION COEFFICIENTS  
       NO.  GLOBAL      1      2      3      4      5      6      7      8
        1  0.98016   1.000  0.957 -0.976 -0.456  0.045  0.079 -0.968  0.004
        2  0.97732   0.957  1.000 -0.970 -0.485  0.047  0.052 -0.961  0.005
        3  0.99777  -0.976 -0.970  1.000  0.395 -0.039 -0.067  0.996 -0.004
        4  0.63275  -0.456 -0.485  0.395  1.000 -0.095 -0.022  0.391 -0.009
        5  0.09495   0.045  0.047 -0.039 -0.095  1.000  0.002 -0.038  0.001
        6  0.11484   0.079  0.052 -0.067 -0.022  0.002  1.000 -0.067  0.000
        7  0.99635  -0.968 -0.961  0.996  0.391 -0.038 -0.067  1.000 -0.004
        8  0.00890   0.004  0.005 -0.004 -0.009  0.001  0.000 -0.004  1.000
 ERR MATRIX NOT POS-DEF
reduceEng varSubset = (Lb_DTF_M_JpsiLConstr) _wgtVar = totWt
 **********
 **   13 **SET PRINT           1
 **********
 **********
 **   14 **SET NOGRAD
 **********
 PARAMETER DEFINITIONS:
    NO.   NAME         VALUE      STEP SIZE      LIMITS
     1 a1_Run2      2.00000e+00  1.00000e-01    1.50000e+00  2.50000e+00
     2 a2_Run2      1.75000e+00  2.00000e-01    1.00000e+00  3.00000e+00
     3 lambda_Run2  -2.30000e+00  8.00000e-02   -2.80000e+00 -2.00000e+00
     4 mcnbkg_run2   1.11394e+04  2.22767e+03    1.00000e+00  2.22777e+04
     5 mcnsig_run2   2.22727e+04  2.50000e+00    1.11389e+04  2.22777e+04
     6 mean_Run2    5.61960e+03  2.00000e-01    5.61900e+03  5.62100e+03
     7 sigma_Run2   1.40000e+01  6.00000e-01    1.10000e+01  1.70000e+01
     8 tau_run2    -1.00000e-07  4.95000e-08   -1.00000e-05 -1.00000e-09
 **********
 **   15 **SET ERR         0.5
 **********
 **********
 **   16 **SET PRINT           1
 **********
 **********
 **   17 **SET STR           2
 **********
 NOW USING STRATEGY  2: MAKE SURE MINIMUM TRUE, ERRORS CORRECT  
 **********
 **   18 **MIGRAD        4000           1
 **********
 FIRST CALL TO USER FUNCTION AT NEW START POINT, WITH IFLAG=4.
 START MIGRAD MINIMIZATION.  STRATEGY  2.  CONVERGENCE WHEN EDM .LT. 1.00e-03
 MINUIT WARNING IN HESSE   
 ============== Negative diagonal element 5 in Error Matrix
 MINUIT WARNING IN HESSE   
 ============== 618.545 added to diagonal of error matrix
 COVARIANCE MATRIX CALCULATED SUCCESSFULLY
 FCN=-111361 FROM HESSE     STATUS=OK             83 CALLS          84 TOTAL
                     EDM=27526.9    STRATEGY= 2      ERROR MATRIX ACCURATE 
  EXT PARAMETER                                   STEP         FIRST   
  NO.   NAME      VALUE            ERROR          SIZE      DERIVATIVE 
   1  a1_Run2      2.00000e+00   1.93526e-02   5.00000e-01  -4.44002e+01
   2  a2_Run2      1.75000e+00   3.15629e-02   4.04274e-01  -1.58628e+02
   3  lambda_Run2  -2.30000e+00   1.42914e-02   4.73824e-01   2.21074e+02
   4  mcnbkg_run2   1.11394e+04   2.96996e+02   2.49246e-01   8.63676e+03
   5  mcnsig_run2   2.22727e+04   6.97375e+03   1.11888e-01   2.64480e+01
   6  mean_Run2    5.61960e+03   3.25611e-02   5.00000e-01  -1.45267e+02
   7  sigma_Run2   1.40000e+01   8.48012e-02   2.52703e-01   1.75096e+02
   8  tau_run2    -1.00000e-07   3.97953e-08   5.00000e-01  -6.39035e-04
                               ERR DEF= 0.5
 MIGRAD MINIMIZATION HAS CONVERGED.
 MIGRAD WILL VERIFY CONVERGENCE AND ERROR MATRIX.
 COVARIANCE MATRIX CALCULATED SUCCESSFULLY
 FCN=-119007 FROM MIGRAD    STATUS=CONVERGED    1184 CALLS        1185 TOTAL
                     EDM=0.000909239    STRATEGY= 2      ERROR MATRIX ACCURATE 
  EXT PARAMETER                                   STEP         FIRST   
  NO.   NAME      VALUE            ERROR          SIZE      DERIVATIVE 
   1  a1_Run2      2.02868e+00   1.24970e-01   4.50852e-02   1.27695e-02
   2  a2_Run2      2.16656e+00   1.54758e-01   2.84376e-02   7.09207e-02
   3  lambda_Run2  -2.03718e+00   5.63670e-02   2.40473e-02   4.12950e-02
   4  mcnbkg_run2   1.00000e+00   4.31548e+00   6.62396e-03** at limit **
   5  mcnsig_run2   2.22777e+04   6.05721e+02   1.16546e-01  -5.10013e-04
   6  mean_Run2    5.62012e+03   5.63816e-02   1.35064e-02  -2.97443e-02
   7  sigma_Run2   1.43084e+01   2.68294e-01   7.34345e-03  -6.45287e-02
   8  tau_run2    -9.99989e-08   6.98278e-06   5.00000e-01  -3.68163e-08
                               ERR DEF= 0.5
 EXTERNAL ERROR MATRIX.    NDIM=  25    NPAR=  8    ERR DEF=0.5
  1.596e-02  8.544e-03  4.719e-03  1.740e-05  2.275e-04 -2.113e-04 -1.911e-02  2.528e-07 
  8.544e-03  2.415e-02  5.717e-03  2.476e-05  3.238e-04  2.989e-04 -2.321e-02 -3.913e-07 
  4.719e-03  5.717e-03  3.304e-03  4.268e-07  5.594e-06  2.049e-05 -1.445e-02 -8.577e-09 
  1.740e-05  2.476e-05  4.268e-07  4.004e-05  2.539e-04  1.956e-08 -1.790e-06 -4.243e-10 
  2.275e-04  3.238e-04  5.594e-06  2.539e-04  3.798e+01  2.561e-07 -2.344e-05 -3.723e-09 
 -2.113e-04  2.989e-04  2.049e-05  1.956e-08  2.561e-07  3.182e-03 -1.158e-04 -4.285e-09 
 -1.911e-02 -2.321e-02 -1.445e-02 -1.790e-06 -2.344e-05 -1.158e-04  7.218e-02  3.569e-08 
  2.528e-07 -3.913e-07 -8.577e-09 -4.243e-10 -3.723e-09 -4.285e-09  3.569e-08  5.418e-06 
 PARAMETER  CORRELATION COEFFICIENTS  
       NO.  GLOBAL      1      2      3      4      5      6      7      8
        1  0.66385   1.000  0.435  0.650  0.022  0.000 -0.030 -0.563  0.001
        2  0.65304   0.435  1.000  0.640  0.025  0.000  0.034 -0.556 -0.001
        3  0.95534   0.650  0.640  1.000  0.001  0.000  0.006 -0.936 -0.000
        4  0.04307   0.022  0.025  0.001  1.000  0.007  0.000 -0.001 -0.000
        5  0.00652   0.000  0.000  0.000  0.007  1.000  0.000 -0.000 -0.000
        6  0.06064  -0.030  0.034  0.006  0.000  0.000  1.000 -0.008 -0.000
        7  0.93956  -0.563 -0.556 -0.936 -0.001 -0.000 -0.008  1.000  0.000
        8  0.00183   0.001 -0.001 -0.000 -0.000 -0.000 -0.000  0.000  1.000
 **********
 **   19 **SET ERR         0.5
 **********
 **********
 **   20 **SET PRINT           1
 **********
 **********
 **   21 **HESSE        4000
 **********
 COVARIANCE MATRIX CALCULATED SUCCESSFULLY
 FCN=-119007 FROM HESSE     STATUS=OK             83 CALLS        1268 TOTAL
                     EDM=0.000646458    STRATEGY= 2      ERROR MATRIX ACCURATE 
  EXT PARAMETER                                INTERNAL      INTERNAL  
  NO.   NAME      VALUE            ERROR       STEP SIZE       VALUE   
   1  a1_Run2      2.02868e+00   1.22147e-01   5.00000e-01   5.73860e-02
   2  a2_Run2      2.16656e+00   1.12144e-01   5.00000e-01   1.67338e-01
   3  lambda_Run2  -2.03718e+00   5.36395e-02   1.92378e-04   1.13621e+00
   4  mcnbkg_run2   1.00000e+00   4.31899e+00   1.32479e-03  -1.57078e+00
                                 WARNING -   - ABOVE PARAMETER IS AT LIMIT.
   5  mcnsig_run2   2.22777e+04   3.27314e+01   5.00000e-01  -1.09932e+01
   6  mean_Run2    5.62012e+03   5.63342e-02   5.40255e-04   1.16751e-01
   7  sigma_Run2   1.43084e+01   2.73108e-01   2.93738e-04   1.02982e-01
   8  tau_run2    -9.99989e-08   7.89574e-06   1.00000e-01   1.37146e+00
                               ERR DEF= 0.5
 EXTERNAL ERROR MATRIX.    NDIM=  25    NPAR=  8    ERR DEF=0.5
  1.523e-02  3.436e-03  3.823e-03  2.250e-06  1.712e-05 -2.381e-04 -1.660e-02 -1.042e-06 
  3.436e-03  1.263e-02  2.542e-03  2.468e-06  1.878e-05  1.168e-04 -1.101e-02  6.794e-07 
  3.823e-03  2.542e-03  2.980e-03 -1.125e-06 -8.568e-06 -1.344e-05 -1.403e-02 -1.323e-07 
  2.250e-06  2.468e-06 -1.125e-06  4.008e-05  1.163e-05 -2.938e-08  4.951e-06  1.020e-10 
  1.712e-05  1.878e-05 -8.568e-06  1.163e-05  2.017e+00 -2.238e-07  3.769e-05  1.221e-09 
 -2.381e-04  1.168e-04 -1.344e-05 -2.938e-08 -2.238e-07  3.177e-03  2.000e-05 -3.055e-09 
 -1.660e-02 -1.101e-02 -1.403e-02  4.951e-06  3.769e-05  2.000e-05  7.480e-02  5.767e-07 
 -1.042e-06  6.794e-07 -1.323e-07  1.020e-10  1.221e-09 -3.055e-09  5.767e-07  5.345e-06 
 PARAMETER  CORRELATION COEFFICIENTS  
       NO.  GLOBAL      1      2      3      4      5      6      7      8
        1  0.58132   1.000  0.248  0.568  0.003  0.000 -0.034 -0.492 -0.004
        2  0.42481   0.248  1.000  0.414  0.003  0.000  0.018 -0.358  0.003
        3  0.95035   0.568  0.414  1.000 -0.003 -0.000 -0.004 -0.940 -0.001
        4  0.00873   0.003  0.003 -0.003  1.000  0.001 -0.000  0.003  0.000
        5  0.00132   0.000  0.000 -0.000  0.001  1.000 -0.000  0.000  0.000
        6  0.04532  -0.034  0.018 -0.004 -0.000 -0.000  1.000  0.001 -0.000
        7  0.94174  -0.492 -0.358 -0.940  0.003  0.000  0.001  1.000  0.001
        8  0.00516  -0.004  0.003 -0.001  0.000  0.000 -0.000  0.001  1.000
 **********
 **   22 **SET ERR         0.5
 **********
 **********
 **   23 **SET PRINT           1
 **********
 **********
 **   24 **HESSE        4000
 **********
 MINUIT WARNING IN HESSE   
 ============== Negative diagonal element 8 in Error Matrix
 MINUIT WARNING IN HESSE   
 ============== 1.00002 added to diagonal of error matrix
 COVARIANCE MATRIX CALCULATED SUCCESSFULLY
 FCN=-138959 FROM HESSE     STATUS=OK             99 CALLS        1367 TOTAL
                     EDM=6.94531    STRATEGY= 2      ERROR MATRIX ACCURATE 
  EXT PARAMETER                                INTERNAL      INTERNAL  
  NO.   NAME      VALUE            ERROR       STEP SIZE       VALUE   
   1  a1_Run2      2.02868e+00   1.12536e-01   5.00000e-01   5.73860e-02
   2  a2_Run2      2.16656e+00   1.15765e-01   5.00000e-01   1.67338e-01
   3  lambda_Run2  -2.03718e+00   2.70996e-02   3.92452e-03   1.13621e+00
   4  mcnbkg_run2   1.00000e+00   3.09131e+00   1.56852e-01  -1.57078e+00
                                 WARNING -   - ABOVE PARAMETER IS AT LIMIT.
   5  mcnsig_run2   2.22777e+04   2.80584e+01   5.00000e-01  -1.09932e+01
   6  mean_Run2    5.62012e+03   5.20540e-02   1.10212e-02   1.16751e-01
   7  sigma_Run2   1.43084e+01   1.52508e-01   5.99225e-03   1.02982e-01
   8  tau_run2    -9.99989e-08   2.25275e-06   5.00000e-01   1.37146e+00
                               ERR DEF= 0.5
 EXTERNAL ERROR MATRIX.    NDIM=  25    NPAR=  8    ERR DEF=0.5
  1.288e-02  2.735e-03  9.206e-04  2.043e-04  5.544e-03 -2.508e-04 -2.924e-03  3.292e-13 
  2.735e-03  1.346e-02  6.503e-04  1.913e-04  5.190e-03  1.453e-04 -1.861e-03  1.857e-13 
  9.206e-04  6.503e-04  7.408e-04 -1.748e-05 -4.734e-04 -4.700e-06 -3.405e-03 -1.961e-14 
  2.043e-04  1.913e-04 -1.748e-05  2.868e-05  7.745e-04 -2.153e-06  5.764e-05  3.614e-14 
  5.544e-03  5.190e-03 -4.734e-04  7.745e-04  1.728e+00 -5.839e-05  1.563e-03  9.824e-13 
 -2.508e-04  1.453e-04 -4.700e-06 -2.153e-06 -5.839e-05  2.712e-03 -9.142e-06 -3.287e-15 
 -2.924e-03 -1.861e-03 -3.405e-03  5.764e-05  1.563e-03 -9.142e-06  2.328e-02  6.489e-14 
  3.292e-13  1.857e-13 -1.961e-14  3.614e-14  9.824e-13 -3.287e-15  6.489e-14  9.801e-13 
 PARAMETER  CORRELATION COEFFICIENTS  
       NO.  GLOBAL      1      2      3      4      5      6      7      8
        1  0.50301   1.000  0.208  0.298  0.336  0.037 -0.042 -0.169  0.000
        2  0.41440   0.208  1.000  0.206  0.308  0.034  0.024 -0.105  0.000
        3  0.85537   0.298  0.206  1.000 -0.120 -0.013 -0.003 -0.820 -0.000
        4  0.51901   0.336  0.308 -0.120  1.000  0.110 -0.008  0.071  0.000
        5  0.10999   0.037  0.034 -0.013  0.110  1.000 -0.001  0.008  0.000
        6  0.05445  -0.042  0.024 -0.003 -0.008 -0.001  1.000 -0.001 -0.000
        7  0.82970  -0.169 -0.105 -0.820  0.071  0.008 -0.001  1.000  0.000
        8  0.00001   0.000  0.000 -0.000  0.000  0.000 -0.000  0.000  1.000
Importing Run 1 data
Done making RooDataHist
RooDataHist::ds1[Lb_DTF_M_JpsiLConstr] = 375 bins (8496 weights)
Done importing Run 1 data
Importing Run 2 data
Done making RooDataHist
RooDataHist::ds2[Lb_DTF_M_JpsiLConstr] = 375 bins (26121 weights)
Done importing Run 2 data
before sb fit
 **********
 **    1 **SET PRINT           1
 **********
 **********
 **    2 **SET NOGRAD
 **********
 PARAMETER DEFINITIONS:
    NO.   NAME         VALUE      STEP SIZE      LIMITS
     1 slope_Run2  -2.00000e+00  2.50000e-01   -5.00000e+00  0.00000e+00
 **********
 **    3 **SET ERR         0.5
 **********
 **********
 **    4 **SET PRINT           1
 **********
 **********
 **    5 **SET STR           1
 **********
 NOW USING STRATEGY  1: TRY TO BALANCE SPEED AGAINST RELIABILITY
 **********
 **    6 **MIGRAD         500           1
 **********
 FIRST CALL TO USER FUNCTION AT NEW START POINT, WITH IFLAG=4.
 START MIGRAD MINIMIZATION.  STRATEGY  1.  CONVERGENCE WHEN EDM .LT. 1.00e-03
 FCN=153.654 FROM MIGRAD    STATUS=INITIATE        4 CALLS           5 TOTAL
                     EDM= unknown      STRATEGY= 1      NO ERROR MATRIX       
  EXT PARAMETER               CURRENT GUESS       STEP         FIRST   
  NO.   NAME      VALUE            ERROR          SIZE      DERIVATIVE 
   1  slope_Run2  -2.00000e+00   2.50000e-01   1.02263e-01   5.83214e+01
                               ERR DEF= 0.5
 MIGRAD MINIMIZATION HAS CONVERGED.
 MIGRAD WILL VERIFY CONVERGENCE AND ERROR MATRIX.
 COVARIANCE MATRIX CALCULATED SUCCESSFULLY
 FCN=151.145 FROM MIGRAD    STATUS=CONVERGED      21 CALLS          22 TOTAL
                     EDM=1.48451e-06    STRATEGY= 1      ERROR MATRIX ACCURATE 
  EXT PARAMETER                                   STEP         FIRST   
  NO.   NAME      VALUE            ERROR          SIZE      DERIVATIVE 
   1  slope_Run2  -2.26193e+00   1.50664e-01   5.01126e-04   2.01131e-02
                               ERR DEF= 0.5
 EXTERNAL ERROR MATRIX.    NDIM=  25    NPAR=  1    ERR DEF=0.5
  2.273e-02 
 **********
 **    7 **SET ERR         0.5
 **********
 **********
 **    8 **SET PRINT           1
 **********
 **********
 **    9 **HESSE         500
 **********
 COVARIANCE MATRIX CALCULATED SUCCESSFULLY
 FCN=151.145 FROM HESSE     STATUS=OK              5 CALLS          27 TOTAL
                     EDM=1.48357e-06    STRATEGY= 1      ERROR MATRIX ACCURATE 
  EXT PARAMETER                                INTERNAL      INTERNAL  
  NO.   NAME      VALUE            ERROR       STEP SIZE       VALUE   
   1  slope_Run2  -2.26193e+00   1.50664e-01   1.00225e-04   9.53706e-02
                               ERR DEF= 0.5
 EXTERNAL ERROR MATRIX.    NDIM=  25    NPAR=  1    ERR DEF=0.5
  2.273e-02 
RooDataHist::combData[sample,Lb_DTF_M_JpsiLConstr] = 750 bins (34617 weights)
Done importing combData and simPdf
**********Printing w after all imports***********

RooWorkspace(w) w contents

variables
---------
(Lb_DTF_M_JpsiLConstr,R,R_1405,R_1520,R_1600,a1_Run1,a1_Run2,a2_Run1,a2_Run2,eff_ratio1,eff_ratio2,eff_ratio_1405_1,eff_ratio_1405_2,eff_ratio_1520_1,eff_ratio_1520_2,eff_ratio_1600_1,eff_ratio_1600_2,geff_ratio1,geff_ratio2,geff_ratio_1405_1,geff_ratio_1405_2,geff_ratio_1520_1,geff_ratio_1520_2,geff_ratio_1600_1,geff_ratio_1600_2,gnXib1,gnXib2,gshift_Xib,lambda_Run1,lambda_Run2,mcnbkg_run1,mcnbkg_run2,mcnsig_run1,mcnsig_run2,mean_Run1,mean_Run2,miscLstMean_Run1,miscLstMean_Run2,miscLstSigma_Run1,miscLstSigma_Run2,nBkg_Run1,nBkg_Run2,nJpsiKs_Run1,nJpsiKs_Run2,nLb_Run1,nLb_Run2,nMiscLst_Run1,nMiscLst_Run2,nXib1,nXib2,nXib_JpsiLambda_Run1,nXib_JpsiLambda_Run2,sample,shift_Xib,sigma_Run1,sigma_Run2,slope_Run1,slope_Run2,tau_run1,tau_run2)

p.d.f.s
-------
RooExponential::Bkg_Run1[ x=Lb_DTF_M_JpsiLConstr c=Bkg_Run1_2 ] = 2.14265e-24
RooExponential::Bkg_Run2[ x=Lb_DTF_M_JpsiLConstr c=Bkg_Run2_2 ] = 1.12386e-13
RooKeysPdf::JPSIKS_RUN1[ x=Lb_DTF_M_JpsiLConstr ] = 0.00479246
RooKeysPdf::JPSIKS_RUN2[ x=Lb_DTF_M_JpsiLConstr ] = 0.00456161
RooKeysPdf::LST1405_Run1[ x=Lb_DTF_M_JpsiLConstr ] = 0.000186708
RooKeysPdf::LST1405_Run2[ x=Lb_DTF_M_JpsiLConstr ] = 0.000206916
RooKeysPdf::LST1520_Run1[ x=Lb_DTF_M_JpsiLConstr ] = 7.73741e-05
RooKeysPdf::LST1520_Run2[ x=Lb_DTF_M_JpsiLConstr ] = 8.72105e-05
RooKeysPdf::LST1600_Run1[ x=Lb_DTF_M_JpsiLConstr ] = 5.12759e-05
RooKeysPdf::LST1600_Run2[ x=Lb_DTF_M_JpsiLConstr ] = 6.1326e-05
RooHypatia2::Lb_Run1[ x=Lb_DTF_M_JpsiLConstr l=lambda_Run1 zeta=0 fb=0 sigma=sigma_Run1 mu=mean_Run1 a=a1_Run1 n=2 a2=a2_Run1 n2=2 ] = 0.000143247
RooHypatia2::Lb_Run2[ x=Lb_DTF_M_JpsiLConstr l=lambda_Run2 zeta=0 fb=0 sigma=sigma_Run2 mu=mean_Run2 a=a1_Run2 n=2 a2=a2_Run2 n2=2 ] = 0.000133306
RooKeysPdf::SIG_Run1[ x=Lb_DTF_M_JpsiLConstr ] = 0.00433677
RooKeysPdf::SIG_Run2[ x=Lb_DTF_M_JpsiLConstr ] = 0.00423459
RooKeysPdf::XIB_RUN1[ x=Lb_DTF_M_JpsiLConstr ] = 0.00210678
RooKeysPdf::XIB_RUN2[ x=Lb_DTF_M_JpsiLConstr ] = 0.00178139
RooHypatia2::Xib_Run1[ x=Lb_DTF_M_JpsiLConstr l=lambda_Run1 zeta=0 fb=0 sigma=sigma_Run1 mu=XibMean_Run1 a=a1_Run1 n=2 a2=a2_Run1 n2=2 ] = 3.26032e-05
RooHypatia2::Xib_Run2[ x=Lb_DTF_M_JpsiLConstr l=lambda_Run2 zeta=0 fb=0 sigma=sigma_Run2 mu=XibMean_Run2 a=a1_Run2 n=2 a2=a2_Run2 n2=2 ] = 2.9923e-05
RooGaussian::eff_ratio_1405_constraint1[ x=geff_ratio_1405_1 mean=eff_ratio_1405_1 sigma=0.007374 ] = 1
RooGaussian::eff_ratio_1405_constraint2[ x=geff_ratio_1405_2 mean=eff_ratio_1405_2 sigma=0.008556 ] = 1
RooGaussian::eff_ratio_1520_constraint1[ x=geff_ratio_1520_1 mean=eff_ratio_1520_1 sigma=0.006445 ] = 1
RooGaussian::eff_ratio_1520_constraint2[ x=geff_ratio_1520_2 mean=eff_ratio_1520_2 sigma=0.008798 ] = 1
RooGaussian::eff_ratio_1600_constraint1[ x=geff_ratio_1600_1 mean=eff_ratio_1600_1 sigma=0.005617 ] = 1
RooGaussian::eff_ratio_1600_constraint2[ x=geff_ratio_1600_2 mean=eff_ratio_1600_2 sigma=0.006468 ] = 1
RooGaussian::eff_ratio_constraint1[ x=geff_ratio1 mean=eff_ratio1 sigma=0.027415 ] = 1
RooGaussian::eff_ratio_constraint2[ x=geff_ratio2 mean=eff_ratio2 sigma=0.013393 ] = 1
RooGaussian::lstLump_Run1[ x=Lb_DTF_M_JpsiLConstr mean=miscLstMean_Run1 sigma=miscLstSigma_Run1 ] = 1.8585e-12
RooGaussian::lstLump_Run2[ x=Lb_DTF_M_JpsiLConstr mean=miscLstMean_Run2 sigma=miscLstSigma_Run2 ] = 1.8585e-12
RooAddPdf::mcFit_Run1[ mcnsig_run1 * Lb_Run1 + mcnbkg_run1 * mcbkg_Run1 ] = 0.000427277
RooAddPdf::mcFit_Run2[ mcnsig_run2 * Lb_Run2 + mcnbkg_run2 * mcbkg_Run2 ] = 0.000178162
RooExponential::mcbkg_Run1[ x=Lb_DTF_M_JpsiLConstr c=tau_run1 ] = 0.999951
RooExponential::mcbkg_Run2[ x=Lb_DTF_M_JpsiLConstr c=tau_run2 ] = 0.999455
RooAddPdf::model1[ nSigma1 * SIG_Run1 + nLb_Run1 * Lb_Run1 + nXib1 * XIB_RUN1 + n1405_Run1 * LST1405_Run1 + n1520_Run1 * LST1520_Run1 + n1600_Run1 * LST1600_Run1 + nMiscLst_Run1 * lstLump_Run1 + nBkg_Run1 * Bkg_Run1 + nXib_JpsiLambda_Run1 * Xib_Run1 + nJpsiKs_Run1 * JPSIKS_RUN1 ] = 0.000104914
RooAddPdf::model2[ nSigma2 * SIG_Run2 + nLb_Run2 * Lb_Run2 + nXib2 * XIB_RUN2 + n1405_Run2 * LST1405_Run2 + n1520_Run2 * LST1520_Run2 + n1600_Run2 * LST1600_Run2 + nMiscLst_Run2 * lstLump_Run2 + nBkg_Run2 * Bkg_Run2 + nXib_JpsiLambda_Run2 * Xib_Run2 + nJpsiKs_Run2 * JPSIKS_RUN2 ] = 0.000103806
RooProdPdf::model_const1[ model1 * eff_ratio_constraint1 * nXib_constraint1 * eff_ratio_1405_constraint1 * eff_ratio_1520_constraint1 * eff_ratio_1600_constraint1 * shift_Xib_constraint ] = 0.000104914
