************************
************************
************************
************************
************************
************************
************************
************************
************************
************************
Wed Aug 21 22:04:58 EDT 2019
-------------------------
Set LHCb Style - Feb 2012
-------------------------
inputFlag = 1
#######################################
Input file exists! Hurray!
Printing contents of w1 from input file

RooWorkspace(w1) w1 contents

variables
---------
(GB_WT,Lb_DTF_M_JpsiLConstr,sample,totWt,wt_tau)

p.d.f.s
-------
RooKeysPdf::JPSIKS_RUN1[ x=Lb_DTF_M_JpsiLConstr ] = 0.000311618
RooKeysPdf::JPSIKS_RUN2[ x=Lb_DTF_M_JpsiLConstr ] = 0.000311066
RooKeysPdf::LST1405_Run1[ x=Lb_DTF_M_JpsiLConstr ] = 0.00103299
RooKeysPdf::LST1405_Run2[ x=Lb_DTF_M_JpsiLConstr ] = 0.000982056
RooKeysPdf::LST1520_Run1[ x=Lb_DTF_M_JpsiLConstr ] = 0.000476342
RooKeysPdf::LST1520_Run2[ x=Lb_DTF_M_JpsiLConstr ] = 0.000490101
RooKeysPdf::LST1600_Run1[ x=Lb_DTF_M_JpsiLConstr ] = 0.000290174
RooKeysPdf::LST1600_Run2[ x=Lb_DTF_M_JpsiLConstr ] = 0.000255549
RooKeysPdf::SIG_Run1[ x=Lb_DTF_M_JpsiLConstr ] = 0.00387127
RooKeysPdf::SIG_Run2[ x=Lb_DTF_M_JpsiLConstr ] = 0.00426323
RooKeysPdf::XIB_RUN1[ x=Lb_DTF_M_JpsiLConstr ] = 0.00154973
RooKeysPdf::XIB_RUN2[ x=Lb_DTF_M_JpsiLConstr ] = 0.0018241

datasets
--------
RooDataSet::ds_sig_Run1(Lb_DTF_M_JpsiLConstr,GB_WT,wt_tau,totWt)
RooDataSet::ds_sig_wt_Run1(Lb_DTF_M_JpsiLConstr)
RooDataSet::ds_sig_Run2(Lb_DTF_M_JpsiLConstr,GB_WT,wt_tau,totWt)
RooDataSet::ds_sig_wt_Run2(Lb_DTF_M_JpsiLConstr)
RooDataSet::ds_1405_Run1(Lb_DTF_M_JpsiLConstr)
RooDataSet::ds_1405_Run2(Lb_DTF_M_JpsiLConstr)
RooDataSet::ds_1520_Run1(Lb_DTF_M_JpsiLConstr)
RooDataSet::ds_1520_Run2(Lb_DTF_M_JpsiLConstr)
RooDataSet::ds_1600_Run1(Lb_DTF_M_JpsiLConstr)
RooDataSet::ds_1600_Run2(Lb_DTF_M_JpsiLConstr)
RooDataSet::ds_xi_Run1(Lb_DTF_M_JpsiLConstr,GB_WT)
RooDataSet::ds_xi_wt_Run1(Lb_DTF_M_JpsiLConstr)
RooDataSet::ds_xi_Run2(Lb_DTF_M_JpsiLConstr,GB_WT)
RooDataSet::ds_xi_wt_Run2(Lb_DTF_M_JpsiLConstr)
RooDataSet::ds_jpsiks_Run1(Lb_DTF_M_JpsiLConstr)
RooDataSet::ds_jpsiks_Run2(Lb_DTF_M_JpsiLConstr)
RooDataHist::ds1(Lb_DTF_M_JpsiLConstr)
RooDataHist::ds2(Lb_DTF_M_JpsiLConstr)
RooDataHist::combData(sample,Lb_DTF_M_JpsiLConstr)

#######################################
[#1] INFO:Eval -- RooRealVar::setRange(Lb_DTF_M_JpsiLConstr) new range named 'signal_window' created with bounds [5365,5600]
[#1] INFO:Eval -- RooRealVar::setRange(Lb_DTF_M_JpsiLConstr) new range named 'sideband_window' created with bounds [5800,6100]
[#1] INFO:Eval -- RooRealVar::setRange(Lb_DTF_M_JpsiLConstr) new range named 'simFit_window' created with bounds [5500,5740]
@@@@@@@@@@@@@@@@@@@@@@@@@@@@@@@@@@@@@@@
Get Xib Normalization
@@@@@@@@@@@@@@@@@@@@@@@@@@@@@@@@@@@@@@@
xibYield = 36.361+/-7.75666+/-3.27249
UNWEIGHTED Xib->JpsiXi Eff = 0.0631 % +/- 0.0014 %
WEIGHTED Xib->JpsiXi Eff = 0.0728 % +/- 0.0015 %
UNWEIGHTED Xib->JpsiLambda Eff = 0.0150 % +/-0.0007 %
WEIGHTED Xib->JpsiLambda Eff = 0.0207 % +/-0.0008 %
UNWEIGTED Norm = 16.5446091019+/-3.5293558383+/-1.9796733064
WEIGHTED Norm = 19.868236384+/-4.23836402823+/-2.33800676932
BREAKUP OF SYSTEMATICS:
Overall Syst     = 11.7675606638%
*Tracking        = 5.0%
*Xi Vtx          = 1.4%
*Xib Yield       = 9.0%
*Xib->JpsiL eff  = 3.90105270314%
*Xib->JpsiXi eff = 2.08057811171%
*tauXib-/tauXib0 = 3.3118675253%
************************************************
The UNWEIGHTED LL Xib normalization for Run 1 is 16.5446 +/- 3.52936 +/- 1.97967
The WEIGHTED LL Xib normalization for Run 1 is 19.8682 +/- 4.23836 +/- 2.33801
************************************************
xibYield = 173.281+/-16.4207+/-10.39686
UNWEIGHTED Xib->JpsiXi Eff = 0.0650 % +/- 0.0014 %
WEIGHTED Xib->JpsiXi Eff = 0.0725 % +/- 0.0015 %
UNWEIGHTED Xib->JpsiLambda Eff = 0.0246 % +/-0.0008 %
WEIGHTED Xib->JpsiLambda Eff = 0.0309 % +/-0.0010 %
UNWEIGTED Norm = 125.979819094+/-11.9382783767+/-11.9584127109
WEIGHTED Norm = 142.000980716+/-13.4564984276+/-13.3327854362
BREAKUP OF SYSTEMATICS:
Overall Syst     = 9.38922067231%
*Tracking        = 5.0%
*Xi Vtx          = 1.4%
*Xib Yield       = 6.0%
*Xib->JpsiL eff  = 3.13304029323%
*Xib->JpsiXi eff = 2.10072769515%
*tauXib-/tauXib0 = 3.3118675253%
************************************************
The UNWEIGHTED LL Xib normalization for Run 2 is 125.98 +/- 11.9383 +/- 11.9584
The WEIGHTED LL Xib normalization for Run 2 is 142.001 +/- 13.4565 +/- 13.3328
************************************************
@@@@@@@@@@@@@@@@@@@@@@@@@@@@@@@@@@@@@@@
Get Lb -> J/psi Lambda efficiency
@@@@@@@@@@@@@@@@@@@@@@@@@@@@@@@@@@@@@@@
************************************************
Run 1 UNWEIGHTED Jpsi Lambda Eff = 0.105953 % +/- 0.00128051 %
Run 1 WEIGHTED Jpsi Lambda Eff = 0.125108 % +/- 0.00145586 %
************************************************
************************************************
Run 2 UNWEIGHTED Jpsi Lambda Eff = 0.127635 % +/- 0.000880783 %
Run 2 WEIGHTED Jpsi Lambda Eff = 0.126637 % +/- 0.000917578 %
************************************************
@@@@@@@@@@@@@@@@@@@@@@@@@@@@@@@@@@@@@@@
Get Lb -> J/psi Sigma efficiency and shape
@@@@@@@@@@@@@@@@@@@@@@@@@@@@@@@@@@@@@@@
************************************************
Run 1 UNWEIGHTED Jpsi Sigma Eff = 0.087279 % +/- 0.00175952 %
Run 1 WEIGHTED Jpsi Sigma Eff = 0.103321 % +/- 0.00202565 %
************************************************
***************************************
Run 1 UNWEIGHTED Lambda/Sigma efficiency ratio = 1.21396 +/- 0.0285339
Run 1 WEIGHTED Lambda/Sigma efficiency ratio   = 1.21087 +/- 0.0276064
***************************************
Done importing Jpsi Sigma shape
************************************************
Run 2 UNWEIGHTED Jpsi Sigma Eff = 0.119244 % +/- 0.00110028 %
Run 2 WEIGHTED Jpsi Sigma Eff = 0.12087 % +/- 0.00117949 %
************************************************
***************************************
Run 2 UNWEIGHTED Lambda/Sigma efficiency ratio = 1.07037 +/- 0.012333
Run 2 WEIGHTED Lambda/Sigma efficiency ratio   = 1.04772 +/- 0.0127343
***************************************
Done importing Jpsi Sigma shape
@@@@@@@@@@@@@@@@@@@@@@@@@@@@@@@@@@@@@@@
Get Lb -> J/psi Lst(1405) efficiency and shape
@@@@@@@@@@@@@@@@@@@@@@@@@@@@@@@@@@@@@@@
************************************************
Run 1 UNWEIGHTED Jpsi /(1405) Eff = 0.0672957 % +/- 0.000525485 %
Run 1 WEIGHTED Jpsi /(1405) Eff = 0.0681461 % +/- 0.000521163 %
************************************************
***************************************
Run 1 UNWEIGHTED /(1405)/Lambda efficiency ratio = 0.537901 +/- 0.00753809
Run 1 WEIGHTED /(1405)/Lambda efficiency ratio   = 0.544698 +/- 0.00758488
***************************************
Done importing Jpsi Lst(1405) shape
************************************************
Run 2 UNWEIGHTED Jpsi /(1405) Eff = 0.0851072 % +/- 0.00096622 %
Run 2 WEIGHTED Jpsi /(1405) Eff = 0.0854958 % +/- 0.000966859 %
************************************************
***************************************
Run 2 UNWEIGHTED /(1405)/Lambda efficiency ratio = 0.672056 +/- 0.00905135
Run 2 WEIGHTED /(1405)/Lambda efficiency ratio   = 0.675125 +/- 0.00906758
***************************************
Done importing Jpsi Lst(1405) shape
************************************************
Run 1 UNWEIGHTED Jpsi /(1520) Eff = 0.0569939 % +/- 0.000491329 %
Run 1 WEIGHTED Jpsi /(1520) Eff = 0.0576952 % +/- 0.000487089 %
************************************************
***************************************
Run 1 UNWEIGHTED /(1520)/Lambda efficiency ratio = 0.455557 +/- 0.00659744
Run 1 WEIGHTED /(1520)/Lambda efficiency ratio   = 0.461162 +/- 0.00663002
***************************************
Done importing Jpsi Lst(1520) shape
************************************************
Run 2 UNWEIGHTED Jpsi /(1520) Eff = 0.0720842 % +/- 0.00108508 %
Run 2 WEIGHTED Jpsi /(1520) Eff = 0.0723754 % +/- 0.00108654 %
************************************************
***************************************
Run 2 UNWEIGHTED /(1520)/Lambda efficiency ratio = 0.569219 +/- 0.00950944
Run 2 WEIGHTED /(1520)/Lambda efficiency ratio   = 0.571519 +/- 0.00952701
***************************************
Done importing Jpsi Lst(1520) shape
************************************************
Run 1 UNWEIGHTED Jpsi /(1600) Eff = 0.0497928 % +/- 0.000437439 %
Run 1 WEIGHTED Jpsi /(1600) Eff = 0.0504067 % +/- 0.000433591 %
************************************************
***************************************
Run 1 UNWEIGHTED /(1600)/Lambda efficiency ratio = 0.397998 +/- 0.00580307
Run 1 WEIGHTED /(1600)/Lambda efficiency ratio   = 0.402905 +/- 0.00583041
***************************************
Done importing Jpsi Lst(1600) shape
************************************************
Run 2 UNWEIGHTED Jpsi /(1600) Eff = 0.0622736 % +/- 0.000761971 %
Run 2 WEIGHTED Jpsi /(1600) Eff = 0.0625194 % +/- 0.000761432 %
************************************************
***************************************
Run 2 UNWEIGHTED /(1600)/Lambda efficiency ratio = 0.491749 +/- 0.00699282
Run 2 WEIGHTED /(1600)/Lambda efficiency ratio   = 0.49369 +/- 0.00699634
***************************************
Done importing Jpsi Lst(1600) shape
***************************************
Get J/psi Xi shape from MC
***************************************
Done importing Xib shape
Done importing Xib shape
***************************************
Get J/psi Ks shape from MC
***************************************
Done importing Xib shape
Done defining J/psi Lambda Hypatia shapes
*****UING EXPONENTIAL BKG SHAPE*****
Done defining cont. bkg exp. shapes
Done defining Misc Lambda* Gaussian shapes
RooDataSet::ds_sim1[Lb_DTF_M_JpsiLConstr,GB_WT,wt_tau] = 7692 entries
RooDataSet::ds_sim_wt1[Lb_DTF_M_JpsiLConstr,weight:totWt] = 7692 entries (8391.04 weighted)
mcNentries = 8391.04
RooDataSet::ds_sim2[Lb_DTF_M_JpsiLConstr,GB_WT,wt_tau] = 27266 entries
RooDataSet::ds_sim_wt2[Lb_DTF_M_JpsiLConstr,weight:totWt] = 27266 entries (24052.6 weighted)
mcNentries = 24052.6
reduceEng varSubset = (Lb_DTF_M_JpsiLConstr) _wgtVar = totWt
 **********
 **    1 **SET PRINT           1
 **********
 **********
 **    2 **SET NOGRAD
 **********
 PARAMETER DEFINITIONS:
    NO.   NAME         VALUE      STEP SIZE      LIMITS
     1 alpha1_Run1   1.02800e+00  5.00000e-02    8.00000e-01  1.30000e+00
     2 alpha2_Run1  -1.09700e+00  7.00000e-02   -1.40000e+00 -7.00000e-01
     3 mcnbkg_run1   4.19602e+03  8.39004e+02    1.00000e+00  8.39104e+03
     4 mcnsig_run1   8.38604e+03  2.50000e+00    4.19552e+03  8.39104e+03
     5 mean_Run1    5.61960e+03  2.00000e-01    5.61900e+03  5.62100e+03
     6 sigma_Run1   1.00000e+01  2.00000e+00    0.00000e+00  2.00000e+01
     7 tau_run1    -1.00000e-07  4.95000e-08   -1.00000e-05 -1.00000e-09
 **********
 **    3 **SET ERR         0.5
 **********
 **********
 **    4 **SET PRINT           1
 **********
 **********
 **    5 **SET STR           2
 **********
 NOW USING STRATEGY  2: MAKE SURE MINIMUM TRUE, ERRORS CORRECT  
 **********
 **    6 **MIGRAD        3500           1
 **********
 FIRST CALL TO USER FUNCTION AT NEW START POINT, WITH IFLAG=4.
 START MIGRAD MINIMIZATION.  STRATEGY  2.  CONVERGENCE WHEN EDM .LT. 1.00e-03
 MINUIT WARNING IN HESSE   
 ============== Negative diagonal element 4 in Error Matrix
 MINUIT WARNING IN HESSE   
 ============== 182.287 added to diagonal of error matrix
 COVARIANCE MATRIX CALCULATED SUCCESSFULLY
 FCN=-33133.9 FROM HESSE     STATUS=OK             70 CALLS          71 TOTAL
                     EDM=32149.4    STRATEGY= 2      ERROR MATRIX ACCURATE 
  EXT PARAMETER                                   STEP         FIRST   
  NO.   NAME      VALUE            ERROR          SIZE      DERIVATIVE 
   1  alpha1_Run1   1.02800e+00   1.52454e-02   4.13485e-01  -1.78593e+02
   2  alpha2_Run1  -1.09700e+00   1.78997e-02   2.79182e-01   2.07773e+02
   3  mcnbkg_run1   4.19602e+03   2.78907e+02   3.05564e-01   3.41256e+03
   4  mcnsig_run1   8.38604e+03   2.88225e+03   2.93491e-01   1.34223e+01
   5  mean_Run1    5.61960e+03   6.11669e-02   5.00000e-01  -1.54124e+01
   6  sigma_Run1   1.00000e+01   2.12470e-01   8.75330e-02   3.47774e+03
   7  tau_run1    -1.00000e-07   7.32586e-08   5.00000e-01  -2.24530e-04
                               ERR DEF= 0.5
 MIGRAD MINIMIZATION HAS CONVERGED.
 MIGRAD WILL VERIFY CONVERGENCE AND ERROR MATRIX.
 COVARIANCE MATRIX CALCULATED SUCCESSFULLY
 FCN=-36949.2 FROM MIGRAD    STATUS=CONVERGED     401 CALLS         402 TOTAL
                     EDM=0.000179446    STRATEGY= 2      ERROR MATRIX ACCURATE 
  EXT PARAMETER                                   STEP         FIRST   
  NO.   NAME      VALUE            ERROR          SIZE      DERIVATIVE 
   1  alpha1_Run1   1.11665e+00   4.49171e-02   1.72666e-02   2.19020e-03
   2  alpha2_Run1  -1.15030e+00   4.76377e-02   1.29533e-02   2.79724e-02
   3  mcnbkg_run1   5.96872e+01   1.23404e+01   2.16268e-03   3.19114e-01
   4  mcnsig_run1   8.33181e+03   9.13731e+01   2.35817e-02  -2.87334e-02
   5  mean_Run1    5.61986e+03   1.00494e-01   1.19228e-02  -1.91638e-02
   6  sigma_Run1   6.99027e+00   1.15310e-01   9.83854e-04   8.03368e-02
   7  tau_run1    -9.98928e-08   9.59798e-06   5.00000e-01  -4.12723e-04
                               ERR DEF= 0.5
 EXTERNAL ERROR MATRIX.    NDIM=  25    NPAR=  7    ERR DEF=0.5
  2.041e-03 -8.229e-04 -1.680e-01  1.763e-01 -1.152e-03  3.346e-03  3.934e-10 
 -8.229e-04  2.285e-03  1.574e-01 -1.651e-01 -1.287e-03 -3.629e-03  2.672e-10 
 -1.680e-01  1.574e-01  1.523e+02 -9.725e+01  1.131e-02 -2.374e-01 -4.481e-08 
  1.763e-01 -1.651e-01 -9.725e+01  8.446e+03 -1.191e-02  2.488e-01  4.711e-08 
 -1.152e-03 -1.287e-03  1.131e-02 -1.191e-02  1.013e-02  1.326e-04 -4.846e-10 
  3.346e-03 -3.629e-03 -2.374e-01  2.488e-01  1.326e-04  1.330e-02  8.074e-11 
  3.934e-10  2.672e-10 -4.481e-08  4.711e-08 -4.846e-10  8.074e-11  4.881e-10 
 PARAMETER  CORRELATION COEFFICIENTS  
       NO.  GLOBAL      1      2      3      4      5      6      7
        1  0.71993   1.000 -0.381 -0.301  0.042 -0.253  0.642  0.000
        2  0.72624  -0.381  1.000  0.267 -0.038 -0.267 -0.658  0.000
        3  0.38491  -0.301  0.267  1.000 -0.086  0.009 -0.167 -0.000
        4  0.08867   0.042 -0.038 -0.086  1.000 -0.001  0.023  0.000
        5  0.46807  -0.253 -0.267  0.009 -0.001  1.000  0.011 -0.000
        6  0.79000   0.642 -0.658 -0.167  0.023  0.011  1.000  0.000
        7  0.00060   0.000  0.000 -0.000  0.000 -0.000  0.000  1.000
 **********
 **    7 **SET ERR         0.5
 **********
 **********
 **    8 **SET PRINT           1
 **********
 **********
 **    9 **HESSE        3500
 **********
 COVARIANCE MATRIX CALCULATED SUCCESSFULLY
 FCN=-36949.2 FROM HESSE     STATUS=OK             50 CALLS         452 TOTAL
                     EDM=0.000177652    STRATEGY= 2      ERROR MATRIX ACCURATE 
  EXT PARAMETER                                INTERNAL      INTERNAL  
  NO.   NAME      VALUE            ERROR       STEP SIZE       VALUE   
   1  alpha1_Run1   1.11665e+00   4.51401e-02   1.38133e-04   2.69846e-01
   2  alpha2_Run1  -1.15030e+00   4.75607e-02   5.18134e-04  -2.90650e-01
   3  mcnbkg_run1   5.96872e+01   1.23334e+01   4.32536e-04  -1.73826e+00
   4  mcnsig_run1   8.33181e+03   9.14469e+01   9.43267e-04  -1.70406e+01
   5  mean_Run1    5.61986e+03   1.00467e-01   4.76911e-04  -1.37983e-01
   6  sigma_Run1   6.99027e+00   1.15653e-01   3.93542e-05  -3.05713e-01
   7  tau_run1    -9.98928e-08   9.82586e-06   1.00000e-01   1.37157e+00
                               ERR DEF= 0.5
 EXTERNAL ERROR MATRIX.    NDIM=  25    NPAR=  7    ERR DEF=0.5
  2.062e-03 -8.310e-04 -1.687e-01  1.697e-01 -1.176e-03  3.395e-03 -1.159e-09 
 -8.310e-04  2.277e-03  1.565e-01 -1.574e-01 -1.258e-03 -3.631e-03 -7.571e-10 
 -1.687e-01  1.565e-01  1.521e+02 -9.301e+01  1.413e-02 -2.383e-01  1.320e-07 
  1.697e-01 -1.574e-01 -9.301e+01  8.459e+03 -1.422e-02  2.396e-01 -1.324e-07 
 -1.176e-03 -1.258e-03  1.413e-02 -1.422e-02  1.013e-02  4.979e-05  1.408e-09 
  3.395e-03 -3.631e-03 -2.383e-01  2.396e-01  4.979e-05  1.338e-02 -2.870e-10 
 -1.159e-09 -7.571e-10  1.320e-07 -1.324e-07  1.408e-09 -2.870e-10  4.785e-10 
 PARAMETER  CORRELATION COEFFICIENTS  
       NO.  GLOBAL      1      2      3      4      5      6      7
        1  0.72322   1.000 -0.383 -0.301  0.041 -0.257  0.647 -0.001
        2  0.72529  -0.383  1.000  0.266 -0.036 -0.262 -0.658 -0.001
        3  0.38366  -0.301  0.266  1.000 -0.082  0.011 -0.167  0.000
        4  0.08479   0.041 -0.036 -0.082  1.000 -0.002  0.023 -0.000
        5  0.46769  -0.257 -0.262  0.011 -0.002  1.000  0.004  0.001
        6  0.79141   0.647 -0.658 -0.167  0.023  0.004  1.000 -0.000
        7  0.00177  -0.001 -0.001  0.000 -0.000  0.001 -0.000  1.000
 **********
 **   10 **SET ERR         0.5
 **********
 **********
 **   11 **SET PRINT           1
 **********
 **********
 **   12 **HESSE        3500
 **********
 COVARIANCE MATRIX CALCULATED SUCCESSFULLY
 FCN=-51806.2 FROM HESSE     STATUS=OK             66 CALLS         518 TOTAL
                     EDM=1.34903    STRATEGY= 2      ERROR MATRIX ACCURATE 
  EXT PARAMETER                                INTERNAL      INTERNAL  
  NO.   NAME      VALUE            ERROR       STEP SIZE       VALUE   
   1  alpha1_Run1   1.11665e+00   4.07952e-02   2.81790e-03   2.69846e-01
   2  alpha2_Run1  -1.15030e+00   4.05383e-02   1.05699e-02  -2.90650e-01
   3  mcnbkg_run1   5.96872e+01   1.05668e+01   8.82373e-03  -1.73826e+00
   4  mcnsig_run1   8.33181e+03   7.79553e+01   1.92427e-02  -1.70406e+01
   5  mean_Run1    5.61986e+03   8.53009e-02   9.72899e-03  -1.37983e-01
   6  sigma_Run1   6.99027e+00   1.00060e-01   8.02825e-04  -3.05713e-01
   7  tau_run1    -9.98928e-08   8.22856e-06   5.00000e-01   1.37157e+00
                               ERR DEF= 0.5
 EXTERNAL ERROR MATRIX.    NDIM=  25    NPAR=  7    ERR DEF=0.5
  1.680e-03 -6.811e-04 -1.471e-01  1.573e-01 -9.829e-04  2.765e-03  1.957e-10 
 -6.811e-04  1.651e-03  1.250e-01 -1.333e-01 -8.172e-04 -2.695e-03  9.787e-11 
 -1.471e-01  1.250e-01  1.117e+02 -7.490e+01  2.428e-02 -2.113e-01 -2.375e-08 
  1.573e-01 -1.333e-01 -7.490e+01  6.128e+03 -2.623e-02  2.253e-01  2.573e-08 
 -9.829e-04 -8.172e-04  2.428e-02 -2.623e-02  7.294e-03 -2.669e-04 -2.204e-10 
  2.765e-03 -2.695e-03 -2.113e-01  2.253e-01 -2.669e-04  1.001e-02  8.801e-11 
  1.957e-10  9.787e-11 -2.375e-08  2.573e-08 -2.204e-10  8.801e-11  1.989e-10 
 PARAMETER  CORRELATION COEFFICIENTS  
       NO.  GLOBAL      1      2      3      4      5      6      7
        1  0.75072   1.000 -0.409 -0.340  0.049 -0.281  0.674  0.000
        2  0.73017  -0.409  1.000  0.291 -0.042 -0.235 -0.663  0.000
        3  0.41809  -0.340  0.291  1.000 -0.091  0.027 -0.200 -0.000
        4  0.09377   0.049 -0.042 -0.091  1.000 -0.004  0.029  0.000
        5  0.47558  -0.281 -0.235  0.027 -0.004  1.000 -0.031 -0.000
        6  0.80382   0.674 -0.663 -0.200  0.029 -0.031  1.000  0.000
        7  0.00049   0.000  0.000 -0.000  0.000 -0.000  0.000  1.000
reduceEng varSubset = (Lb_DTF_M_JpsiLConstr) _wgtVar = totWt
 **********
 **   13 **SET PRINT           1
 **********
 **********
 **   14 **SET NOGRAD
 **********
 PARAMETER DEFINITIONS:
    NO.   NAME         VALUE      STEP SIZE      LIMITS
     1 alpha1_Run2   1.02800e+00  5.00000e-02    8.00000e-01  1.30000e+00
     2 alpha2_Run2  -1.09700e+00  7.00000e-02   -1.40000e+00 -7.00000e-01
     3 mcnbkg_run2   1.20268e+04  2.40516e+03    1.00000e+00  2.40526e+04
     4 mcnsig_run2   2.40476e+04  2.50000e+00    1.20263e+04  2.40526e+04
     5 mean_Run2    5.61960e+03  2.00000e-01    5.61900e+03  5.62100e+03
     6 sigma_Run2   1.00000e+01  2.00000e+00    0.00000e+00  2.00000e+01
     7 tau_run2    -1.00000e-07  4.95000e-08   -1.00000e-05 -1.00000e-09
 **********
 **   15 **SET ERR         0.5
 **********
 **********
 **   16 **SET PRINT           1
 **********
 **********
 **   17 **SET STR           2
 **********
 NOW USING STRATEGY  2: MAKE SURE MINIMUM TRUE, ERRORS CORRECT  
 **********
 **   18 **MIGRAD        3500           1
 **********
 FIRST CALL TO USER FUNCTION AT NEW START POINT, WITH IFLAG=4.
 START MIGRAD MINIMIZATION.  STRATEGY  2.  CONVERGENCE WHEN EDM .LT. 1.00e-03
 MINUIT WARNING IN HESSE   
 ============== Negative diagonal element 4 in Error Matrix
 MINUIT WARNING IN HESSE   
 ============== Negative diagonal element 7 in Error Matrix
 MINUIT WARNING IN HESSE   
 ============== 577.386 added to diagonal of error matrix
 COVARIANCE MATRIX CALCULATED SUCCESSFULLY
 FCN=-119710 FROM HESSE     STATUS=OK             68 CALLS          69 TOTAL
                     EDM=50770.4    STRATEGY= 2      ERROR MATRIX ACCURATE 
  EXT PARAMETER                                   STEP         FIRST   
  NO.   NAME      VALUE            ERROR          SIZE      DERIVATIVE 
   1  alpha1_Run2   1.02800e+00   8.75340e-03   4.69669e-01  -4.91781e+02
   2  alpha2_Run2  -1.09700e+00   1.05109e-02   3.22596e-01   5.54585e+02
   3  mcnbkg_run2   1.20268e+04   3.66241e+02   3.29326e-01   9.68899e+03
   4  mcnsig_run2   2.40476e+04   7.53390e+03   1.07679e-01   2.37726e+01
   5  mean_Run2    5.61960e+03   3.52840e-02   5.00000e-01  -8.66607e+01
   6  sigma_Run2   1.00000e+01   1.16309e-01   9.08462e-02   9.21395e+03
   7  tau_run2    -1.00000e-07   4.11886e-08   5.00000e-01   7.85090e-05
                               ERR DEF= 0.5
 MIGRAD MINIMIZATION HAS CONVERGED.
 MIGRAD WILL VERIFY CONVERGENCE AND ERROR MATRIX.
 MINUIT WARNING IN HESSE   
 ============== Negative diagonal element 7 in Error Matrix
 MINUIT WARNING IN HESSE   
 ============== 1.00259 added to diagonal of error matrix
 COVARIANCE MATRIX CALCULATED SUCCESSFULLY
 FCN=-130180 FROM MIGRAD    STATUS=CONVERGED     336 CALLS         337 TOTAL
                     EDM=0.000119637    STRATEGY= 2      ERROR MATRIX ACCURATE 
  EXT PARAMETER                                   STEP         FIRST   
  NO.   NAME      VALUE            ERROR          SIZE      DERIVATIVE 
   1  alpha1_Run2   1.01675e+00   2.31368e-02   1.55472e-02  -4.08963e-03
   2  alpha2_Run2  -1.05262e+00   2.43064e-02   1.15967e-02  -1.07213e-02
   3  mcnbkg_run2   1.05639e+02   1.80143e+01   2.63890e-03   5.83871e-03
   4  mcnsig_run2   2.39486e+04   1.53360e+02   3.46286e-02   7.70873e-02
   5  mean_Run2    5.62014e+03   6.18329e-02   1.37367e-02   2.35892e-02
   6  sigma_Run2   7.03766e+00   7.46178e-02   1.12835e-03   1.98419e-01
   7  tau_run2    -1.00018e-07   2.25274e-06   5.00000e-01   5.33709e-04
                               ERR DEF= 0.5
 EXTERNAL ERROR MATRIX.    NDIM=  25    NPAR=  7    ERR DEF=0.5
  5.369e-04 -2.342e-04 -1.131e-01 -1.003e-01 -3.836e-04  1.177e-03  4.491e-13 
 -2.342e-04  5.918e-04  1.171e-01  1.038e-01 -3.686e-04 -1.233e-03  4.002e-13 
 -1.131e-01  1.171e-01  3.245e+02  1.942e+02  5.518e-03 -2.141e-01 -7.021e-11 
 -1.003e-01  1.038e-01  1.942e+02  2.367e+04  4.895e-03 -1.898e-01 -6.222e-11 
 -3.836e-04 -3.686e-04  5.518e-03  4.895e-03  3.828e-03 -6.897e-05 -7.912e-13 
  1.177e-03 -1.233e-03 -2.141e-01 -1.898e-01 -6.897e-05  5.568e-03  6.293e-14 
  4.491e-13  4.002e-13 -7.021e-11 -6.222e-11 -7.912e-13  6.293e-14  9.803e-13 
 PARAMETER  CORRELATION COEFFICIENTS  
       NO.  GLOBAL      1      2      3      4      5      6      7
        1  0.74607   1.000 -0.415 -0.271 -0.028 -0.268  0.681  0.000
        2  0.74326  -0.415  1.000  0.267  0.028 -0.245 -0.679  0.000
        3  0.36582  -0.271  0.267  1.000  0.070  0.005 -0.159 -0.000
        4  0.07129  -0.028  0.028  0.070  1.000  0.001 -0.017 -0.000
        5  0.47423  -0.268 -0.245  0.005  0.001  1.000 -0.015 -0.000
        6  0.81487   0.681 -0.679 -0.159 -0.017 -0.015  1.000  0.000
        7  0.00003   0.000  0.000 -0.000 -0.000 -0.000  0.000  1.000
 **********
 **   19 **SET ERR         0.5
 **********
 **********
 **   20 **SET PRINT           1
 **********
 **********
 **   21 **HESSE        3500
 **********
 MINUIT WARNING IN HESSE   
 ============== Negative diagonal element 7 in Error Matrix
 MINUIT WARNING IN HESSE   
 ============== 1.00264 added to diagonal of error matrix
 COVARIANCE MATRIX CALCULATED SUCCESSFULLY
 FCN=-130180 FROM HESSE     STATUS=OK             50 CALLS         387 TOTAL
                     EDM=0.00012067    STRATEGY= 2      ERROR MATRIX ACCURATE 
  EXT PARAMETER                                INTERNAL      INTERNAL  
  NO.   NAME      VALUE            ERROR       STEP SIZE       VALUE   
   1  alpha1_Run2   1.01675e+00   2.32010e-02   6.21889e-04  -1.33409e-01
   2  alpha2_Run2  -1.05262e+00   2.43234e-02   4.63869e-04  -7.47559e-03
   3  mcnbkg_run2   1.05639e+02   1.80155e+01   2.11112e-05  -1.70281e+00
   4  mcnsig_run2   2.39486e+04   1.54077e+02   2.77029e-04  -4.89863e+00
   5  mean_Run2    5.62014e+03   6.18461e-02   5.49468e-04   1.42319e-01
   6  sigma_Run2   7.03766e+00   7.48178e-02   4.51340e-05  -3.00747e-01
   7  tau_run2    -1.00018e-07   2.25274e-06   1.00000e-01   1.37144e+00
                               ERR DEF= 0.5
 EXTERNAL ERROR MATRIX.    NDIM=  25    NPAR=  7    ERR DEF=0.5
  5.399e-04 -2.360e-04 -1.130e-01 -1.116e-01 -3.873e-04  1.187e-03 -1.337e-12 
 -2.360e-04  5.926e-04  1.170e-01  1.156e-01 -3.656e-04 -1.238e-03 -1.185e-12 
 -1.130e-01  1.170e-01  3.246e+02  2.163e+02  5.841e-03 -2.141e-01  2.069e-10 
 -1.116e-01  1.156e-01  2.163e+02  2.389e+04  5.770e-03 -2.115e-01  1.888e-10 
 -3.873e-04 -3.656e-04  5.841e-03  5.770e-03  3.830e-03 -8.406e-05  2.351e-12 
  1.187e-03 -1.238e-03 -2.141e-01 -2.115e-01 -8.406e-05  5.598e-03 -2.037e-13 
 -1.337e-12 -1.185e-12  2.069e-10  1.888e-10  2.351e-12 -2.037e-13  9.803e-13 
 PARAMETER  CORRELATION COEFFICIENTS  
       NO.  GLOBAL      1      2      3      4      5      6      7
        1  0.74766   1.000 -0.417 -0.270 -0.031 -0.269  0.683 -0.000
        2  0.74370  -0.417  1.000  0.267  0.031 -0.243 -0.680 -0.000
        3  0.36601  -0.270  0.267  1.000  0.078  0.005 -0.159  0.000
        4  0.07901  -0.031  0.031  0.078  1.000  0.001 -0.018  0.000
        5  0.47461  -0.269 -0.243  0.005  0.001  1.000 -0.018  0.000
        6  0.81596   0.683 -0.680 -0.159 -0.018 -0.018  1.000 -0.000
        7  0.00010  -0.000 -0.000  0.000  0.000  0.000 -0.000  1.000
 **********
 **   22 **SET ERR         0.5
 **********
 **********
 **   23 **SET PRINT           1
 **********
 **********
 **   24 **HESSE        3500
 **********
 MINUIT WARNING IN HESSE   
 ============== Negative diagonal element 7 in Error Matrix
 MINUIT WARNING IN HESSE   
 ============== 1.00327 added to diagonal of error matrix
 COVARIANCE MATRIX CALCULATED SUCCESSFULLY
 FCN=-152241 FROM HESSE     STATUS=OK             64 CALLS         451 TOTAL
                     EDM=5.13691    STRATEGY= 2      ERROR MATRIX ACCURATE 
  EXT PARAMETER                                INTERNAL      INTERNAL  
  NO.   NAME      VALUE            ERROR       STEP SIZE       VALUE   
   1  alpha1_Run2   1.01675e+00   2.17279e-02   1.26865e-02  -1.33409e-01
   2  alpha2_Run2  -1.05262e+00   2.32032e-02   9.46293e-03  -7.47559e-03
   3  mcnbkg_run2   1.05639e+02   1.68285e+01   4.30668e-04  -1.70281e+00
   4  mcnsig_run2   2.39486e+04   1.46311e+02   5.65139e-03  -4.89863e+00
   5  mean_Run2    5.62014e+03   5.72533e-02   1.12091e-02   1.42319e-01
   6  sigma_Run2   7.03766e+00   6.98856e-02   9.20733e-04  -3.00747e-01
   7  tau_run2    -1.00018e-07   2.25274e-06   5.00000e-01   1.37144e+00
                               ERR DEF= 0.5
 EXTERNAL ERROR MATRIX.    NDIM=  25    NPAR=  7    ERR DEF=0.5
  4.733e-04 -2.189e-04 -1.105e-01 -1.188e-01 -3.225e-04  1.042e-03  4.726e-13 
 -2.189e-04  5.392e-04  1.199e-01  1.289e-01 -3.310e-04 -1.120e-03  4.970e-13 
 -1.105e-01  1.199e-01  2.832e+02  2.119e+02 -3.770e-04 -2.200e-01 -2.474e-11 
 -1.188e-01  1.289e-01  2.119e+02  2.153e+04 -4.058e-04 -2.365e-01 -2.677e-11 
 -3.225e-04 -3.310e-04 -3.770e-04 -4.058e-04  3.282e-03 -2.214e-05 -9.082e-13 
  1.042e-03 -1.120e-03 -2.200e-01 -2.365e-01 -2.214e-05  4.884e-03 -2.455e-14 
  4.726e-13  4.970e-13 -2.474e-11 -2.677e-11 -9.082e-13 -2.455e-14  9.803e-13 
 PARAMETER  CORRELATION COEFFICIENTS  
       NO.  GLOBAL      1      2      3      4      5      6      7
        1  0.75261   1.000 -0.433 -0.302 -0.037 -0.259  0.685  0.000
        2  0.75704  -0.433  1.000  0.307  0.038 -0.249 -0.690  0.000
        3  0.40763  -0.302  0.307  1.000  0.086 -0.000 -0.187 -0.000
        4  0.08739  -0.037  0.038  0.086  1.000 -0.000 -0.023 -0.000
        5  0.47684  -0.259 -0.249 -0.000 -0.000  1.000 -0.006 -0.000
        6  0.82037   0.685 -0.690 -0.187 -0.023 -0.006  1.000 -0.000
        7  0.00004   0.000  0.000 -0.000 -0.000 -0.000 -0.000  1.000
Importing Run 1 data
Done making RooDataHist
RooDataHist::ds1[Lb_DTF_M_JpsiLConstr] = 350 bins (7348 weights)
Done importing Run 1 data
Importing Run 2 data
Done making RooDataHist
RooDataHist::ds2[Lb_DTF_M_JpsiLConstr] = 350 bins (28908 weights)
Done importing Run 2 data
before sb fit
 **********
 **    1 **SET PRINT           1
 **********
 **********
 **    2 **SET NOGRAD
 **********
 PARAMETER DEFINITIONS:
    NO.   NAME         VALUE      STEP SIZE      LIMITS
     1 slope_Run2  -2.00000e+00  2.50000e-01   -5.00000e+00  0.00000e+00
 **********
 **    3 **SET ERR         0.5
 **********
 **********
 **    4 **SET PRINT           1
 **********
 **********
 **    5 **SET STR           1
 **********
 NOW USING STRATEGY  1: TRY TO BALANCE SPEED AGAINST RELIABILITY
 **********
 **    6 **MIGRAD         500           1
 **********
 FIRST CALL TO USER FUNCTION AT NEW START POINT, WITH IFLAG=4.
 START MIGRAD MINIMIZATION.  STRATEGY  1.  CONVERGENCE WHEN EDM .LT. 1.00e-03
 FCN=140.433 FROM MIGRAD    STATUS=INITIATE        4 CALLS           5 TOTAL
                     EDM= unknown      STRATEGY= 1      NO ERROR MATRIX       
  EXT PARAMETER               CURRENT GUESS       STEP         FIRST   
  NO.   NAME      VALUE            ERROR          SIZE      DERIVATIVE 
   1  slope_Run2  -2.00000e+00   2.50000e-01   1.02263e-01   3.10756e+01
                               ERR DEF= 0.5
 MIGRAD MINIMIZATION HAS CONVERGED.
 MIGRAD WILL VERIFY CONVERGENCE AND ERROR MATRIX.
 COVARIANCE MATRIX CALCULATED SUCCESSFULLY
 FCN=139.329 FROM MIGRAD    STATUS=CONVERGED      21 CALLS          22 TOTAL
                     EDM=1.45848e-07    STRATEGY= 1      ERROR MATRIX ACCURATE 
  EXT PARAMETER                                   STEP         FIRST   
  NO.   NAME      VALUE            ERROR          SIZE      DERIVATIVE 
   1  slope_Run2  -2.21132e+00   1.76758e-01   5.71883e-04   5.36079e-03
                               ERR DEF= 0.5
 EXTERNAL ERROR MATRIX.    NDIM=  25    NPAR=  1    ERR DEF=0.5
  3.130e-02 
 **********
 **    7 **SET ERR         0.5
 **********
 **********
 **    8 **SET PRINT           1
 **********
 **********
 **    9 **HESSE         500
 **********
 COVARIANCE MATRIX CALCULATED SUCCESSFULLY
 FCN=139.329 FROM HESSE     STATUS=OK              5 CALLS          27 TOTAL
                     EDM=1.45511e-07    STRATEGY= 1      ERROR MATRIX ACCURATE 
  EXT PARAMETER                                INTERNAL      INTERNAL  
  NO.   NAME      VALUE            ERROR       STEP SIZE       VALUE   
   1  slope_Run2  -2.21132e+00   1.76758e-01   1.14377e-04   1.15731e-01
                               ERR DEF= 0.5
 EXTERNAL ERROR MATRIX.    NDIM=  25    NPAR=  1    ERR DEF=0.5
  3.130e-02 
RooDataHist::combData[sample,Lb_DTF_M_JpsiLConstr] = 700 bins (36256 weights)
Done importing combData and simPdf
**********Printing w after all imports***********

RooWorkspace(w) w contents

variables
---------
(Lb_DTF_M_JpsiLConstr,R,R_1405,R_1520,R_1600,alpha1_Run1,alpha1_Run2,alpha2_Run1,alpha2_Run2,eff_ratio1,eff_ratio2,eff_ratio_1405_1,eff_ratio_1405_2,eff_ratio_1520_1,eff_ratio_1520_2,eff_ratio_1600_1,eff_ratio_1600_2,geff_ratio1,geff_ratio2,geff_ratio_1405_1,geff_ratio_1405_2,geff_ratio_1520_1,geff_ratio_1520_2,geff_ratio_1600_1,geff_ratio_1600_2,gnXib1,gnXib2,gshift_Xib,mcnbkg_run1,mcnbkg_run2,mcnsig_run1,mcnsig_run2,mean_Run1,mean_Run2,miscLstMean_Run1,miscLstMean_Run2,miscLstSigma_Run1,miscLstSigma_Run2,nBkg_Run1,nBkg_Run2,nJpsiKs_Run1,nJpsiKs_Run2,nLb_Run1,nLb_Run2,nMiscLst_Run1,nMiscLst_Run2,nXib1,nXib2,nXib_JpsiLambda_Run1,nXib_JpsiLambda_Run2,sample,shift_Xib,sigma_Run1,sigma_Run2,slope_Run1,slope_Run2,tau_run1,tau_run2)

p.d.f.s
-------
RooExponential::Bkg_Run1[ x=Lb_DTF_M_JpsiLConstr c=Bkg_Run1_2 ] = 3.53263e-24
RooExponential::Bkg_Run2[ x=Lb_DTF_M_JpsiLConstr c=Bkg_Run2_2 ] = 3.8329e-15
RooKeysPdf::JPSIKS_RUN1[ x=Lb_DTF_M_JpsiLConstr ] = 0.000311618
RooKeysPdf::JPSIKS_RUN2[ x=Lb_DTF_M_JpsiLConstr ] = 0.000311066
RooKeysPdf::LST1405_Run1[ x=Lb_DTF_M_JpsiLConstr ] = 0.00103299
RooKeysPdf::LST1405_Run2[ x=Lb_DTF_M_JpsiLConstr ] = 0.000982056
RooKeysPdf::LST1520_Run1[ x=Lb_DTF_M_JpsiLConstr ] = 0.000476342
RooKeysPdf::LST1520_Run2[ x=Lb_DTF_M_JpsiLConstr ] = 0.000490101
RooKeysPdf::LST1600_Run1[ x=Lb_DTF_M_JpsiLConstr ] = 0.000290174
RooKeysPdf::LST1600_Run2[ x=Lb_DTF_M_JpsiLConstr ] = 0.000255549
RooCBShape::Lb1_Run1[ m=Lb_DTF_M_JpsiLConstr m0=mean_Run1 sigma=sigma_Run1 alpha=alpha1_Run1 n=10 ] = 2.02819e-07
RooCBShape::Lb1_Run2[ m=Lb_DTF_M_JpsiLConstr m0=mean_Run2 sigma=sigma_Run2 alpha=alpha1_Run2 n=10 ] = 4.69944e-07
RooCBShape::Lb2_Run1[ m=Lb_DTF_M_JpsiLConstr m0=mean_Run1 sigma=sigma_Run1 alpha=alpha2_Run1 n=10 ] = 1.52313e-215
RooCBShape::Lb2_Run2[ m=Lb_DTF_M_JpsiLConstr m0=mean_Run2 sigma=sigma_Run2 alpha=alpha2_Run2 n=10 ] = 3.36848e-213
RooAddPdf::Lb_Run1[ 0.5 * Lb1_Run1 + 0.5 * Lb2_Run1 ] = 1.0141e-07
RooAddPdf::Lb_Run2[ 0.5 * Lb1_Run2 + 0.5 * Lb2_Run2 ] = 2.34972e-07
RooKeysPdf::SIG_Run1[ x=Lb_DTF_M_JpsiLConstr ] = 0.00387127
RooKeysPdf::SIG_Run2[ x=Lb_DTF_M_JpsiLConstr ] = 0.00426323
RooKeysPdf::XIB_RUN1[ x=Lb_DTF_M_JpsiLConstr ] = 0.00154973
RooKeysPdf::XIB_RUN2[ x=Lb_DTF_M_JpsiLConstr ] = 0.0018241
RooCBShape::Xib1_Run1[ m=Lb_DTF_M_JpsiLConstr m0=XibMean_Run1 sigma=sigma_Run1 alpha=alpha1_Run1 n=10 ] = 1.55031e-09
RooCBShape::Xib1_Run2[ m=Lb_DTF_M_JpsiLConstr m0=XibMean_Run2 sigma=sigma_Run2 alpha=alpha1_Run2 n=10 ] = 3.98464e-09
RooCBShape::Xib2_Run1[ m=Lb_DTF_M_JpsiLConstr m0=XibMean_Run1 sigma=sigma_Run1 alpha=alpha2_Run1 n=10 ] = 0
RooCBShape::Xib2_Run2[ m=Lb_DTF_M_JpsiLConstr m0=XibMean_Run2 sigma=sigma_Run2 alpha=alpha2_Run2 n=10 ] = 0
RooAddPdf::Xib_Run1[ 0.5 * Xib1_Run1 + 0.5 * Xib2_Run1 ] = 7.75153e-10
RooAddPdf::Xib_Run2[ 0.5 * Xib1_Run2 + 0.5 * Xib2_Run2 ] = 1.99232e-09
RooGaussian::eff_ratio_1405_constraint1[ x=geff_ratio_1405_1 mean=eff_ratio_1405_1 sigma=0.007585 ] = 1
RooGaussian::eff_ratio_1405_constraint2[ x=geff_ratio_1405_2 mean=eff_ratio_1405_2 sigma=0.009068 ] = 1
RooGaussian::eff_ratio_1520_constraint1[ x=geff_ratio_1520_1 mean=eff_ratio_1520_1 sigma=0.00663 ] = 1
RooGaussian::eff_ratio_1520_constraint2[ x=geff_ratio_1520_2 mean=eff_ratio_1520_2 sigma=0.009527 ] = 1
RooGaussian::eff_ratio_1600_constraint1[ x=geff_ratio_1600_1 mean=eff_ratio_1600_1 sigma=0.00583 ] = 1
RooGaussian::eff_ratio_1600_constraint2[ x=geff_ratio_1600_2 mean=eff_ratio_1600_2 sigma=0.006996 ] = 1
RooGaussian::eff_ratio_constraint1[ x=geff_ratio1 mean=eff_ratio1 sigma=0.027606 ] = 1
RooGaussian::eff_ratio_constraint2[ x=geff_ratio2 mean=eff_ratio2 sigma=0.012734 ] = 1
RooGaussian::lstLump_Run1[ x=Lb_DTF_M_JpsiLConstr mean=miscLstMean_Run1 sigma=miscLstSigma_Run1 ] = 6.00372e-10
RooGaussian::lstLump_Run2[ x=Lb_DTF_M_JpsiLConstr mean=miscLstMean_Run2 sigma=miscLstSigma_Run2 ] = 6.00372e-10
RooAddPdf::mcFit_Run1[ mcnsig_run1 * Lb_Run1 + mcnbkg_run1 * mcbkg_Run1 ] = 0.00710908
RooAddPdf::mcFit_Run2[ mcnsig_run2 * Lb_Run2 + mcnbkg_run2 * mcbkg_Run2 ] = 0.00438957
RooExponential::mcbkg_Run1[ x=Lb_DTF_M_JpsiLConstr c=tau_run1 ] = 0.999461
RooExponential::mcbkg_Run2[ x=Lb_DTF_M_JpsiLConstr c=tau_run2 ] = 0.99946
RooAddPdf::model1[ nSigma1 * SIG_Run1 + nLb_Run1 * Lb_Run1 + nXib1 * XIB_RUN1 + n1405_Run1 * LST1405_Run1 + n1520_Run1 * LST1520_Run1 + n1600_Run1 * LST1600_Run1 + nMiscLst_Run1 * lstLump_Run1 + nBkg_Run1 * Bkg_Run1 + nXib_JpsiLambda_Run1 * Xib_Run1 + nJpsiKs_Run1 * JPSIKS_RUN1 ] = 1.72368e-05
RooAddPdf::model2[ nSigma2 * SIG_Run2 + nLb_Run2 * Lb_Run2 + nXib2 * XIB_RUN2 + n1405_Run2 * LST1405_Run2 + n1520_Run2 * LST1520_Run2 + n1600_Run2 * LST1600_Run2 + nMiscLst_Run2 * lstLump_Run2 + nBkg_Run2 * Bkg_Run2 + nXib_JpsiLambda_Run2 * Xib_Run2 + nJpsiKs_Run2 * JPSIKS_RUN2 ] = 2.58198e-05
RooProdPdf::model_const1[ model1 * eff_ratio_constraint1 * nXib_constraint1 * eff_ratio_1405_constraint1 * eff_ratio_1520_constraint1 * eff_ratio_1600_constraint1 * shift_Xib_constraint ] = 1.72368e-05
RooProdPdf::model_const2[ model2 * eff_ratio_constraint2 * nXib_constraint2 * eff_ratio_1405_constraint2 * eff_ratio_1520_constraint2 * eff_ratio_1600_constraint2 * shift_Xib_constraint ] = 2.58198e-05
RooGaussian::nXib_constraint1[ x=gnXib1 mean=nXib1 sigma=4.84046 ] = 1
RooGaussian::nXib_constraint2[ x=gnXib2 mean=nXib2 sigma=18.9431 ] = 1
RooGaussian::shift_Xib_constraint[ x=gshift_Xib mean=shift_Xib sigma=0.4 ] = 1
RooSimultaneous::simPdf[ indexCat=sample run1=model_const1 run2=model_const2 ] = 1.98209e-05

functions
--------
RooFormulaVar::Bkg_Run1_2[ actualVars=(slope_Run1) formula="-1*pow(10,slope_Run1)" ] = -0.01
RooFormulaVar::Bkg_Run2_2[ actualVars=(slope_Run2) formula="-1*pow(10,slope_Run2)" ] = -0.00614725
RooFormulaVar::XibMean_Run1[ actualVars=(mean_Run1,shift_Xib) formula="mean_Run1+shift_Xib" ] = 5792.36
RooFormulaVar::XibMean_Run2[ actualVars=(mean_Run2,shift_Xib) formula="mean_Run2+shift_Xib" ] = 5792.64
RooFormulaVar::n1405_Run1[ actualVars=(R_1405,nLb_Run1,eff_ratio_1405_1) formula="R_1405*nLb_Run1*eff_ratio_1405_1" ] = 27.2349
RooFormulaVar::n1405_Run2[ actualVars=(R_1405,nLb_Run2,eff_ratio_1405_2) formula="R_1405*nLb_Run2*eff_ratio_1405_2" ] = 114.771
RooFormulaVar::n1520_Run1[ actualVars=(R_1520,nLb_Run1,eff_ratio_1520_1) formula="R_1520*nLb_Run1*eff_ratio_1520_1" ] = 23.0581
RooFormulaVar::n1520_Run2[ actualVars=(R_1520,nLb_Run2,eff_ratio_1520_2) formula="R_1520*nLb_Run2*eff_ratio_1520_2" ] = 97.1582
RooFormulaVar::n1600_Run1[ actualVars=(R_1600,nLb_Run1,eff_ratio_1600_1) formula="R_1600*nLb_Run1*eff_ratio_1600_1" ] = 201.453
RooFormulaVar::n1600_Run2[ actualVars=(R_1600,nLb_Run2,eff_ratio_1600_2) formula="R_1600*nLb_Run2*eff_ratio_1600_2" ] = 839.273
RooFormulaVar::nSigma1[ actualVars=(R,nLb_Run1,eff_ratio1) formula="pow(10,-5)*R*nLb_Run1/(eff_ratio1*1.058)" ] = 0.00039029
RooFormulaVar::nSigma2[ actualVars=(R,nLb_Run2,eff_ratio2) formula="pow(10,-5)*R*nLb_Run2/(eff_ratio2*1.058)" ] = 0.00153363

datasets
--------
RooDataSet::ds_sim_wt1(Lb_DTF_M_JpsiLConstr)
RooDataSet::ds_sim_wt2(Lb_DTF_M_JpsiLConstr)
RooDataHist::ds1(Lb_DTF_M_JpsiLConstr)
RooDataHist::ds2(Lb_DTF_M_JpsiLConstr)
RooDataHist::combData(sample,Lb_DTF_M_JpsiLConstr)

named sets
----------
globObs:(geff_ratio1,geff_ratio2,gnXib1,gnXib2,geff_ratio_1405_1,geff_ratio_1405_2,geff_ratio_1520_1,geff_ratio_1520_2,geff_ratio_1600_1,geff_ratio_1600_2,gshift_Xib)
nuisParams:(nLb_Run1,mean_Run1,sigma_Run1,nBkg_Run1,nMiscLst_Run1,miscLstMean_Run1,miscLstSigma_Run1,eff_ratio1,nXib1,eff_ratio_1405_1,eff_ratio_1520_1,eff_ratio_1600_1,nLb_Run2,mean_Run2,sigma_Run2,nBkg_Run2,nMiscLst_Run2,miscLstMean_Run2,miscLstSigma_Run2,eff_ratio2,nXib2,eff_ratio_1405_2,eff_ratio_1520_2,eff_ratio_1600_2,R_1405,R_1520,R_1600,nXib_JpsiLambda_Run1,nXib_JpsiLambda_Run2,shift_Xib,slope_Run1,slope_Run2)
obs:(Lb_DTF_M_JpsiLConstr,sample)
poi:(R)

*****Done Printing w after all imports***********
**********Printing w1 after all imports***********

RooWorkspace(w1) w1 contents

variables
---------
(GB_WT,Lb_DTF_M_JpsiLConstr,sample,totWt,wt_tau)

p.d.f.s
-------
RooKeysPdf::JPSIKS_RUN1[ x=Lb_DTF_M_JpsiLConstr ] = 0.000311618
RooKeysPdf::JPSIKS_RUN2[ x=Lb_DTF_M_JpsiLConstr ] = 0.000311066
RooKeysPdf::LST1405_Run1[ x=Lb_DTF_M_JpsiLConstr ] = 0.00103299
RooKeysPdf::LST1405_Run2[ x=Lb_DTF_M_JpsiLConstr ] = 0.000982056
