Info in <TCanvas::Print>: pdf file ../plots/ANA/JpsiSigma_Fit_Run1.pdf has been created
Info in <TCanvas::Print>: pdf file ../plots/ANA/JpsiSigma_Fit_Run2.pdf has been created
Info in <TCanvas::Print>: pdf file ../plots/ANA/Lst1405_Fit_Run1.pdf has been created
Info in <TCanvas::Print>: pdf file ../plots/ANA/Lst1405_Fit_Run2.pdf has been created
Info in <TCanvas::Print>: pdf file ../plots/ANA/Lst1520_Fit_Run1.pdf has been created
Info in <TCanvas::Print>: pdf file ../plots/ANA/Lst1520_Fit_Run2.pdf has been created
Info in <TCanvas::Print>: pdf file ../plots/ANA/Lst1600_Fit_Run1.pdf has been created
Info in <TCanvas::Print>: pdf file ../plots/ANA/Lst1600_Fit_Run2.pdf has been created
Info in <TCanvas::Print>: pdf file ../plots/ANA/Fit_run1_HypatiaSig_ExpBkg_4700_6000_4MeVBins.pdf has been created
Info in <TCanvas::Print>: pdf file ../plots/ANA/Fit_run2_HypatiaSig_ExpBkg_4700_6000_4MeVBins.pdf has been created
Info in <TCanvas::Print>: pdf file ../plots/ANA/Fit_run1_HypatiaSig_ExpBkg_4700_6000_4MeVBins_zoom.pdf has been created
Info in <TCanvas::Print>: pdf file ../plots/ANA/Fit_run2_HypatiaSig_ExpBkg_4700_6000_4MeVBins_zoom.pdf has been created
49
WEIGHTED Norm = 27.5129084502+/-5.86915311623+/-3.18777279902
BREAKUP OF SYSTEMATICS:
Overall Syst     = 11.5864624229%
*Tracking        = 5.0%
*Xi Vtx          = 1.4%
*Xib Yield       = 9.0%
*Xib->JpsiL eff  = 3.31494188378%
*Xib->JpsiXi eff = 2.08057811171%
*tauXib-/tauXib0 = 3.3118675253%
************************************************
The UNWEIGHTED LL Xib normalization for Run 1 is 22.611 +/- 4.82345 +/- 2.65538
The WEIGHTED LL Xib normalization for Run 1 is 27.5129 +/- 5.86915 +/- 3.18777
************************************************
[?1034hxibYield = 173.281+/-16.4207+/-10.39686
UNWEIGHTED Xib->JpsiXi Eff = 0.0650 % +/- 0.0014 %
WEIGHTED Xib->JpsiXi Eff = 0.0725 % +/- 0.0015 %
UNWEIGHTED Xib->JpsiLambda Eff = 0.0252 % +/-0.0009 %
WEIGHTED Xib->JpsiLambda Eff = 0.0313 % +/-0.0010 %
UNWEIGTED Norm = 128.937091843+/-12.2185196532+/-12.2208298734
WEIGHTED Norm = 143.439735277+/-13.5928397289+/-13.4603481321
BREAKUP OF SYSTEMATICS:
Overall Syst     = 9.38397446573%
*Tracking        = 5.0%
*Xi Vtx          = 1.4%
*Xib Yield       = 6.0%
*Xib->JpsiL eff  = 3.11728301877%
*Xib->JpsiXi eff = 2.10072769515%
*tauXib-/tauXib0 = 3.3118675253%
************************************************
The UNWEIGHTED LL Xib normalization for Run 2 is 128.937 +/- 12.2185 +/- 12.2208
The WEIGHTED LL Xib normalization for Run 2 is 143.44 +/- 13.5928 +/- 13.4603
************************************************
@@@@@@@@@@@@@@@@@@@@@@@@@@@@@@@@@@@@@@@
Get Lb -> J/psi Lambda efficiency
@@@@@@@@@@@@@@@@@@@@@@@@@@@@@@@@@@@@@@@
************************************************
Run 1 UNWEIGHTED Jpsi Lambda Eff = 0.126645 % +/- 0.00141547 %
Run 1 WEIGHTED Jpsi Lambda Eff = 0.148314 % +/- 0.00160305 %
************************************************
************************************************
Run 2 UNWEIGHTED Jpsi Lambda Eff = 0.135402 % +/- 0.000913582 %
Run 2 WEIGHTED Jpsi Lambda Eff = 0.132681 % +/- 0.000943924 %
************************************************
@@@@@@@@@@@@@@@@@@@@@@@@@@@@@@@@@@@@@@@
Get Lb -> J/psi Sigma efficiency and shape
@@@@@@@@@@@@@@@@@@@@@@@@@@@@@@@@@@@@@@@
************************************************
Run 1 UNWEIGHTED Jpsi Sigma Eff = 0.109711 % +/- 0.00197956 %
Run 1 WEIGHTED Jpsi Sigma Eff = 0.128053 % +/- 0.00226272 %
************************************************
***************************************
Run 1 UNWEIGHTED Lambda/Sigma efficiency ratio = 1.15435 +/- 0.0245005
Run 1 WEIGHTED Lambda/Sigma efficiency ratio   = 1.15822 +/- 0.023991
***************************************
RooDataSet::ds_sig_Run1[Lb_DTF_M_JpsiLConstr,GB_WT,wt_tau] = 3172 entries
RooDataSet::ds_sig_wt_Run1[Lb_DTF_M_JpsiLConstr,weight:totWt] = 3172 entries (3313.46 weighted)
Done importing Jpsi Sigma shape
************************************************
Run 2 UNWEIGHTED Jpsi Sigma Eff = 0.129246 % +/- 0.00114999 %
Run 2 WEIGHTED Jpsi Sigma Eff = 0.129286 % +/- 0.00122341 %
************************************************
***************************************
Run 2 UNWEIGHTED Lambda/Sigma efficiency ratio = 1.04763 +/- 0.0116984
Run 2 WEIGHTED Lambda/Sigma efficiency ratio   = 1.02626 +/- 0.0121496
***************************************
RooDataSet::ds_sig_Run2[Lb_DTF_M_JpsiLConstr,GB_WT,wt_tau] = 14019 entries
RooDataSet::ds_sig_wt_Run2[Lb_DTF_M_JpsiLConstr,weight:totWt] = 14019 entries (12233.1 weighted)
Done importing Jpsi Sigma shape
@@@@@@@@@@@@@@@@@@@@@@@@@@@@@@@@@@@@@@@
Get Lb -> J/psi Lst(1405) efficiency and shape
@@@@@@@@@@@@@@@@@@@@@@@@@@@@@@@@@@@@@@@
************************************************
Run 1 UNWEIGHTED Jpsi /(1405) Eff = 0.0889414 % +/- 0.000609549 %
Run 1 WEIGHTED Jpsi /(1405) Eff = 0.090043 % +/- 0.000604696 %
************************************************
***************************************
Run 1 UNWEIGHTED /(1405)/Lambda efficiency ratio = 0.599684 +/- 0.00767483
Run 1 WEIGHTED /(1405)/Lambda efficiency ratio   = 0.607111 +/- 0.00772543
***************************************
***************************************
Get J/psi Lambda(1405) shape from MC
***************************************
RooDataSet::ds_1405_Run1[Lb_DTF_M_JpsiLConstr] = 22537 entries
Done importing Jpsi Lst(1405) shape
************************************************
Run 2 UNWEIGHTED Jpsi /(1405) Eff = 0.0972904 % +/- 0.00107444 %
Run 2 WEIGHTED Jpsi /(1405) Eff = 0.0977885 % +/- 0.00107595 %
************************************************
***************************************
Run 2 UNWEIGHTED /(1405)/Lambda efficiency ratio = 0.733264 +/- 0.00963272
Run 2 WEIGHTED /(1405)/Lambda efficiency ratio   = 0.737018 +/- 0.00965675
***************************************
***************************************
Get J/psi Lambda(1405) shape from MC
***************************************
RooDataSet::ds_1405_Run2[Lb_DTF_M_JpsiLConstr] = 20232 entries
Done importing Jpsi Lst(1405) shape
************************************************
Run 1 UNWEIGHTED Jpsi /(1520) Eff = 0.076576 % +/- 0.000573841 %
Run 1 WEIGHTED Jpsi /(1520) Eff = 0.0775292 % +/- 0.000569126 %
************************************************
***************************************
Run 1 UNWEIGHTED /(1520)/Lambda efficiency ratio = 0.516311 +/- 0.00679061
Run 1 WEIGHTED /(1520)/Lambda efficiency ratio   = 0.522738 +/- 0.0068299
***************************************
***************************************
Get J/psi Lambda(1520) shape from MC
***************************************
RooDataSet::ds_1520_Run1[Lb_DTF_M_JpsiLConstr] = 18821 entries
Done importing Jpsi Lst(1520) shape
************************************************
Run 2 UNWEIGHTED Jpsi /(1520) Eff = 0.0832303 % +/- 0.00122688 %
Run 2 WEIGHTED Jpsi /(1520) Eff = 0.0836133 % +/- 0.00122944 %
************************************************
***************************************
Run 2 UNWEIGHTED /(1520)/Lambda efficiency ratio = 0.627295 +/- 0.0102674
Run 2 WEIGHTED /(1520)/Lambda efficiency ratio   = 0.630181 +/- 0.0102937
***************************************
***************************************
Get J/psi Lambda(1520) shape from MC
***************************************
RooDataSet::ds_1520_Run2[Lb_DTF_M_JpsiLConstr] = 16560 entries
Done importing Jpsi Lst(1520) shape
************************************************
Run 1 UNWEIGHTED Jpsi /(1600) Eff = 0.066446 % +/- 0.000508387 %
Run 1 WEIGHTED Jpsi /(1600) Eff = 0.0672622 % +/- 0.000504042 %
************************************************
***************************************
Run 1 UNWEIGHTED /(1600)/Lambda efficiency ratio = 0.448009 +/- 0.00593275
Run 1 WEIGHTED /(1600)/Lambda efficiency ratio   = 0.453512 +/- 0.00596466
***************************************
***************************************
Get J/psi Lambda(1600) shape from MC
***************************************
RooDataSet::ds_1600_Run1[Lb_DTF_M_JpsiLConstr] = 17065 entries
Done importing Jpsi Lst(1600) shape
************************************************
Run 2 UNWEIGHTED Jpsi /(1600) Eff = 0.0705157 % +/- 0.000835652 %
Run 2 WEIGHTED Jpsi /(1600) Eff = 0.0708392 % +/- 0.000835691 %
************************************************
***************************************
Run 2 UNWEIGHTED /(1600)/Lambda efficiency ratio = 0.531467 +/- 0.00734595
Run 2 WEIGHTED /(1600)/Lambda efficiency ratio   = 0.533905 +/- 0.00735514
***************************************
***************************************
Get J/psi Lambda(1600) shape from MC
***************************************
RooDataSet::ds_1600_Run2[Lb_DTF_M_JpsiLConstr] = 13742 entries
Done importing Jpsi Lst(1600) shape
***************************************
Get J/psi Xi shape from MC
***************************************
RooDataSet::ds_xi_Run1[Lb_DTF_M_JpsiLConstr,GB_WT] = 711 entries
RooDataSet::ds_xi_wt_Run1[Lb_DTF_M_JpsiLConstr,weight:GB_WT] = 711 entries (719.858 weighted)
Done importing Xib shape
RooDataSet::ds_xi_Run2[Lb_DTF_M_JpsiLConstr,GB_WT] = 762 entries
RooDataSet::ds_xi_wt_Run2[Lb_DTF_M_JpsiLConstr,weight:GB_WT] = 762 entries (746.318 weighted)
Done importing Xib shape
***************************************
Get J/psi Ks shape from MC
***************************************
RooDataSet::ds_jpsiks_Run1[Lb_DTF_M_JpsiLConstr] = 12087 entries
RooDataSet::ds_jpsiks_Run2[Lb_DTF_M_JpsiLConstr] = 10223 entries
Done importing Xib shape
Done defining J/psi Lambda Hypatia shapes
*****UING EXPONENTIAL BKG SHAPE*****
Done defining cont. bkg exp. shapes
Done defining Misc Lambda* Gaussian shapes
RooDataSet::ds_sim1[Lb_DTF_M_JpsiLConstr,GB_WT,wt_tau] = 9190 entries
RooDataSet::ds_sim_wt1[Lb_DTF_M_JpsiLConstr,weight:totWt] = 9190 entries (9941.11 weighted)
mcNentries = 9941.11
RooDataSet::ds_sim2[Lb_DTF_M_JpsiLConstr,GB_WT,wt_tau] = 28913 entries
RooDataSet::ds_sim_wt2[Lb_DTF_M_JpsiLConstr,weight:totWt] = 28913 entries (25191.1 weighted)
mcNentries = 25191.1
reduceEng varSubset = (Lb_DTF_M_JpsiLConstr) _wgtVar = totWt
 **********
 **    1 **SET PRINT           1
 **********
 **********
 **    2 **SET NOGRAD
 **********
 PARAMETER DEFINITIONS:
    NO.   NAME         VALUE      STEP SIZE      LIMITS
     1 a1_Run1      1.80000e+00  1.00000e-01    1.00000e+00  2.00000e+00
     2 a2_Run1      1.70000e+00  4.00000e-02    1.50000e+00  1.90000e+00
     3 lambda_Run1  -2.59000e+00  8.00000e-02   -2.80000e+00 -2.00000e+00
     4 mcnbkg_run1   4.97106e+03  9.94011e+02    1.00000e+00  9.94111e+03
     5 mcnsig_run1   9.93611e+03  2.50000e+00    4.97056e+03  9.94111e+03
     6 mean_Run1    5.61960e+03  2.00000e-01    5.61900e+03  5.62100e+03
     7 sigma_Run1   1.50000e+01  6.00000e-01    1.20000e+01  1.80000e+01
     8 tau_run1    -1.00000e-07  4.95000e-08   -1.00000e-05 -1.00000e-09
 **********
 **    3 **SET ERR         0.5
 **********
 **********
 **    4 **SET PRINT           1
 **********
 **********
 **    5 **SET STR           2
 **********
 NOW USING STRATEGY  2: MAKE SURE MINIMUM TRUE, ERRORS CORRECT  
 **********
 **    6 **MIGRAD        4000           1
 **********
 FIRST CALL TO USER FUNCTION AT NEW START POINT, WITH IFLAG=4.
 START MIGRAD MINIMIZATION.  STRATEGY  2.  CONVERGENCE WHEN EDM .LT. 1.00e-03
 MINUIT WARNING IN HESSE   
 ============== Negative diagonal element 5 in Error Matrix
 MINUIT WARNING IN HESSE   
 ============== 260.058 added to diagonal of error matrix
 COVARIANCE MATRIX CALCULATED SUCCESSFULLY
 FCN=-42012 FROM HESSE     STATUS=OK             81 CALLS          82 TOTAL
                     EDM=13159.9    STRATEGY= 2      ERROR MATRIX ACCURATE 
  EXT PARAMETER                                   STEP         FIRST   
  NO.   NAME      VALUE            ERROR          SIZE      DERIVATIVE 
   1  a1_Run1      1.80000e+00   2.31624e-02   5.00000e-01  -1.94786e+01
   2  a2_Run1      1.70000e+00   1.22404e-02   5.00000e-01  -1.28390e+01
   3  lambda_Run1  -2.59000e+00   1.86778e-02   3.84518e-01   9.41610e+01
   4  mcnbkg_run1   4.97106e+03   2.03589e+02   2.35672e-01   3.90247e+03
   5  mcnsig_run1   9.93611e+03   3.13311e+03   1.67540e-01   1.68530e+01
   6  mean_Run1    5.61960e+03   4.84085e-02   4.43580e-01  -2.80153e+01
   7  sigma_Run1   1.50000e+01   1.31785e-01   2.47109e-01   1.20149e+02
   8  tau_run1    -1.00000e-07   6.13509e-08   5.00000e-01  -1.67771e-04
                               ERR DEF= 0.5
 MIGRAD FAILS TO FIND IMPROVEMENT
 MINUIT WARNING IN HESSE   
 ============== Negative diagonal element 2 in Error Matrix
 MINUIT WARNING IN HESSE   
 ============== 1.59488 added to diagonal of error matrix
 COVARIANCE MATRIX CALCULATED SUCCESSFULLY
 FCN=-45402.5 FROM HESSE     STATUS=OK             71 CALLS         700 TOTAL
                     EDM=0.011625    STRATEGY= 2      ERROR MATRIX ACCURATE 
  EXT PARAMETER                                   STEP         FIRST   
  NO.   NAME      VALUE            ERROR          SIZE      DERIVATIVE 
   1  a1_Run1      1.75763e+00   1.13713e-01   3.26457e-02   5.75015e-03
   2  a2_Run1      1.89659e+00   2.61283e-01   1.84404e-01   1.30020e-01
   3  lambda_Run1  -2.28868e+00   9.97862e-02   1.10888e-02   4.24499e-01
   4  mcnbkg_run1   1.98957e+01   1.67715e+01   4.19706e-03   4.23363e-01
   5  mcnsig_run1   9.93697e+03   5.11649e+01   4.03004e-01   2.26757e-01
   6  mean_Run1    5.61984e+03   8.12186e-02   1.21760e-02   4.42421e-02
   7  sigma_Run1   1.48395e+01   4.38830e-01   6.87114e-03   3.85387e-01
   8  tau_run1    -9.99925e-08   1.45729e-06   5.00000e-01  -9.95795e-05
                               ERR DEF= 0.5
 MIGRAD FAILS TO FIND IMPROVEMENT
 MIGRAD MINIMIZATION HAS CONVERGED.
 MIGRAD WILL VERIFY CONVERGENCE AND ERROR MATRIX.
 COVARIANCE MATRIX CALCULATED SUCCESSFULLY
 FCN=-45402.9 FROM MIGRAD    STATUS=CONVERGED     934 CALLS         935 TOTAL
                     EDM=0.000503767    STRATEGY= 2      ERROR MATRIX ACCURATE 
  EXT PARAMETER                                   STEP         FIRST   
  NO.   NAME      VALUE            ERROR          SIZE      DERIVATIVE 
   1  a1_Run1      1.60963e+00   1.73935e-01   2.34706e-02  -3.12875e-02
   2  a2_Run1      1.67399e+00   2.82603e-01   7.27295e-02   5.55206e-03
   3  lambda_Run1  -2.43957e+00   1.91982e-01   1.13117e-02   8.43482e-02
   4  mcnbkg_run1   1.37713e+01   1.96699e+01   4.99764e-03   1.76473e-01
   5  mcnsig_run1   9.92904e+03   2.04489e+02   5.61142e-02   4.18102e-02
   6  mean_Run1    5.61984e+03   8.18914e-02   1.21897e-02   1.28805e-02
   7  sigma_Run1   1.54365e+01   7.91087e-01   7.18334e-03   1.73894e-01
   8  tau_run1    -9.87115e-08   5.09937e-06   5.00000e-01  -5.15626e-05
                               ERR DEF= 0.5
 EXTERNAL ERROR MATRIX.    NDIM=  25    NPAR=  8    ERR DEF=0.5
  3.163e-02  3.256e-02  2.951e-02  1.330e+00 -9.608e-01 -2.142e-04 -1.145e-01 -2.795e-09 
  3.256e-02  5.136e-02  3.597e-02  2.033e+00 -1.469e+00  4.959e-04 -1.388e-01 -1.358e-08 
  2.951e-02  3.597e-02  4.013e-02  1.638e-01 -1.187e-01 -1.101e-04 -1.577e-01 -2.740e-09 
  1.330e+00  2.033e+00  1.638e-01  3.873e+02 -2.702e+02  3.129e-02 -6.570e-01 -1.216e-06 
 -9.608e-01 -1.469e+00 -1.187e-01 -2.702e+02  1.003e+04 -2.261e-02  4.757e-01  8.798e-07 
 -2.142e-04  4.959e-04 -1.101e-04  3.129e-02 -2.261e-02  6.722e-03  5.651e-04 -2.313e-10 
 -1.145e-01 -1.388e-01 -1.577e-01 -6.570e-01  4.757e-01  5.651e-04  6.412e-01  1.022e-08 
 -2.795e-09 -1.358e-08 -2.740e-09 -1.216e-06  8.798e-07 -2.313e-10  1.022e-08  3.838e-09 
 PARAMETER  CORRELATION COEFFICIENTS  
       NO.  GLOBAL      1      2      3      4      5      6      7      8
        1  0.89935   1.000  0.808  0.828  0.380 -0.054 -0.015 -0.804 -0.000
        2  0.90182   0.808  1.000  0.792  0.456 -0.065  0.027 -0.765 -0.001
        3  0.98827   0.828  0.792  1.000  0.042 -0.006 -0.007 -0.983 -0.000
        4  0.78412   0.380  0.456  0.042  1.000 -0.137  0.019 -0.042 -0.001
        5  0.13722  -0.054 -0.065 -0.006 -0.137  1.000 -0.003  0.006  0.000
        6  0.06920  -0.015  0.027 -0.007  0.019 -0.003  1.000  0.009 -0.000
        7  0.98350  -0.804 -0.765 -0.983 -0.042  0.006  0.009  1.000  0.000
        8  0.00147  -0.000 -0.001 -0.000 -0.001  0.000 -0.000  0.000  1.000
 **********
 **    7 **SET ERR         0.5
 **********
 **********
 **    8 **SET PRINT           1
 **********
 **********
 **    9 **HESSE        4000
 **********
 COVARIANCE MATRIX CALCULATED SUCCESSFULLY
 FCN=-45402.9 FROM HESSE     STATUS=OK             69 CALLS        1004 TOTAL
                     EDM=0.000304552    STRATEGY= 2      ERROR MATRIX ACCURATE 
  EXT PARAMETER                                INTERNAL      INTERNAL  
  NO.   NAME      VALUE            ERROR       STEP SIZE       VALUE   
   1  a1_Run1      1.60963e+00   1.75938e-01   9.38824e-04   2.21056e-01
   2  a2_Run1      1.67399e+00   2.82799e-01   2.90918e-03  -1.30418e-01
   3  lambda_Run1  -2.43957e+00   1.98789e-01   2.26235e-03  -9.90792e-02
   4  mcnbkg_run1   1.37713e+01   1.89669e+01   1.99905e-04  -3.91982e+01
   5  mcnsig_run1   9.92904e+03   3.73157e+01   5.00000e-01  -2.37289e+02
   6  mean_Run1    5.61984e+03   8.18982e-02   4.87589e-04  -1.59723e-01
   7  sigma_Run1   1.54365e+01   8.18890e-01   1.43667e-03   6.42922e+00
   8  tau_run1    -9.87115e-08   5.04804e-06   1.00000e-01   1.37276e+00
                               ERR DEF= 0.5
 EXTERNAL ERROR MATRIX.    NDIM=  25    NPAR=  8    ERR DEF=0.5
  3.240e-02  3.333e-02  3.152e-02  1.158e+00  2.498e-01 -2.320e-04 -1.221e-01  6.528e-09 
  3.333e-02  5.198e-02  3.829e-02  1.793e+00  3.866e-01  4.911e-04 -1.475e-01  3.611e-08 
  3.152e-02  3.829e-02  4.333e-02  8.248e-02  1.778e-02 -1.162e-04 -1.699e-01  7.016e-09 
  1.158e+00  1.793e+00  8.248e-02  3.601e+02  7.470e+01  2.967e-02 -3.153e-01  3.211e-06 
  2.498e-01  3.866e-01  1.778e-02  7.470e+01  1.403e+03  6.399e-03 -6.798e-02  6.925e-07 
 -2.320e-04  4.911e-04 -1.162e-04  2.967e-02  6.399e-03  6.723e-03  5.824e-04  6.651e-10 
 -1.221e-01 -1.475e-01 -1.699e-01 -3.153e-01 -6.798e-02  5.824e-04  6.883e-01 -2.575e-08 
  6.528e-09  3.611e-08  7.016e-09  3.211e-06  6.925e-07  6.651e-10 -2.575e-08  3.762e-09 
 PARAMETER  CORRELATION COEFFICIENTS  
       NO.  GLOBAL      1      2      3      4      5      6      7      8
        1  0.90260   1.000  0.812  0.841  0.339  0.037 -0.016 -0.818  0.001
        2  0.90323   0.812  1.000  0.807  0.414  0.045  0.026 -0.780  0.003
        3  0.98914   0.841  0.807  1.000  0.021  0.002 -0.007 -0.984  0.001
        4  0.76534   0.339  0.414  0.021  1.000  0.105  0.019 -0.020  0.003
        5  0.10520   0.037  0.045  0.002  0.105  1.000  0.002 -0.002  0.000
        6  0.07072  -0.016  0.026 -0.007  0.019  0.002  1.000  0.009  0.000
        7  0.98464  -0.818 -0.780 -0.984 -0.020 -0.002  0.009  1.000 -0.001
        8  0.00411   0.001  0.003  0.001  0.003  0.000  0.000 -0.001  1.000
 **********
 **   10 **SET ERR         0.5
 **********
 **********
 **   11 **SET PRINT           1
 **********
 **********
 **   12 **HESSE        4000
 **********
 COVARIANCE MATRIX CALCULATED SUCCESSFULLY
 FCN=-63109.7 FROM HESSE     STATUS=OK             83 CALLS        1087 TOTAL
                     EDM=0.59468    STRATEGY= 2      ERROR MATRIX ACCURATE 
  EXT PARAMETER                                INTERNAL      INTERNAL  
  NO.   NAME      VALUE            ERROR       STEP SIZE       VALUE   
   1  a1_Run1      1.60963e+00   1.91362e-01   1.91520e-02   2.21056e-01
   2  a2_Run1      1.67399e+00   2.86084e-01   5.93473e-02  -1.30418e-01
   3  lambda_Run1  -2.43957e+00   2.02403e-01   4.61519e-02  -9.90792e-02
   4  mcnbkg_run1   1.37713e+01   1.98056e+01   4.07807e-03  -3.91982e+01
   5  mcnsig_run1   9.92904e+03   3.17929e+01   5.00000e-01  -2.37289e+02
   6  mean_Run1    5.61984e+03   6.94466e-02   9.94682e-03  -1.59723e-01
   7  sigma_Run1   1.54365e+01   8.22715e-01   2.93080e-02   6.42922e+00
   8  tau_run1    -9.87115e-08   5.15062e-06   5.00000e-01   1.37276e+00
                               ERR DEF= 0.5
 EXTERNAL ERROR MATRIX.    NDIM=  25    NPAR=  8    ERR DEF=0.5
  3.867e-02  4.516e-02  3.728e-02  2.052e+00  4.519e-01 -4.052e-05 -1.437e-01 -7.283e-09 
  4.516e-02  6.700e-02  4.741e-02  3.075e+00  6.773e-01  5.463e-04 -1.820e-01 -1.538e-08 
  3.728e-02  4.741e-02  4.508e-02  1.128e+00  2.485e-01 -1.450e-06 -1.750e-01 -5.935e-09 
  2.052e+00  3.075e+00  1.128e+00  3.927e+02  8.437e+01  3.952e-02 -4.365e+00 -1.380e-06 
  4.519e-01  6.773e-01  2.485e-01  8.437e+01  1.017e+03  8.705e-03 -9.615e-01 -3.041e-07 
 -4.052e-05  5.463e-04 -1.450e-06  3.952e-02  8.705e-03  4.831e-03  1.416e-04 -2.104e-10 
 -1.437e-01 -1.820e-01 -1.750e-01 -4.365e+00 -9.615e-01  1.416e-04  6.949e-01  2.264e-08 
 -7.283e-09 -1.538e-08 -5.935e-09 -1.380e-06 -3.041e-07 -2.104e-10  2.264e-08  1.889e-09 
 PARAMETER  CORRELATION COEFFICIENTS  
       NO.  GLOBAL      1      2      3      4      5      6      7      8
        1  0.94225   1.000  0.887  0.893  0.527  0.072 -0.003 -0.876 -0.001
        2  0.94560   0.887  1.000  0.863  0.599  0.082  0.030 -0.843 -0.001
        3  0.99248   0.893  0.863  1.000  0.268  0.037 -0.000 -0.989 -0.001
        4  0.84078   0.527  0.599  0.268  1.000  0.134  0.029 -0.264 -0.002
        5  0.13365   0.072  0.082  0.037  0.134  1.000  0.004 -0.036 -0.000
        6  0.07493  -0.003  0.030 -0.000  0.029  0.004  1.000  0.002 -0.000
        7  0.98912  -0.876 -0.843 -0.989 -0.264 -0.036  0.002  1.000  0.001
        8  0.00185  -0.001 -0.001 -0.001 -0.002 -0.000 -0.000  0.001  1.000
reduceEng varSubset = (Lb_DTF_M_JpsiLConstr) _wgtVar = totWt
 **********
 **   13 **SET PRINT           1
 **********
 **********
 **   14 **SET NOGRAD
 **********
 PARAMETER DEFINITIONS:
    NO.   NAME         VALUE      STEP SIZE      LIMITS
     1 a1_Run2      2.00000e+00  1.00000e-01    1.50000e+00  2.50000e+00
     2 a2_Run2      1.75000e+00  2.00000e-01    1.00000e+00  3.00000e+00
     3 lambda_Run2  -2.30000e+00  8.00000e-02   -2.80000e+00 -2.00000e+00
     4 mcnbkg_run2   1.25960e+04  2.51901e+03    1.00000e+00  2.51911e+04
     5 mcnsig_run2   2.51861e+04  2.50000e+00    1.25955e+04  2.51911e+04
     6 mean_Run2    5.61960e+03  2.00000e-01    5.61900e+03  5.62100e+03
     7 sigma_Run2   1.40000e+01  6.00000e-01    1.10000e+01  1.70000e+01
     8 tau_run2    -1.00000e-07  4.95000e-08   -1.00000e-05 -1.00000e-09
 **********
 **   15 **SET ERR         0.5
 **********
 **********
 **   16 **SET PRINT           1
 **********
 **********
 **   17 **SET STR           2
 **********
 NOW USING STRATEGY  2: MAKE SURE MINIMUM TRUE, ERRORS CORRECT  
 **********
 **   18 **MIGRAD        4000           1
 **********
 FIRST CALL TO USER FUNCTION AT NEW START POINT, WITH IFLAG=4.
 START MIGRAD MINIMIZATION.  STRATEGY  2.  CONVERGENCE WHEN EDM .LT. 1.00e-03
 MINUIT WARNING IN HESSE   
 ============== Negative diagonal element 5 in Error Matrix
 MINUIT WARNING IN HESSE   
 ============== 708.638 added to diagonal of error matrix
 COVARIANCE MATRIX CALCULATED SUCCESSFULLY
 FCN=-128860 FROM HESSE     STATUS=OK             85 CALLS          86 TOTAL
                     EDM=30344.9    STRATEGY= 2      ERROR MATRIX ACCURATE 
  EXT PARAMETER                                   STEP         FIRST   
  NO.   NAME      VALUE            ERROR          SIZE      DERIVATIVE 
   1  a1_Run2      2.00000e+00   1.80876e-02   5.00000e-01  -5.02539e+01
   2  a2_Run2      1.75000e+00   2.96477e-02   4.14923e-01  -1.76945e+02
   3  lambda_Run2  -2.30000e+00   1.33511e-02   4.78170e-01   2.37272e+02
   4  mcnbkg_run2   1.25960e+04   3.12576e+02   2.48917e-01   9.73307e+03
   5  mcnsig_run2   2.51861e+04   7.87886e+03   1.05217e-01   2.84616e+01
   6  mean_Run2    5.61960e+03   3.04813e-02   5.00000e-01  -1.63063e+02
   7  sigma_Run2   1.40000e+01   7.93456e-02   2.55159e-01   1.74059e+02
   8  tau_run2    -1.00000e-07   3.71809e-08   5.00000e-01  -7.96255e-04
                               ERR DEF= 0.5
 MINUIT WARNING IN MIGRAD  
 ============== Negative diagonal element 1 in Error Matrix
 MINUIT WARNING IN MIGRAD  
 ============== Negative diagonal element 2 in Error Matrix
 MINUIT WARNING IN MIGRAD  
 ============== Negative diagonal element 3 in Error Matrix
 MINUIT WARNING IN MIGRAD  
 ============== Negative diagonal element 4 in Error Matrix
 MINUIT WARNING IN MIGRAD  
 ============== Negative diagonal element 5 in Error Matrix
 MINUIT WARNING IN MIGRAD  
 ============== Negative diagonal element 7 in Error Matrix
 MINUIT WARNING IN MIGRAD  
 ============== 6.75016 added to diagonal of error matrix
 MIGRAD FAILS TO FIND IMPROVEMENT
 MACHINE ACCURACY LIMITS FURTHER IMPROVEMENT.
 MIGRAD MINIMIZATION HAS CONVERGED.
 MIGRAD WILL VERIFY CONVERGENCE AND ERROR MATRIX.
 MINUIT WARNING IN HESSE   
 ============== Negative diagonal element 8 in Error Matrix
 MINUIT WARNING IN HESSE   
 ============== 1 added to diagonal of error matrix
 COVARIANCE MATRIX CALCULATED SUCCESSFULLY
 FCN=-137433 FROM MIGRAD    STATUS=CONVERGED     864 CALLS         865 TOTAL
                     EDM=0.000489356    STRATEGY= 2      ERROR MATRIX ACCURATE 
  EXT PARAMETER                                   STEP         FIRST   
  NO.   NAME      VALUE            ERROR          SIZE      DERIVATIVE 
   1  a1_Run2      2.01619e+00   9.85853e-02   4.32825e-02  -2.53805e-03
   2  a2_Run2      2.15092e+00   1.19923e-01   2.69728e-02   1.39779e-01
   3  lambda_Run2  -2.01763e+00   3.78390e-02   3.44368e-02   2.48270e-02
   4  mcnbkg_run2   1.00039e+00   9.05722e+00   9.66698e-03** at limit **
   5  mcnsig_run2   2.51897e+04   4.79171e+02   1.08930e-01   2.49003e-03
   6  mean_Run2    5.62012e+03   5.32490e-02   1.37327e-02   3.99240e-02
   7  sigma_Run2   1.43061e+01   1.87968e-01   7.42949e-03   3.68286e-02
   8  tau_run2    -1.00005e-07   2.25274e-06   5.00000e-01   4.27826e-08
                               ERR DEF= 0.5
 EXTERNAL ERROR MATRIX.    NDIM=  25    NPAR=  8    ERR DEF=0.5
  9.848e-03  3.311e-03  2.010e-03  6.429e-04  5.694e-03 -1.526e-04 -7.594e-03  4.518e-14 
  3.311e-03  1.445e-02  2.230e-03  8.978e-04  7.953e-03  2.484e-04 -8.086e-03 -6.307e-14 
  2.010e-03  2.230e-03  1.484e-03 -9.414e-06 -8.326e-05  1.383e-05 -6.392e-03  3.453e-16 
  6.429e-04  8.978e-04 -9.414e-06  1.410e-02  1.058e-01  3.103e-06  3.089e-05  4.365e-15 
  5.694e-03  7.953e-03 -8.326e-05  1.058e-01  2.747e+03  2.749e-05  2.735e-04  3.116e-14 
 -1.526e-04  2.484e-04  1.383e-05  3.103e-06  2.749e-05  2.838e-03 -7.106e-05 -7.465e-16 
 -7.594e-03 -8.086e-03 -6.392e-03  3.089e-05  2.735e-04 -7.106e-05  3.538e-02 -3.443e-15 
  4.518e-14 -6.307e-14  3.453e-16  4.365e-15  3.116e-14 -7.465e-16 -3.443e-15  9.801e-13 
 PARAMETER  CORRELATION COEFFICIENTS  
       NO.  GLOBAL      1      2      3      4      5      6      7      8
        1  0.54332   1.000  0.278  0.526  0.055  0.001 -0.029 -0.407  0.000
        2  0.50749   0.278  1.000  0.481  0.063  0.001  0.039 -0.358 -0.000
        3  0.91365   0.526  0.481  1.000 -0.002 -0.000  0.007 -0.882  0.000
        4  0.10026   0.055  0.063 -0.002  1.000  0.017  0.000  0.001  0.000
        5  0.01700   0.001  0.001 -0.000  0.017  1.000  0.000  0.000  0.000
        6  0.05710  -0.029  0.039  0.007  0.000  0.000  1.000 -0.007 -0.000
        7  0.88777  -0.407 -0.358 -0.882  0.001  0.000 -0.007  1.000 -0.000
        8  0.00000   0.000 -0.000  0.000  0.000  0.000 -0.000 -0.000  1.000
 **********
 **   19 **SET ERR         0.5
 **********
 **********
 **   20 **SET PRINT           1
 **********
 **********
 **   21 **HESSE        4000
 **********
 MINUIT WARNING IN HESSE   
 ============== Negative diagonal element 8 in Error Matrix
 MINUIT WARNING IN HESSE   
 ============== 1 added to diagonal of error matrix
 COVARIANCE MATRIX CALCULATED SUCCESSFULLY
 FCN=-137433 FROM HESSE     STATUS=OK             83 CALLS         948 TOTAL
                     EDM=0.000430164    STRATEGY= 2      ERROR MATRIX ACCURATE 
  EXT PARAMETER                                INTERNAL      INTERNAL  
  NO.   NAME      VALUE            ERROR       STEP SIZE       VALUE   
   1  a1_Run2      2.01619e+00   1.09481e-01   8.65651e-03   3.23772e-02
   2  a2_Run2      2.15092e+00   1.05364e-01   5.00000e-01   1.51498e-01
   3  lambda_Run2  -2.01763e+00   4.94369e-02   2.75495e-04   1.27276e+00
   4  mcnbkg_run2   1.00039e+00   9.09894e+00   1.93340e-03  -1.57055e+00
                                 WARNING -   - ABOVE PARAMETER IS AT LIMIT.
   5  mcnsig_run2   2.51897e+04   3.20593e+01   5.00000e-01  -2.35407e+01
   6  mean_Run2    5.62012e+03   5.32262e-02   5.49308e-04   1.19141e-01
   7  sigma_Run2   1.43061e+01   2.54894e-01   2.97180e-04   1.02223e-01
   8  tau_run2    -1.00005e-07   2.25274e-06   5.00000e-01   1.37145e+00
                               ERR DEF= 0.5
 EXTERNAL ERROR MATRIX.    NDIM=  25    NPAR=  8    ERR DEF=0.5
  1.218e-02  3.391e-03  3.637e-03  9.403e-05  1.671e-04 -2.316e-04 -1.597e-02  5.328e-14 
  3.391e-03  1.114e-02  2.322e-03  1.356e-04  2.410e-04  8.868e-05 -1.004e-02 -4.673e-14 
  3.637e-03  2.322e-03  2.604e-03 -4.375e-05 -7.776e-05 -3.203e-05 -1.222e-02  6.044e-15 
  9.403e-05  1.356e-04 -4.375e-05  1.417e-02  6.097e-03 -1.170e-06  1.908e-04  9.576e-16 
  1.671e-04  2.410e-04 -7.776e-05  6.097e-03  1.816e+02 -2.080e-06  3.391e-04  1.660e-15 
 -2.316e-04  8.868e-05 -3.203e-05 -1.170e-06 -2.080e-06  2.836e-03  1.099e-04 -1.677e-16 
 -1.597e-02 -1.004e-02 -1.222e-02  1.908e-04  3.391e-04  1.099e-04  6.513e-02 -2.679e-14 
  5.328e-14 -4.673e-14  6.044e-15  9.576e-16  1.660e-15 -1.677e-16 -2.679e-14  9.801e-13 
 PARAMETER  CORRELATION COEFFICIENTS  
       NO.  GLOBAL      1      2      3      4      5      6      7      8
        1  0.65670   1.000  0.291  0.646  0.007  0.000 -0.039 -0.567  0.000
        2  0.44171   0.291  1.000  0.431  0.011  0.000  0.016 -0.373 -0.000
        3  0.95161   0.646  0.431  1.000 -0.007 -0.000 -0.012 -0.939  0.000
        4  0.02371   0.007  0.011 -0.007  1.000  0.004 -0.000  0.006  0.000
        5  0.00381   0.000  0.000 -0.000  0.004  1.000 -0.000  0.000  0.000
        6  0.04966  -0.039  0.016 -0.012 -0.000 -0.000  1.000  0.008 -0.000
        7  0.94070  -0.567 -0.373 -0.939  0.006  0.000  0.008  1.000 -0.000
        8  0.00000   0.000 -0.000  0.000  0.000  0.000 -0.000 -0.000  1.000
 **********
 **   22 **SET ERR         0.5
 **********
 **********
 **   23 **SET PRINT           1
 **********
 **********
 **   24 **HESSE        4000
 **********
 MINUIT WARNING IN HESSE   
 ============== Negative diagonal element 8 in Error Matrix
 MINUIT WARNING IN HESSE   
 ============== 1.00001 added to diagonal of error matrix
 COVARIANCE MATRIX CALCULATED SUCCESSFULLY
 FCN=-158076 FROM HESSE     STATUS=OK            101 CALLS        1049 TOTAL
                     EDM=3.42361    STRATEGY= 2      ERROR MATRIX ACCURATE 
  EXT PARAMETER                                INTERNAL      INTERNAL  
  NO.   NAME      VALUE            ERROR       STEP SIZE       VALUE   
   1  a1_Run2      2.01619e+00   9.65622e-02   3.53186e-02   3.23772e-02
   2  a2_Run2      2.15092e+00   1.04368e-01   5.00000e-01   1.51498e-01
   3  lambda_Run2  -2.01763e+00   2.84762e-02   5.62009e-03   1.27276e+00
   4  mcnbkg_run2   1.00039e+00   3.12472e+00   1.91103e-01  -1.57055e+00
                                 WARNING -   - ABOVE PARAMETER IS AT LIMIT.
   5  mcnsig_run2   2.51897e+04   2.84189e+01   5.00000e-01  -2.35407e+01
   6  mean_Run2    5.62012e+03   4.95823e-02   1.12059e-02   1.19141e-01
   7  sigma_Run2   1.43061e+01   1.56090e-01   6.06247e-03   1.02223e-01
   8  tau_run2    -1.00005e-07   2.25274e-06   5.00000e-01   1.37145e+00
                               ERR DEF= 0.5
 EXTERNAL ERROR MATRIX.    NDIM=  25    NPAR=  8    ERR DEF=0.5
  9.443e-03  2.459e-03  1.122e-03  2.256e-03  5.564e-02 -1.963e-04 -4.390e-03  3.336e-13 
  2.459e-03  1.093e-02  7.021e-04  2.287e-03  5.644e-02  1.057e-04 -2.477e-03  2.211e-13 
  1.122e-03  7.021e-04  8.273e-04 -2.376e-04 -5.853e-03 -1.133e-05 -3.807e-03 -2.461e-14 
  2.256e-03  2.287e-03 -2.376e-04  4.865e-03  1.196e-01 -2.609e-05  6.531e-04  5.933e-13 
  5.564e-02  5.644e-02 -5.853e-03  1.196e-01  1.610e+02 -6.427e-04  1.610e-02  1.460e-11 
 -1.963e-04  1.057e-04 -1.133e-05 -2.609e-05 -6.427e-04  2.460e-03  2.707e-05 -3.714e-15 
 -4.390e-03 -2.477e-03 -3.807e-03  6.531e-04  1.610e-02  2.707e-05  2.439e-02  6.080e-14 
  3.336e-13  2.211e-13 -2.461e-14  5.933e-13  1.460e-11 -3.714e-15  6.080e-14  9.801e-13 
 PARAMETER  CORRELATION COEFFICIENTS  
       NO.  GLOBAL      1      2      3      4      5      6      7      8
        1  0.57023   1.000  0.242  0.402  0.333  0.045 -0.041 -0.289  0.000
        2  0.43159   0.242  1.000  0.233  0.314  0.043  0.020 -0.152  0.000
        3  0.88173   0.402  0.233  1.000 -0.118 -0.016 -0.008 -0.848 -0.000
        4  0.54566   0.333  0.314 -0.118  1.000  0.135 -0.008  0.060  0.000
        5  0.13510   0.045  0.043 -0.016  0.135  1.000 -0.001  0.008  0.000
        6  0.05163  -0.041  0.020 -0.008 -0.008 -0.001  1.000  0.003 -0.000
        7  0.85487  -0.289 -0.152 -0.848  0.060  0.008  0.003  1.000  0.000
        8  0.00001   0.000  0.000 -0.000  0.000  0.000 -0.000  0.000  1.000
Importing Run 1 data
Run 1 nentries = 8676
Done making RooDataHist
RooDataHist::ds1[Lb_DTF_M_JpsiLConstr] = 325 bins (8676 weights)
Done importing Run 1 data
Importing Run 2 data
Run 2 nentries = 29645
Done making RooDataHist
RooDataHist::ds2[Lb_DTF_M_JpsiLConstr] = 325 bins (29645 weights)
Done importing Run 2 data
before sb fit
 **********
 **    1 **SET PRINT           1
 **********
 **********
 **    2 **SET NOGRAD
 **********
 PARAMETER DEFINITIONS:
    NO.   NAME         VALUE      STEP SIZE      LIMITS
     1 slope_Run2  -2.00000e+00  2.50000e-01   -5.00000e+00  0.00000e+00
 **********
 **    3 **SET ERR         0.5
 **********
 **********
 **    4 **SET PRINT           1
 **********
 **********
 **    5 **SET STR           1
 **********
 NOW USING STRATEGY  1: TRY TO BALANCE SPEED AGAINST RELIABILITY
 **********
 **    6 **MIGRAD         500           1
 **********
 FIRST CALL TO USER FUNCTION AT NEW START POINT, WITH IFLAG=4.
 START MIGRAD MINIMIZATION.  STRATEGY  1.  CONVERGENCE WHEN EDM .LT. 1.00e-03
 FCN=86.7959 FROM MIGRAD    STATUS=INITIATE        4 CALLS           5 TOTAL
                     EDM= unknown      STRATEGY= 1      NO ERROR MATRIX       
  EXT PARAMETER               CURRENT GUESS       STEP         FIRST   
  NO.   NAME      VALUE            ERROR          SIZE      DERIVATIVE 
   1  slope_Run2  -2.00000e+00   2.50000e-01   1.02263e-01  -3.93898e+00
                               ERR DEF= 0.5
 MIGRAD MINIMIZATION HAS CONVERGED.
 MIGRAD WILL VERIFY CONVERGENCE AND ERROR MATRIX.
 COVARIANCE MATRIX CALCULATED SUCCESSFULLY
 FCN=86.7429 FROM MIGRAD    STATUS=CONVERGED      19 CALLS          20 TOTAL
                     EDM=5.00272e-10    STRATEGY= 1      ERROR MATRIX ACCURATE 
  EXT PARAMETER                                   STEP         FIRST   
  NO.   NAME      VALUE            ERROR          SIZE      DERIVATIVE 
   1  slope_Run2  -1.93811e+00   1.78827e-01   4.71009e-04   3.04412e-04
                               ERR DEF= 0.5
 EXTERNAL ERROR MATRIX.    NDIM=  25    NPAR=  1    ERR DEF=0.5
  3.204e-02 
 **********
 **    7 **SET ERR         0.5
 **********
 **********
 **    8 **SET PRINT           1
 **********
 **********
 **    9 **HESSE         500
 **********
 COVARIANCE MATRIX CALCULATED SUCCESSFULLY
 FCN=86.7429 FROM HESSE     STATUS=OK              5 CALLS          25 TOTAL
                     EDM=4.99806e-10    STRATEGY= 1      ERROR MATRIX ACCURATE 
  EXT PARAMETER                                INTERNAL      INTERNAL  
  NO.   NAME      VALUE            ERROR       STEP SIZE       VALUE   
   1  slope_Run2  -1.93811e+00   1.78828e-01   1.88403e-05   2.26693e-01
                               ERR DEF= 0.5
 EXTERNAL ERROR MATRIX.    NDIM=  25    NPAR=  1    ERR DEF=0.5
  3.204e-02 
RooDataHist::combData[sample,Lb_DTF_M_JpsiLConstr] = 650 bins (38321 weights)
Done importing combData and simPdf
**********Printing w after all imports***********

RooWorkspace(w) w contents

variables
---------
(Lb_DTF_M_JpsiLConstr,R,R_1405,R_1520,R_1600,a1_Run1,a1_Run2,a2_Run1,a2_Run2,eff_ratio1,eff_ratio2,eff_ratio_1405_1,eff_ratio_1405_2,eff_ratio_1520_1,eff_ratio_1520_2,eff_ratio_1600_1,eff_ratio_1600_2,geff_ratio1,geff_ratio2,geff_ratio_1405_1,geff_ratio_1405_2,geff_ratio_1520_1,geff_ratio_1520_2,geff_ratio_1600_1,geff_ratio_1600_2,gnXib1,gnXib2,gshift_Xib,lambda_Run1,lambda_Run2,mcnbkg_run1,mcnbkg_run2,mcnsig_run1,mcnsig_run2,mean_Run1,mean_Run2,miscLstMean_Run1,miscLstMean_Run2,miscLstSigma_Run1,miscLstSigma_Run2,nBkg_Run1,nBkg_Run2,nJpsiKs_Run1,nJpsiKs_Run2,nLb_Run1,nLb_Run2,nMiscLst_Run1,nMiscLst_Run2,nXib1,nXib2,nXib_JpsiLambda_Run1,nXib_JpsiLambda_Run2,sample,shift_Xib,sigma_Run1,sigma_Run2,slope_Run1,slope_Run2,tau_run1,tau_run2)

p.d.f.s
-------
RooExponential::Bkg_Run1[ x=Lb_DTF_M_JpsiLConstr c=Bkg_Run1_2 ] = 5.82432e-24
RooExponential::Bkg_Run2[ x=Lb_DTF_M_JpsiLConstr c=Bkg_Run2_2 ] = 1.60899e-27
RooKeysPdf::JPSIKS_RUN1[ x=Lb_DTF_M_JpsiLConstr ] = 2.82586e-05
RooKeysPdf::JPSIKS_RUN2[ x=Lb_DTF_M_JpsiLConstr ] = 3.3492e-05
RooKeysPdf::LST1405_Run1[ x=Lb_DTF_M_JpsiLConstr ] = 0.00178983
RooKeysPdf::LST1405_Run2[ x=Lb_DTF_M_JpsiLConstr ] = 0.00186266
RooKeysPdf::LST1520_Run1[ x=Lb_DTF_M_JpsiLConstr ] = 0.00117134
RooKeysPdf::LST1520_Run2[ x=Lb_DTF_M_JpsiLConstr ] = 0.0012504
RooKeysPdf::LST1600_Run1[ x=Lb_DTF_M_JpsiLConstr ] = 0.000723199
RooKeysPdf::LST1600_Run2[ x=Lb_DTF_M_JpsiLConstr ] = 0.000804812
RooHypatia2::Lb_Run1[ x=Lb_DTF_M_JpsiLConstr l=lambda_Run1 zeta=0 fb=0 sigma=sigma_Run1 mu=mean_Run1 a=a1_Run1 n=2 a2=a2_Run1 n2=2 ] = 4.85901e-05
RooHypatia2::Lb_Run2[ x=Lb_DTF_M_JpsiLConstr l=lambda_Run2 zeta=0 fb=0 sigma=sigma_Run2 mu=mean_Run2 a=a1_Run2 n=2 a2=a2_Run2 n2=2 ] = 5.25208e-05
RooKeysPdf::SIG_Run1[ x=Lb_DTF_M_JpsiLConstr ] = 9.87165e-05
RooKeysPdf::SIG_Run2[ x=Lb_DTF_M_JpsiLConstr ] = 5.03456e-05
RooKeysPdf::XIB_RUN1[ x=Lb_DTF_M_JpsiLConstr ] = 0.00181986
RooKeysPdf::XIB_RUN2[ x=Lb_DTF_M_JpsiLConstr ] = 0.00158025
RooHypatia2::Xib_Run1[ x=Lb_DTF_M_JpsiLConstr l=lambda_Run1 zeta=0 fb=0 sigma=sigma_Run1 mu=XibMean_Run1 a=a1_Run1 n=2 a2=a2_Run1 n2=2 ] = 1.73817e-05
RooHypatia2::Xib_Run2[ x=Lb_DTF_M_JpsiLConstr l=lambda_Run2 zeta=0 fb=0 sigma=sigma_Run2 mu=XibMean_Run2 a=a1_Run2 n=2 a2=a2_Run2 n2=2 ] = 1.87195e-05
RooGaussian::eff_ratio_1405_constraint1[ x=geff_ratio_1405_1 mean=eff_ratio_1405_1 sigma=0.007725 ] = 1
RooGaussian::eff_ratio_1405_constraint2[ x=geff_ratio_1405_2 mean=eff_ratio_1405_2 sigma=0.009657 ] = 1
RooGaussian::eff_ratio_1520_constraint1[ x=geff_ratio_1520_1 mean=eff_ratio_1520_1 sigma=0.00683 ] = 1
RooGaussian::eff_ratio_1520_constraint2[ x=geff_ratio_1520_2 mean=eff_ratio_1520_2 sigma=0.010294 ] = 1
RooGaussian::eff_ratio_1600_constraint1[ x=geff_ratio_1600_1 mean=eff_ratio_1600_1 sigma=0.005965 ] = 1
RooGaussian::eff_ratio_1600_constraint2[ x=geff_ratio_1600_2 mean=eff_ratio_1600_2 sigma=0.007355 ] = 1
RooGaussian::eff_ratio_constraint1[ x=geff_ratio1 mean=eff_ratio1 sigma=0.023991 ] = 1
RooGaussian::eff_ratio_constraint2[ x=geff_ratio2 mean=eff_ratio2 sigma=0.01215 ] = 1
RooGaussian::lstLump_Run1[ x=Lb_DTF_M_JpsiLConstr mean=miscLstMean_Run1 sigma=miscLstSigma_Run1 ] = 9.68465e-08
RooGaussian::lstLump_Run2[ x=Lb_DTF_M_JpsiLConstr mean=miscLstMean_Run2 sigma=miscLstSigma_Run2 ] = 9.68465e-08
RooAddPdf::mcFit_Run1[ mcnsig_run1 * Lb_Run1 + mcnbkg_run1 * mcbkg_Run1 ] = 0.00143284
RooAddPdf::mcFit_Run2[ mcnsig_run2 * Lb_Run2 + mcnbkg_run2 * mcbkg_Run2 ] = 9.22101e-05
RooExponential::mcbkg_Run1[ x=Lb_DTF_M_JpsiLConstr c=tau_run1 ] = 0.999472
RooExponential::mcbkg_Run2[ x=Lb_DTF_M_JpsiLConstr c=tau_run2 ] = 0.999465
RooAddPdf::model1[ nSigma1 * SIG_Run1 + nLb_Run1 * Lb_Run1 + nXib1 * XIB_RUN1 + n1405_Run1 * LST1405_Run1 + n1520_Run1 * LST1520_Run1 + n1600_Run1 * LST1600_Run1 + nMiscLst_Run1 * lstLump_Run1 + nBkg_Run1 * Bkg_Run1 + nXib_JpsiLambda_Run1 * Xib_Run1 + nJpsiKs_Run1 * JPSIKS_RUN1 ] = 7.21402e-05
