************************
************************
************************
************************
************************
************************
************************
************************
************************
************************
Wed Aug 21 16:17:44 EDT 2019
-------------------------
Set LHCb Style - Feb 2012
-------------------------
inputFlag = 1
#######################################
Input file exists! Hurray!
Printing contents of w1 from input file

RooWorkspace(w1) w1 contents

variables
---------
(GB_WT,Lb_DTF_M_JpsiLConstr,sample,totWt,wt_tau)

p.d.f.s
-------
RooKeysPdf::JPSIKS_RUN1[ x=Lb_DTF_M_JpsiLConstr ] = 2.43872e-05
RooKeysPdf::JPSIKS_RUN2[ x=Lb_DTF_M_JpsiLConstr ] = 2.79234e-05
RooKeysPdf::LST1405_Run1[ x=Lb_DTF_M_JpsiLConstr ] = 0.00191634
RooKeysPdf::LST1405_Run2[ x=Lb_DTF_M_JpsiLConstr ] = 0.0021079
RooKeysPdf::LST1520_Run1[ x=Lb_DTF_M_JpsiLConstr ] = 0.00125289
RooKeysPdf::LST1520_Run2[ x=Lb_DTF_M_JpsiLConstr ] = 0.00145972
RooKeysPdf::LST1600_Run1[ x=Lb_DTF_M_JpsiLConstr ] = 0.000758203
RooKeysPdf::LST1600_Run2[ x=Lb_DTF_M_JpsiLConstr ] = 0.000947975
RooKeysPdf::SIG_Run1[ x=Lb_DTF_M_JpsiLConstr ] = 9.88887e-05
RooKeysPdf::SIG_Run2[ x=Lb_DTF_M_JpsiLConstr ] = 4.61881e-05
RooKeysPdf::XIB_RUN1[ x=Lb_DTF_M_JpsiLConstr ] = 0.00193184
RooKeysPdf::XIB_RUN2[ x=Lb_DTF_M_JpsiLConstr ] = 0.00169339

datasets
--------
RooDataSet::ds_sig_Run1(Lb_DTF_M_JpsiLConstr,GB_WT,wt_tau,totWt)
RooDataSet::ds_sig_wt_Run1(Lb_DTF_M_JpsiLConstr)
RooDataSet::ds_sig_Run2(Lb_DTF_M_JpsiLConstr,GB_WT,wt_tau,totWt)
RooDataSet::ds_sig_wt_Run2(Lb_DTF_M_JpsiLConstr)
RooDataSet::ds_1405_Run1(Lb_DTF_M_JpsiLConstr)
RooDataSet::ds_1405_Run2(Lb_DTF_M_JpsiLConstr)
RooDataSet::ds_1520_Run1(Lb_DTF_M_JpsiLConstr)
RooDataSet::ds_1520_Run2(Lb_DTF_M_JpsiLConstr)
RooDataSet::ds_1600_Run1(Lb_DTF_M_JpsiLConstr)
RooDataSet::ds_1600_Run2(Lb_DTF_M_JpsiLConstr)
RooDataSet::ds_xi_Run1(Lb_DTF_M_JpsiLConstr,GB_WT)
RooDataSet::ds_xi_wt_Run1(Lb_DTF_M_JpsiLConstr)
RooDataSet::ds_xi_Run2(Lb_DTF_M_JpsiLConstr,GB_WT)
RooDataSet::ds_xi_wt_Run2(Lb_DTF_M_JpsiLConstr)
RooDataSet::ds_jpsiks_Run1(Lb_DTF_M_JpsiLConstr)
RooDataSet::ds_jpsiks_Run2(Lb_DTF_M_JpsiLConstr)
RooDataHist::ds1(Lb_DTF_M_JpsiLConstr)
RooDataHist::ds2(Lb_DTF_M_JpsiLConstr)
RooDataHist::combData(sample,Lb_DTF_M_JpsiLConstr)

#######################################
[#1] INFO:Eval -- RooRealVar::setRange(Lb_DTF_M_JpsiLConstr) new range named 'signal_window' created with bounds [5365,5600]
[#1] INFO:Eval -- RooRealVar::setRange(Lb_DTF_M_JpsiLConstr) new range named 'sideband_window' created with bounds [5800,6000]
[#1] INFO:Eval -- RooRealVar::setRange(Lb_DTF_M_JpsiLConstr) new range named 'simFit_window' created with bounds [5500,5740]
@@@@@@@@@@@@@@@@@@@@@@@@@@@@@@@@@@@@@@@
Get Xib Normalization
@@@@@@@@@@@@@@@@@@@@@@@@@@@@@@@@@@@@@@@
xibYield = 36.361+/-7.75666+/-3.27249
UNWEIGHTED Xib->JpsiXi Eff = 0.0631 % +/- 0.0014 %
WEIGHTED Xib->JpsiXi Eff = 0.0728 % +/- 0.0015 %
UNWEIGHTED Xib->JpsiLambda Eff = 0.0217 % +/-0.0008 %
WEIGHTED Xib->JpsiLambda Eff = 0.0279 % +/-0.0009 %
UNWEIGTED Norm = 23.9734629927+/-5.11410581275+/-2.80705821805
WEIGHTED Norm = 26.7802408892+/-5.71285782283+/-3.10635598493
BREAKUP OF SYSTEMATICS:
Overall Syst     = 11.5994325734%
*Tracking        = 5.0%
*Xi Vtx          = 1.4%
*Xib Yield       = 9.0%
*Xib->JpsiL eff  = 3.35999467857%
*Xib->JpsiXi eff = 2.08057811171%
*tauXib-/tauXib0 = 3.3118675253%
************************************************
The UNWEIGHTED LL Xib normalization for Run 1 is 23.9735 +/- 5.11411 +/- 2.80706
The WEIGHTED LL Xib normalization for Run 1 is 26.7802 +/- 5.71286 +/- 3.10636
************************************************
xibYield = 173.281+/-16.4207+/-10.39686
UNWEIGHTED Xib->JpsiXi Eff = 0.0650 % +/- 0.0014 %
WEIGHTED Xib->JpsiXi Eff = 0.0725 % +/- 0.0015 %
UNWEIGHTED Xib->JpsiLambda Eff = 0.0230 % +/-0.0008 %
WEIGHTED Xib->JpsiLambda Eff = 0.0254 % +/-0.0009 %
UNWEIGTED Norm = 117.699455398+/-11.1536028027+/-11.2234896132
WEIGHTED Norm = 116.798477511+/-11.0682230577+/-11.0974646865
BREAKUP OF SYSTEMATICS:
Overall Syst     = 9.501377863%
*Tracking        = 5.0%
*Xi Vtx          = 1.4%
*Xib Yield       = 6.0%
*Xib->JpsiL eff  = 3.45465742747%
*Xib->JpsiXi eff = 2.10072769515%
*tauXib-/tauXib0 = 3.3118675253%
************************************************
The UNWEIGHTED LL Xib normalization for Run 2 is 117.699 +/- 11.1536 +/- 11.2235
The WEIGHTED LL Xib normalization for Run 2 is 116.798 +/- 11.0682 +/- 11.0975
************************************************
@@@@@@@@@@@@@@@@@@@@@@@@@@@@@@@@@@@@@@@
Get Lb -> J/psi Lambda efficiency
@@@@@@@@@@@@@@@@@@@@@@@@@@@@@@@@@@@@@@@
************************************************
Run 1 UNWEIGHTED Jpsi Lambda Eff = 0.111904 % +/- 0.00132019 %
Run 1 WEIGHTED Jpsi Lambda Eff = 0.133699 % +/- 0.00151134 %
************************************************
************************************************
Run 2 UNWEIGHTED Jpsi Lambda Eff = 0.11838 % +/- 0.000841067 %
Run 2 WEIGHTED Jpsi Lambda Eff = 0.117279 % +/- 0.000876137 %
************************************************
@@@@@@@@@@@@@@@@@@@@@@@@@@@@@@@@@@@@@@@
Get Lb -> J/psi Sigma efficiency and shape
@@@@@@@@@@@@@@@@@@@@@@@@@@@@@@@@@@@@@@@
************************************************
Run 1 UNWEIGHTED Jpsi Sigma Eff = 0.0932494 % +/- 0.00182039 %
Run 1 WEIGHTED Jpsi Sigma Eff = 0.110345 % +/- 0.00209538 %
************************************************
***************************************
Run 1 UNWEIGHTED Lambda/Sigma efficiency ratio = 1.20005 +/- 0.0273727
Run 1 WEIGHTED Lambda/Sigma efficiency ratio   = 1.21165 +/- 0.0267764
***************************************
Done importing Jpsi Sigma shape
************************************************
Run 2 UNWEIGHTED Jpsi Sigma Eff = 0.109288 % +/- 0.00104922 %
Run 2 WEIGHTED Jpsi Sigma Eff = 0.110501 % +/- 0.00112373 %
************************************************
***************************************
Run 2 UNWEIGHTED Lambda/Sigma efficiency ratio = 1.08319 +/- 0.0129372
Run 2 WEIGHTED Lambda/Sigma efficiency ratio   = 1.06135 +/- 0.0133926
***************************************
Done importing Jpsi Sigma shape
@@@@@@@@@@@@@@@@@@@@@@@@@@@@@@@@@@@@@@@
Get Lb -> J/psi Lst(1405) efficiency and shape
@@@@@@@@@@@@@@@@@@@@@@@@@@@@@@@@@@@@@@@
************************************************
Run 1 UNWEIGHTED Jpsi /(1405) Eff = 0.0727172 % +/- 0.000547477 %
Run 1 WEIGHTED Jpsi /(1405) Eff = 0.0735484 % +/- 0.000542686 %
************************************************
***************************************
Run 1 UNWEIGHTED /(1405)/Lambda efficiency ratio = 0.543886 +/- 0.00738692
Run 1 WEIGHTED /(1405)/Lambda efficiency ratio   = 0.550103 +/- 0.00742587
***************************************
Done importing Jpsi Lst(1405) shape
************************************************
Run 2 UNWEIGHTED Jpsi /(1405) Eff = 0.0717729 % +/- 0.000846699 %
Run 2 WEIGHTED Jpsi /(1405) Eff = 0.0720796 % +/- 0.000846743 %
************************************************
***************************************
Run 2 UNWEIGHTED /(1405)/Lambda efficiency ratio = 0.611983 +/- 0.00854534
Run 2 WEIGHTED /(1405)/Lambda efficiency ratio   = 0.614598 +/- 0.00855613
***************************************
Done importing Jpsi Lst(1405) shape
************************************************
Run 1 UNWEIGHTED Jpsi /(1520) Eff = 0.0618024 % +/- 0.000512593 %
Run 1 WEIGHTED Jpsi /(1520) Eff = 0.0624764 % +/- 0.000507844 %
************************************************
***************************************
Run 1 UNWEIGHTED /(1520)/Lambda efficiency ratio = 0.462249 +/- 0.00648092
Run 1 WEIGHTED /(1520)/Lambda efficiency ratio   = 0.46729 +/- 0.00650615
***************************************
Done importing Jpsi Lst(1520) shape
************************************************
Run 2 UNWEIGHTED Jpsi /(1520) Eff = 0.0598215 % +/- 0.000928356 %
Run 2 WEIGHTED Jpsi /(1520) Eff = 0.060059 % +/- 0.00092921 %
************************************************
***************************************
Run 2 UNWEIGHTED /(1520)/Lambda efficiency ratio = 0.510077 +/- 0.0087852
Run 2 WEIGHTED /(1520)/Lambda efficiency ratio   = 0.512102 +/- 0.00879832
***************************************
Done importing Jpsi Lst(1520) shape
************************************************
Run 1 UNWEIGHTED Jpsi /(1600) Eff = 0.0535997 % +/- 0.000454484 %
Run 1 WEIGHTED Jpsi /(1600) Eff = 0.0541655 % +/- 0.000450103 %
************************************************
***************************************
Run 1 UNWEIGHTED /(1600)/Lambda efficiency ratio = 0.400897 +/- 0.00566497
Run 1 WEIGHTED /(1600)/Lambda efficiency ratio   = 0.405129 +/- 0.00568384
***************************************
Done importing Jpsi Lst(1600) shape
************************************************
Run 2 UNWEIGHTED Jpsi /(1600) Eff = 0.0507385 % +/- 0.000657189 %
Run 2 WEIGHTED Jpsi /(1600) Eff = 0.0509267 % +/- 0.000656319 %
************************************************
***************************************
Run 2 UNWEIGHTED /(1600)/Lambda efficiency ratio = 0.43263 +/- 0.00646887
Run 2 WEIGHTED /(1600)/Lambda efficiency ratio   = 0.434234 +/- 0.00646844
***************************************
Done importing Jpsi Lst(1600) shape
***************************************
Get J/psi Xi shape from MC
***************************************
Done importing Xib shape
Done importing Xib shape
***************************************
Get J/psi Ks shape from MC
***************************************
Done importing Xib shape
Done defining J/psi Lambda Hypatia shapes
*****UING EXPONENTIAL BKG SHAPE*****
Done defining cont. bkg exp. shapes
Done defining Misc Lambda* Gaussian shapes
RooDataSet::ds_sim1[Lb_DTF_M_JpsiLConstr,GB_WT,wt_tau] = 8123 entries
RooDataSet::ds_sim_wt1[Lb_DTF_M_JpsiLConstr,weight:totWt] = 8123 entries (8965.27 weighted)
mcNentries = 8965.27
RooDataSet::ds_sim2[Lb_DTF_M_JpsiLConstr,GB_WT,wt_tau] = 25295 entries
RooDataSet::ds_sim_wt2[Lb_DTF_M_JpsiLConstr,weight:totWt] = 25295 entries (22277.7 weighted)
mcNentries = 22277.7
reduceEng varSubset = (Lb_DTF_M_JpsiLConstr) _wgtVar = totWt
 **********
 **    1 **SET PRINT           1
 **********
 **********
 **    2 **SET NOGRAD
 **********
 PARAMETER DEFINITIONS:
    NO.   NAME         VALUE      STEP SIZE      LIMITS
     1 a1_Run1      1.80000e+00  1.00000e-01    1.00000e+00  2.00000e+00
     2 a2_Run1      1.70000e+00  4.00000e-02    1.50000e+00  1.90000e+00
     3 lambda_Run1  -2.59000e+00  8.00000e-02   -2.80000e+00 -2.00000e+00
     4 mcnbkg_run1   4.48314e+03  8.96427e+02    1.00000e+00  8.96527e+03
     5 mcnsig_run1   8.96027e+03  2.50000e+00    4.48264e+03  8.96527e+03
     6 mean_Run1    5.61960e+03  2.00000e-01    5.61900e+03  5.62100e+03
     7 sigma_Run1   1.50000e+01  6.00000e-01    1.20000e+01  1.80000e+01
     8 tau_run1    -1.00000e-07  4.95000e-08   -1.00000e-05 -1.00000e-09
 **********
 **    3 **SET ERR         0.5
 **********
 **********
 **    4 **SET PRINT           1
 **********
 **********
 **    5 **SET STR           2
 **********
 NOW USING STRATEGY  2: MAKE SURE MINIMUM TRUE, ERRORS CORRECT  
 **********
 **    6 **MIGRAD        4000           1
 **********
 FIRST CALL TO USER FUNCTION AT NEW START POINT, WITH IFLAG=4.
 START MIGRAD MINIMIZATION.  STRATEGY  2.  CONVERGENCE WHEN EDM .LT. 1.00e-03
 MINUIT WARNING IN HESSE   
 ============== Negative diagonal element 5 in Error Matrix
 MINUIT WARNING IN HESSE   
 ============== 234.357 added to diagonal of error matrix
 COVARIANCE MATRIX CALCULATED SUCCESSFULLY
 FCN=-36976.6 FROM HESSE     STATUS=OK             77 CALLS          78 TOTAL
                     EDM=11746.6    STRATEGY= 2      ERROR MATRIX ACCURATE 
  EXT PARAMETER                                   STEP         FIRST   
  NO.   NAME      VALUE            ERROR          SIZE      DERIVATIVE 
   1  a1_Run1      1.80000e+00   2.45642e-02   2.57889e-02  -1.74222e+01
   2  a2_Run1      1.70000e+00   1.28940e-02   5.00000e-01  -1.15221e+01
   3  lambda_Run1  -2.59000e+00   1.96170e-02   3.77659e-01   8.79244e+01
   4  mcnbkg_run1   4.48314e+03   1.92508e+02   2.31271e-01   3.51736e+03
   5  mcnsig_run1   8.96027e+03   2.82848e+03   1.76432e-01   1.60298e+01
   6  mean_Run1    5.61960e+03   5.10561e-02   4.40484e-01  -2.83760e+01
   7  sigma_Run1   1.50000e+01   1.39123e-01   2.45635e-01   1.16626e+02
   8  tau_run1    -1.00000e-07   6.46228e-08   5.00000e-01  -2.50699e-04
                               ERR DEF= 0.5
 MIGRAD FAILS TO FIND IMPROVEMENT
 MIGRAD MINIMIZATION HAS CONVERGED.
 MIGRAD WILL VERIFY CONVERGENCE AND ERROR MATRIX.
 COVARIANCE MATRIX CALCULATED SUCCESSFULLY
 FCN=-40026.6 FROM HESSE     STATUS=OK             75 CALLS         749 TOTAL
                     EDM=0.847708    STRATEGY= 2      ERROR MATRIX ACCURATE 
  EXT PARAMETER                                   STEP         FIRST   
  NO.   NAME      VALUE            ERROR          SIZE      DERIVATIVE 
   1  a1_Run1      1.80588e+00   2.03767e-01   4.01771e-02   3.19144e-02
   2  a2_Run1      1.88149e+00   2.08603e-01   4.03860e-01   2.19823e-01
   3  lambda_Run1  -2.20547e+00   1.41766e-01   1.15247e-02   1.37296e-01
   4  mcnbkg_run1   1.09416e+01   1.96790e+01   5.33267e-03  -2.16227e-01
   5  mcnsig_run1   8.95421e+03   1.97487e+02   5.17142e-02   2.84218e-03
   6  mean_Run1    5.61984e+03   8.56347e-02   1.19669e-02   4.84108e-02
   7  sigma_Run1   1.44425e+01   6.11574e-01   6.76852e-03   2.63972e-02
   8  tau_run1    -9.99327e-08   7.60072e-06   5.00000e-01  -1.34440e-04
                               ERR DEF= 0.5
 MIGRAD FAILS TO FIND IMPROVEMENT
 MIGRAD MINIMIZATION HAS CONVERGED.
 MIGRAD WILL VERIFY CONVERGENCE AND ERROR MATRIX.
 MINUIT WARNING IN HESSE   
 ============== Negative diagonal element 5 in Error Matrix
 MINUIT WARNING IN HESSE   
 ============== 1.43038 added to diagonal of error matrix
 COVARIANCE MATRIX CALCULATED SUCCESSFULLY
 FCN=-40026.9 FROM MIGRAD    STATUS=CONVERGED    1165 CALLS        1166 TOTAL
                     EDM=0.000350654    STRATEGY= 2      ERROR MATRIX ACCURATE 
  EXT PARAMETER                                   STEP         FIRST   
  NO.   NAME      VALUE            ERROR          SIZE      DERIVATIVE 
   1  a1_Run1      1.63644e+00   1.52564e-01   2.68520e-02   1.02748e-02
   2  a2_Run1      1.66951e+00   1.21309e-01   6.24996e-02   8.99140e-04
   3  lambda_Run1  -2.34555e+00   1.36885e-01   1.06960e-02   1.02951e-02
   4  mcnbkg_run1   4.15820e+00   2.73223e+01   9.17363e-03  -5.57094e-02
   5  mcnsig_run1   8.96493e+03   2.76145e+03   5.00000e-02  -1.67355e-02
   6  mean_Run1    5.61984e+03   8.54084e-02   1.19897e-02  -2.31741e-04
   7  sigma_Run1   1.49976e+01   5.75242e-01   6.90387e-03   4.94252e-02
   8  tau_run1    -3.69086e-09   1.64698e-06   5.00000e-01   8.29459e-06
                               ERR DEF= 0.5
 EXTERNAL ERROR MATRIX.    NDIM=  25    NPAR=  8    ERR DEF=0.5
  2.410e-02  1.297e-02  1.392e-02  8.800e-01  4.063e-01 -7.716e-04 -5.308e-02 -1.430e-12 
  1.297e-02  1.706e-02  1.014e-02  1.001e+00  4.622e-01 -5.774e-06 -3.927e-02 -2.065e-12 
  1.392e-02  1.014e-02  1.953e-02 -6.467e-01 -2.986e-01 -2.509e-04 -7.800e-02  1.367e-12 
  8.800e-01  1.001e+00 -6.467e-01  3.456e+02  1.580e+02 -1.804e-02  2.517e+00 -6.690e-10 
  4.063e-01  4.622e-01 -2.986e-01  1.580e+02  1.624e+03 -8.329e-03  1.162e+00 -3.090e-10 
 -7.716e-04 -5.774e-06 -2.509e-04 -1.804e-02 -8.329e-03  7.313e-03  8.757e-04  2.683e-14 
 -5.308e-02 -3.927e-02 -7.800e-02  2.517e+00  1.162e+00  8.757e-04  3.350e-01 -5.311e-12 
 -1.430e-12 -2.065e-12  1.367e-12 -6.690e-10 -3.090e-10  2.683e-14 -5.311e-12  1.880e-14 
 PARAMETER  CORRELATION COEFFICIENTS  
       NO.  GLOBAL      1      2      3      4      5      6      7      8
        1  0.80987   1.000  0.639  0.641  0.305  0.065 -0.058 -0.591 -0.000
        2  0.79841   0.639  1.000  0.555  0.412  0.088 -0.001 -0.519 -0.000
        3  0.97582   0.641  0.555  1.000 -0.249 -0.053 -0.021 -0.964  0.000
        4  0.79970   0.305  0.412 -0.249  1.000  0.211 -0.011  0.234 -0.000
        5  0.21092   0.065  0.088 -0.053  0.211  1.000 -0.002  0.050 -0.000
        6  0.07585  -0.058 -0.001 -0.021 -0.011 -0.002  1.000  0.018  0.000
        7  0.96600  -0.591 -0.519 -0.964  0.234  0.050  0.018  1.000 -0.000
        8  0.00026  -0.000 -0.000  0.000 -0.000 -0.000  0.000 -0.000  1.000
 **********
 **    7 **SET ERR         0.5
 **********
 **********
 **    8 **SET PRINT           1
 **********
 **********
 **    9 **HESSE        4000
 **********
 COVARIANCE MATRIX CALCULATED SUCCESSFULLY
 FCN=-40026.9 FROM HESSE     STATUS=OK             69 CALLS        1235 TOTAL
                     EDM=6.02759e-05    STRATEGY= 2      ERROR MATRIX ACCURATE 
  EXT PARAMETER                                INTERNAL      INTERNAL  
  NO.   NAME      VALUE            ERROR       STEP SIZE       VALUE   
   1  a1_Run1      1.63644e+00   2.39264e-01   1.07408e-03   2.76375e-01
   2  a2_Run1      1.66951e+00   2.82965e-01   4.99996e-04  -1.53023e-01
   3  lambda_Run1  -2.34555e+00   2.16410e-01   2.13920e-03   1.36541e-01
   4  mcnbkg_run1   4.15820e+00   2.68978e+01   7.33891e-05  -3.92324e+01
   5  mcnsig_run1   8.96493e+03   3.48860e+01   5.00000e-01  -2.24606e+02
   6  mean_Run1    5.61984e+03   8.59677e-02   9.59175e-05  -1.56298e-01
   7  sigma_Run1   1.49976e+01   8.96373e-01   1.38077e-03   6.28238e+00
   8  tau_run1    -3.69086e-09   5.00066e-06   1.00000e-01   1.60361e+00
                               ERR DEF= 0.5
 EXTERNAL ERROR MATRIX.    NDIM=  25    NPAR=  8    ERR DEF=0.5
  6.271e-02  5.214e-02  4.998e-02  1.932e+00  1.536e-01 -1.312e-03 -1.920e-01 -5.494e-09 
  5.214e-02  5.893e-02  4.719e-02  2.176e+00  1.730e-01 -3.814e-04 -1.821e-01 -7.013e-09 
  4.998e-02  4.719e-02  5.241e-02  5.869e-01  4.665e-02 -7.111e-04 -2.053e-01 -1.668e-09 
  1.932e+00  2.176e+00  5.869e-01  3.403e+02  2.672e+01 -2.390e-02 -2.162e+00 -1.044e-06 
  1.536e-01  1.730e-01  4.665e-02  2.672e+01  4.844e+01 -1.900e-03 -1.719e-01 -8.301e-08 
 -1.312e-03 -3.814e-04 -7.111e-04 -2.390e-02 -1.900e-03  7.409e-03  2.630e-03  5.453e-11 
 -1.920e-01 -1.821e-01 -2.053e-01 -2.162e+00 -1.719e-01  2.630e-03  8.286e-01  6.134e-09 
 -5.494e-09 -7.013e-09 -1.668e-09 -1.044e-06 -8.301e-08  5.453e-11  6.134e-09  1.063e-10 
 PARAMETER  CORRELATION COEFFICIENTS  
       NO.  GLOBAL      1      2      3      4      5      6      7      8
        1  0.92620   1.000  0.858  0.872  0.418  0.088 -0.061 -0.842 -0.002
        2  0.92883   0.858  1.000  0.849  0.486  0.102 -0.018 -0.824 -0.003
        3  0.99098   0.872  0.849  1.000  0.139  0.029 -0.036 -0.985 -0.001
        4  0.79247   0.418  0.486  0.139  1.000  0.208 -0.015 -0.129 -0.005
        5  0.20816   0.088  0.102  0.029  0.208  1.000 -0.003 -0.027 -0.001
        6  0.09026  -0.061 -0.018 -0.036 -0.015 -0.003  1.000  0.034  0.000
        7  0.98634  -0.842 -0.824 -0.985 -0.129 -0.027  0.034  1.000  0.001
        8  0.00552  -0.002 -0.003 -0.001 -0.005 -0.001  0.000  0.001  1.000
 **********
 **   10 **SET ERR         0.5
 **********
 **********
 **   11 **SET PRINT           1
 **********
 **********
 **   12 **HESSE        4000
 **********
 COVARIANCE MATRIX CALCULATED SUCCESSFULLY
 FCN=-56673.5 FROM HESSE     STATUS=OK             87 CALLS        1322 TOTAL
                     EDM=3.41071    STRATEGY= 2      ERROR MATRIX ACCURATE 
  EXT PARAMETER                                INTERNAL      INTERNAL  
  NO.   NAME      VALUE            ERROR       STEP SIZE       VALUE   
   1  a1_Run1      1.63644e+00   1.40972e-01   5.00000e-01   2.76375e-01
   2  a2_Run1      1.66951e+00   1.61605e-01   1.01999e-02  -1.53023e-01
   3  lambda_Run1  -2.34555e+00   1.02564e-01   4.36396e-02   1.36541e-01
   4  mcnbkg_run1   4.15820e+00   7.96407e+01   1.49714e-03  -3.92324e+01
   5  mcnsig_run1   8.96493e+03   2.83250e+01   5.00000e-01  -2.24606e+02
   6  mean_Run1    5.61984e+03   7.21032e-02   1.95672e-03  -1.56298e-01
   7  sigma_Run1   1.49976e+01   4.36189e-01   2.81678e-02   6.28238e+00
   8  tau_run1    -3.69086e-09   9.03077e-06   5.00000e-01   1.60361e+00
                               ERR DEF= 0.5
 EXTERNAL ERROR MATRIX.    NDIM=  25    NPAR=  8    ERR DEF=0.5
  2.047e-02  2.063e-02  4.360e-03  3.130e+00  2.541e-01 -3.427e-05 -1.609e-02 -3.353e-08 
  2.063e-02  3.580e-02  5.500e-03  4.722e+00  3.832e-01  6.045e-04 -2.113e-02 -5.212e-08 
  4.360e-03  5.500e-03  1.076e-02 -7.357e-01 -5.971e-02  1.256e-04 -4.339e-02  7.703e-09 
  3.130e+00  4.722e+00 -7.357e-01  1.009e+03  8.170e+01  4.699e-02  2.891e+00 -1.091e-05 
  2.541e-01  3.832e-01 -5.971e-02  8.170e+01  3.931e+01  3.814e-03  2.346e-01 -8.855e-07 
 -3.427e-05  6.045e-04  1.256e-04  4.699e-02  3.814e-03  5.208e-03 -5.445e-04 -5.337e-10 
 -1.609e-02 -2.113e-02 -4.339e-02  2.891e+00  2.346e-01 -5.445e-04  1.916e-01 -3.027e-08 
 -3.353e-08 -5.212e-08  7.703e-09 -1.091e-05 -8.855e-07 -5.337e-10 -3.027e-08  5.753e-11 
 PARAMETER  CORRELATION COEFFICIENTS  
       NO.  GLOBAL      1      2      3      4      5      6      7      8
        1  0.83344   1.000  0.762  0.294  0.689  0.283 -0.003 -0.257 -0.031
        2  0.91609   0.762  1.000  0.280  0.786  0.323  0.044 -0.255 -0.036
        3  0.96881   0.294  0.280  1.000 -0.223 -0.092  0.017 -0.955  0.010
        4  0.93739   0.689  0.786 -0.223  1.000  0.410  0.020  0.208 -0.045
        5  0.41015   0.283  0.323 -0.092  0.410  1.000  0.008  0.085 -0.019
        6  0.07338  -0.003  0.044  0.017  0.020  0.008  1.000 -0.017 -0.001
        7  0.95759  -0.257 -0.255 -0.955  0.208  0.085 -0.017  1.000 -0.009
        8  0.04531  -0.031 -0.036  0.010 -0.045 -0.019 -0.001 -0.009  1.000
reduceEng varSubset = (Lb_DTF_M_JpsiLConstr) _wgtVar = totWt
 **********
 **   13 **SET PRINT           1
 **********
 **********
 **   14 **SET NOGRAD
 **********
 PARAMETER DEFINITIONS:
    NO.   NAME         VALUE      STEP SIZE      LIMITS
     1 a1_Run2      2.00000e+00  1.00000e-01    1.50000e+00  2.50000e+00
     2 a2_Run2      1.75000e+00  2.00000e-01    1.00000e+00  3.00000e+00
     3 lambda_Run2  -2.30000e+00  8.00000e-02   -2.80000e+00 -2.00000e+00
     4 mcnbkg_run2   1.11394e+04  2.22767e+03    1.00000e+00  2.22777e+04
     5 mcnsig_run2   2.22727e+04  2.50000e+00    1.11389e+04  2.22777e+04
     6 mean_Run2    5.61960e+03  2.00000e-01    5.61900e+03  5.62100e+03
     7 sigma_Run2   1.40000e+01  6.00000e-01    1.10000e+01  1.70000e+01
     8 tau_run2    -1.00000e-07  4.95000e-08   -1.00000e-05 -1.00000e-09
 **********
 **   15 **SET ERR         0.5
 **********
 **********
 **   16 **SET PRINT           1
 **********
 **********
 **   17 **SET STR           2
 **********
 NOW USING STRATEGY  2: MAKE SURE MINIMUM TRUE, ERRORS CORRECT  
 **********
 **   18 **MIGRAD        4000           1
 **********
 FIRST CALL TO USER FUNCTION AT NEW START POINT, WITH IFLAG=4.
 START MIGRAD MINIMIZATION.  STRATEGY  2.  CONVERGENCE WHEN EDM .LT. 1.00e-03
 MINUIT WARNING IN HESSE   
 ============== Negative diagonal element 5 in Error Matrix
 MINUIT WARNING IN HESSE   
 ============== 618.545 added to diagonal of error matrix
 COVARIANCE MATRIX CALCULATED SUCCESSFULLY
 FCN=-111361 FROM HESSE     STATUS=OK             83 CALLS          84 TOTAL
                     EDM=27526.9    STRATEGY= 2      ERROR MATRIX ACCURATE 
  EXT PARAMETER                                   STEP         FIRST   
  NO.   NAME      VALUE            ERROR          SIZE      DERIVATIVE 
   1  a1_Run2      2.00000e+00   1.93526e-02   5.00000e-01  -4.44002e+01
   2  a2_Run2      1.75000e+00   3.15629e-02   4.04274e-01  -1.58628e+02
   3  lambda_Run2  -2.30000e+00   1.42914e-02   4.73824e-01   2.21074e+02
   4  mcnbkg_run2   1.11394e+04   2.96996e+02   2.49246e-01   8.63676e+03
   5  mcnsig_run2   2.22727e+04   6.97375e+03   1.11888e-01   2.64480e+01
   6  mean_Run2    5.61960e+03   3.25611e-02   5.00000e-01  -1.45267e+02
   7  sigma_Run2   1.40000e+01   8.48012e-02   2.52703e-01   1.75096e+02
   8  tau_run2    -1.00000e-07   3.97953e-08   5.00000e-01  -6.39035e-04
                               ERR DEF= 0.5
 MIGRAD MINIMIZATION HAS CONVERGED.
 MIGRAD WILL VERIFY CONVERGENCE AND ERROR MATRIX.
 COVARIANCE MATRIX CALCULATED SUCCESSFULLY
 FCN=-119007 FROM MIGRAD    STATUS=CONVERGED    1184 CALLS        1185 TOTAL
                     EDM=0.000909239    STRATEGY= 2      ERROR MATRIX ACCURATE 
  EXT PARAMETER                                   STEP         FIRST   
  NO.   NAME      VALUE            ERROR          SIZE      DERIVATIVE 
   1  a1_Run2      2.02868e+00   1.24970e-01   4.50852e-02   1.27695e-02
   2  a2_Run2      2.16656e+00   1.54758e-01   2.84376e-02   7.09207e-02
   3  lambda_Run2  -2.03718e+00   5.63670e-02   2.40473e-02   4.12950e-02
   4  mcnbkg_run2   1.00000e+00   4.31548e+00   6.62396e-03** at limit **
   5  mcnsig_run2   2.22777e+04   6.05721e+02   1.16546e-01  -5.10013e-04
   6  mean_Run2    5.62012e+03   5.63816e-02   1.35064e-02  -2.97443e-02
   7  sigma_Run2   1.43084e+01   2.68294e-01   7.34345e-03  -6.45287e-02
   8  tau_run2    -9.99989e-08   6.98278e-06   5.00000e-01  -3.68163e-08
                               ERR DEF= 0.5
 EXTERNAL ERROR MATRIX.    NDIM=  25    NPAR=  8    ERR DEF=0.5
  1.596e-02  8.544e-03  4.719e-03  1.740e-05  2.275e-04 -2.113e-04 -1.911e-02  2.528e-07 
  8.544e-03  2.415e-02  5.717e-03  2.476e-05  3.238e-04  2.989e-04 -2.321e-02 -3.913e-07 
  4.719e-03  5.717e-03  3.304e-03  4.268e-07  5.594e-06  2.049e-05 -1.445e-02 -8.577e-09 
  1.740e-05  2.476e-05  4.268e-07  4.004e-05  2.539e-04  1.956e-08 -1.790e-06 -4.243e-10 
  2.275e-04  3.238e-04  5.594e-06  2.539e-04  3.798e+01  2.561e-07 -2.344e-05 -3.723e-09 
 -2.113e-04  2.989e-04  2.049e-05  1.956e-08  2.561e-07  3.182e-03 -1.158e-04 -4.285e-09 
 -1.911e-02 -2.321e-02 -1.445e-02 -1.790e-06 -2.344e-05 -1.158e-04  7.218e-02  3.569e-08 
  2.528e-07 -3.913e-07 -8.577e-09 -4.243e-10 -3.723e-09 -4.285e-09  3.569e-08  5.418e-06 
 PARAMETER  CORRELATION COEFFICIENTS  
       NO.  GLOBAL      1      2      3      4      5      6      7      8
        1  0.66385   1.000  0.435  0.650  0.022  0.000 -0.030 -0.563  0.001
        2  0.65304   0.435  1.000  0.640  0.025  0.000  0.034 -0.556 -0.001
        3  0.95534   0.650  0.640  1.000  0.001  0.000  0.006 -0.936 -0.000
        4  0.04307   0.022  0.025  0.001  1.000  0.007  0.000 -0.001 -0.000
        5  0.00652   0.000  0.000  0.000  0.007  1.000  0.000 -0.000 -0.000
        6  0.06064  -0.030  0.034  0.006  0.000  0.000  1.000 -0.008 -0.000
        7  0.93956  -0.563 -0.556 -0.936 -0.001 -0.000 -0.008  1.000  0.000
        8  0.00183   0.001 -0.001 -0.000 -0.000 -0.000 -0.000  0.000  1.000
 **********
 **   19 **SET ERR         0.5
 **********
 **********
 **   20 **SET PRINT           1
 **********
 **********
 **   21 **HESSE        4000
 **********
 COVARIANCE MATRIX CALCULATED SUCCESSFULLY
 FCN=-119007 FROM HESSE     STATUS=OK             83 CALLS        1268 TOTAL
                     EDM=0.000646458    STRATEGY= 2      ERROR MATRIX ACCURATE 
  EXT PARAMETER                                INTERNAL      INTERNAL  
  NO.   NAME      VALUE            ERROR       STEP SIZE       VALUE   
   1  a1_Run2      2.02868e+00   1.22147e-01   5.00000e-01   5.73860e-02
   2  a2_Run2      2.16656e+00   1.12144e-01   5.00000e-01   1.67338e-01
   3  lambda_Run2  -2.03718e+00   5.36395e-02   1.92378e-04   1.13621e+00
   4  mcnbkg_run2   1.00000e+00   4.31899e+00   1.32479e-03  -1.57078e+00
                                 WARNING -   - ABOVE PARAMETER IS AT LIMIT.
   5  mcnsig_run2   2.22777e+04   3.27314e+01   5.00000e-01  -1.09932e+01
   6  mean_Run2    5.62012e+03   5.63342e-02   5.40255e-04   1.16751e-01
   7  sigma_Run2   1.43084e+01   2.73108e-01   2.93738e-04   1.02982e-01
   8  tau_run2    -9.99989e-08   7.89574e-06   1.00000e-01   1.37146e+00
                               ERR DEF= 0.5
 EXTERNAL ERROR MATRIX.    NDIM=  25    NPAR=  8    ERR DEF=0.5
  1.523e-02  3.436e-03  3.823e-03  2.250e-06  1.712e-05 -2.381e-04 -1.660e-02 -1.042e-06 
  3.436e-03  1.263e-02  2.542e-03  2.468e-06  1.878e-05  1.168e-04 -1.101e-02  6.794e-07 
  3.823e-03  2.542e-03  2.980e-03 -1.125e-06 -8.568e-06 -1.344e-05 -1.403e-02 -1.323e-07 
  2.250e-06  2.468e-06 -1.125e-06  4.008e-05  1.163e-05 -2.938e-08  4.951e-06  1.020e-10 
  1.712e-05  1.878e-05 -8.568e-06  1.163e-05  2.017e+00 -2.238e-07  3.769e-05  1.221e-09 
 -2.381e-04  1.168e-04 -1.344e-05 -2.938e-08 -2.238e-07  3.177e-03  2.000e-05 -3.055e-09 
 -1.660e-02 -1.101e-02 -1.403e-02  4.951e-06  3.769e-05  2.000e-05  7.480e-02  5.767e-07 
 -1.042e-06  6.794e-07 -1.323e-07  1.020e-10  1.221e-09 -3.055e-09  5.767e-07  5.345e-06 
 PARAMETER  CORRELATION COEFFICIENTS  
       NO.  GLOBAL      1      2      3      4      5      6      7      8
        1  0.58132   1.000  0.248  0.568  0.003  0.000 -0.034 -0.492 -0.004
        2  0.42481   0.248  1.000  0.414  0.003  0.000  0.018 -0.358  0.003
        3  0.95035   0.568  0.414  1.000 -0.003 -0.000 -0.004 -0.940 -0.001
        4  0.00873   0.003  0.003 -0.003  1.000  0.001 -0.000  0.003  0.000
        5  0.00132   0.000  0.000 -0.000  0.001  1.000 -0.000  0.000  0.000
        6  0.04532  -0.034  0.018 -0.004 -0.000 -0.000  1.000  0.001 -0.000
        7  0.94174  -0.492 -0.358 -0.940  0.003  0.000  0.001  1.000  0.001
        8  0.00516  -0.004  0.003 -0.001  0.000  0.000 -0.000  0.001  1.000
 **********
 **   22 **SET ERR         0.5
 **********
 **********
 **   23 **SET PRINT           1
 **********
 **********
 **   24 **HESSE        4000
 **********
 MINUIT WARNING IN HESSE   
 ============== Negative diagonal element 8 in Error Matrix
 MINUIT WARNING IN HESSE   
 ============== 1.00002 added to diagonal of error matrix
 COVARIANCE MATRIX CALCULATED SUCCESSFULLY
 FCN=-138959 FROM HESSE     STATUS=OK             99 CALLS        1367 TOTAL
                     EDM=6.94531    STRATEGY= 2      ERROR MATRIX ACCURATE 
  EXT PARAMETER                                INTERNAL      INTERNAL  
  NO.   NAME      VALUE            ERROR       STEP SIZE       VALUE   
   1  a1_Run2      2.02868e+00   1.12536e-01   5.00000e-01   5.73860e-02
   2  a2_Run2      2.16656e+00   1.15765e-01   5.00000e-01   1.67338e-01
   3  lambda_Run2  -2.03718e+00   2.70996e-02   3.92452e-03   1.13621e+00
   4  mcnbkg_run2   1.00000e+00   3.09131e+00   1.56852e-01  -1.57078e+00
                                 WARNING -   - ABOVE PARAMETER IS AT LIMIT.
   5  mcnsig_run2   2.22777e+04   2.80584e+01   5.00000e-01  -1.09932e+01
   6  mean_Run2    5.62012e+03   5.20540e-02   1.10212e-02   1.16751e-01
   7  sigma_Run2   1.43084e+01   1.52508e-01   5.99225e-03   1.02982e-01
   8  tau_run2    -9.99989e-08   2.25275e-06   5.00000e-01   1.37146e+00
                               ERR DEF= 0.5
 EXTERNAL ERROR MATRIX.    NDIM=  25    NPAR=  8    ERR DEF=0.5
  1.288e-02  2.735e-03  9.206e-04  2.043e-04  5.544e-03 -2.508e-04 -2.924e-03  3.292e-13 
  2.735e-03  1.346e-02  6.503e-04  1.913e-04  5.190e-03  1.453e-04 -1.861e-03  1.857e-13 
  9.206e-04  6.503e-04  7.408e-04 -1.748e-05 -4.734e-04 -4.700e-06 -3.405e-03 -1.961e-14 
  2.043e-04  1.913e-04 -1.748e-05  2.868e-05  7.745e-04 -2.153e-06  5.764e-05  3.614e-14 
  5.544e-03  5.190e-03 -4.734e-04  7.745e-04  1.728e+00 -5.839e-05  1.563e-03  9.824e-13 
 -2.508e-04  1.453e-04 -4.700e-06 -2.153e-06 -5.839e-05  2.712e-03 -9.142e-06 -3.287e-15 
 -2.924e-03 -1.861e-03 -3.405e-03  5.764e-05  1.563e-03 -9.142e-06  2.328e-02  6.489e-14 
  3.292e-13  1.857e-13 -1.961e-14  3.614e-14  9.824e-13 -3.287e-15  6.489e-14  9.801e-13 
 PARAMETER  CORRELATION COEFFICIENTS  
       NO.  GLOBAL      1      2      3      4      5      6      7      8
        1  0.50301   1.000  0.208  0.298  0.336  0.037 -0.042 -0.169  0.000
        2  0.41440   0.208  1.000  0.206  0.308  0.034  0.024 -0.105  0.000
        3  0.85537   0.298  0.206  1.000 -0.120 -0.013 -0.003 -0.820 -0.000
        4  0.51901   0.336  0.308 -0.120  1.000  0.110 -0.008  0.071  0.000
        5  0.10999   0.037  0.034 -0.013  0.110  1.000 -0.001  0.008  0.000
        6  0.05445  -0.042  0.024 -0.003 -0.008 -0.001  1.000 -0.001 -0.000
        7  0.82970  -0.169 -0.105 -0.820  0.071  0.008 -0.001  1.000  0.000
        8  0.00001   0.000  0.000 -0.000  0.000  0.000 -0.000  0.000  1.000
Importing Run 1 data
Done making RooDataHist
RooDataHist::ds1[Lb_DTF_M_JpsiLConstr] = 325 bins (8492 weights)
Done importing Run 1 data
Importing Run 2 data
Done making RooDataHist
RooDataHist::ds2[Lb_DTF_M_JpsiLConstr] = 325 bins (26113 weights)
Done importing Run 2 data
before sb fit
 **********
 **    1 **SET PRINT           1
 **********
 **********
 **    2 **SET NOGRAD
 **********
 PARAMETER DEFINITIONS:
    NO.   NAME         VALUE      STEP SIZE      LIMITS
     1 slope_Run2  -2.00000e+00  2.50000e-01   -5.00000e+00  0.00000e+00
 **********
 **    3 **SET ERR         0.5
 **********
 **********
 **    4 **SET PRINT           1
 **********
 **********
 **    5 **SET STR           1
 **********
 NOW USING STRATEGY  1: TRY TO BALANCE SPEED AGAINST RELIABILITY
 **********
 **    6 **MIGRAD         500           1
 **********
 FIRST CALL TO USER FUNCTION AT NEW START POINT, WITH IFLAG=4.
 START MIGRAD MINIMIZATION.  STRATEGY  1.  CONVERGENCE WHEN EDM .LT. 1.00e-03
 FCN=92.5556 FROM MIGRAD    STATUS=INITIATE        4 CALLS           5 TOTAL
                     EDM= unknown      STRATEGY= 1      NO ERROR MATRIX       
  EXT PARAMETER               CURRENT GUESS       STEP         FIRST   
  NO.   NAME      VALUE            ERROR          SIZE      DERIVATIVE 
   1  slope_Run2  -2.00000e+00   2.50000e-01   1.02263e-01  -4.81364e-01
                               ERR DEF= 0.5
 MIGRAD MINIMIZATION HAS CONVERGED.
 MIGRAD WILL VERIFY CONVERGENCE AND ERROR MATRIX.
 COVARIANCE MATRIX CALCULATED SUCCESSFULLY
 FCN=92.5549 FROM MIGRAD    STATUS=CONVERGED      12 CALLS          13 TOTAL
                     EDM=7.13983e-07    STRATEGY= 1      ERROR MATRIX ACCURATE 
  EXT PARAMETER                                   STEP         FIRST   
  NO.   NAME      VALUE            ERROR          SIZE      DERIVATIVE 
   1  slope_Run2  -1.99241e+00   1.91870e-01   5.34377e-04   1.07693e-02
                               ERR DEF= 0.5
 EXTERNAL ERROR MATRIX.    NDIM=  25    NPAR=  1    ERR DEF=0.5
  3.689e-02 
 **********
 **    7 **SET ERR         0.5
 **********
 **********
 **    8 **SET PRINT           1
 **********
 **********
 **    9 **HESSE         500
 **********
 COVARIANCE MATRIX CALCULATED SUCCESSFULLY
 FCN=92.5549 FROM HESSE     STATUS=OK              5 CALLS          18 TOTAL
                     EDM=7.13425e-07    STRATEGY= 1      ERROR MATRIX ACCURATE 
  EXT PARAMETER                                INTERNAL      INTERNAL  
  NO.   NAME      VALUE            ERROR       STEP SIZE       VALUE   
   1  slope_Run2  -1.99241e+00   1.91871e-01   1.06875e-04   2.04456e-01
                               ERR DEF= 0.5
 EXTERNAL ERROR MATRIX.    NDIM=  25    NPAR=  1    ERR DEF=0.5
  3.689e-02 
RooDataHist::combData[sample,Lb_DTF_M_JpsiLConstr] = 650 bins (34605 weights)
Done importing combData and simPdf
**********Printing w after all imports***********

RooWorkspace(w) w contents

variables
---------
(Lb_DTF_M_JpsiLConstr,R,R_1405,R_1520,R_1600,a1_Run1,a1_Run2,a2_Run1,a2_Run2,eff_ratio1,eff_ratio2,eff_ratio_1405_1,eff_ratio_1405_2,eff_ratio_1520_1,eff_ratio_1520_2,eff_ratio_1600_1,eff_ratio_1600_2,geff_ratio1,geff_ratio2,geff_ratio_1405_1,geff_ratio_1405_2,geff_ratio_1520_1,geff_ratio_1520_2,geff_ratio_1600_1,geff_ratio_1600_2,gnXib1,gnXib2,gshift_Xib,lambda_Run1,lambda_Run2,mcnbkg_run1,mcnbkg_run2,mcnsig_run1,mcnsig_run2,mean_Run1,mean_Run2,miscLstMean_Run1,miscLstMean_Run2,miscLstSigma_Run1,miscLstSigma_Run2,nBkg_Run1,nBkg_Run2,nJpsiKs_Run1,nJpsiKs_Run2,nLb_Run1,nLb_Run2,nMiscLst_Run1,nMiscLst_Run2,nXib1,nXib2,nXib_JpsiLambda_Run1,nXib_JpsiLambda_Run2,sample,shift_Xib,sigma_Run1,sigma_Run2,slope_Run1,slope_Run2,tau_run1,tau_run2)

p.d.f.s
-------
RooExponential::Bkg_Run1[ x=Lb_DTF_M_JpsiLConstr c=Bkg_Run1_2 ] = 5.82432e-24
RooExponential::Bkg_Run2[ x=Lb_DTF_M_JpsiLConstr c=Bkg_Run2_2 ] = 2.26905e-24
RooKeysPdf::JPSIKS_RUN1[ x=Lb_DTF_M_JpsiLConstr ] = 2.43872e-05
RooKeysPdf::JPSIKS_RUN2[ x=Lb_DTF_M_JpsiLConstr ] = 2.79234e-05
RooKeysPdf::LST1405_Run1[ x=Lb_DTF_M_JpsiLConstr ] = 0.00191634
RooKeysPdf::LST1405_Run2[ x=Lb_DTF_M_JpsiLConstr ] = 0.0021079
RooKeysPdf::LST1520_Run1[ x=Lb_DTF_M_JpsiLConstr ] = 0.00125289
RooKeysPdf::LST1520_Run2[ x=Lb_DTF_M_JpsiLConstr ] = 0.00145972
RooKeysPdf::LST1600_Run1[ x=Lb_DTF_M_JpsiLConstr ] = 0.000758203
RooKeysPdf::LST1600_Run2[ x=Lb_DTF_M_JpsiLConstr ] = 0.000947975
RooHypatia2::Lb_Run1[ x=Lb_DTF_M_JpsiLConstr l=lambda_Run1 zeta=0 fb=0 sigma=sigma_Run1 mu=mean_Run1 a=a1_Run1 n=2 a2=a2_Run1 n2=2 ] = 5.21557e-05
RooHypatia2::Lb_Run2[ x=Lb_DTF_M_JpsiLConstr l=lambda_Run2 zeta=0 fb=0 sigma=sigma_Run2 mu=mean_Run2 a=a1_Run2 n=2 a2=a2_Run2 n2=2 ] = 4.93303e-05
RooKeysPdf::SIG_Run1[ x=Lb_DTF_M_JpsiLConstr ] = 9.88887e-05
RooKeysPdf::SIG_Run2[ x=Lb_DTF_M_JpsiLConstr ] = 4.61881e-05
RooKeysPdf::XIB_RUN1[ x=Lb_DTF_M_JpsiLConstr ] = 0.00193184
RooKeysPdf::XIB_RUN2[ x=Lb_DTF_M_JpsiLConstr ] = 0.00169339
RooHypatia2::Xib_Run1[ x=Lb_DTF_M_JpsiLConstr l=lambda_Run1 zeta=0 fb=0 sigma=sigma_Run1 mu=XibMean_Run1 a=a1_Run1 n=2 a2=a2_Run1 n2=2 ] = 1.86828e-05
RooHypatia2::Xib_Run2[ x=Lb_DTF_M_JpsiLConstr l=lambda_Run2 zeta=0 fb=0 sigma=sigma_Run2 mu=XibMean_Run2 a=a1_Run2 n=2 a2=a2_Run2 n2=2 ] = 1.7569e-05
RooGaussian::eff_ratio_1405_constraint1[ x=geff_ratio_1405_1 mean=eff_ratio_1405_1 sigma=0.007426 ] = 1
RooGaussian::eff_ratio_1405_constraint2[ x=geff_ratio_1405_2 mean=eff_ratio_1405_2 sigma=0.008556 ] = 1
RooGaussian::eff_ratio_1520_constraint1[ x=geff_ratio_1520_1 mean=eff_ratio_1520_1 sigma=0.006506 ] = 1
RooGaussian::eff_ratio_1520_constraint2[ x=geff_ratio_1520_2 mean=eff_ratio_1520_2 sigma=0.008798 ] = 1
RooGaussian::eff_ratio_1600_constraint1[ x=geff_ratio_1600_1 mean=eff_ratio_1600_1 sigma=0.005684 ] = 1
RooGaussian::eff_ratio_1600_constraint2[ x=geff_ratio_1600_2 mean=eff_ratio_1600_2 sigma=0.006468 ] = 1
RooGaussian::eff_ratio_constraint1[ x=geff_ratio1 mean=eff_ratio1 sigma=0.026776 ] = 1
RooGaussian::eff_ratio_constraint2[ x=geff_ratio2 mean=eff_ratio2 sigma=0.013393 ] = 1
RooGaussian::lstLump_Run1[ x=Lb_DTF_M_JpsiLConstr mean=miscLstMean_Run1 sigma=miscLstSigma_Run1 ] = 9.68465e-08
RooGaussian::lstLump_Run2[ x=Lb_DTF_M_JpsiLConstr mean=miscLstMean_Run2 sigma=miscLstSigma_Run2 ] = 9.68465e-08
RooAddPdf::mcFit_Run1[ mcnsig_run1 * Lb_Run1 + mcnbkg_run1 * mcbkg_Run1 ] = 0.000515738
RooAddPdf::mcFit_Run2[ mcnsig_run2 * Lb_Run2 + mcnbkg_run2 * mcbkg_Run2 ] = 9.41901e-05
RooExponential::mcbkg_Run1[ x=Lb_DTF_M_JpsiLConstr c=tau_run1 ] = 0.99998
RooExponential::mcbkg_Run2[ x=Lb_DTF_M_JpsiLConstr c=tau_run2 ] = 0.999465
RooAddPdf::model1[ nSigma1 * SIG_Run1 + nLb_Run1 * Lb_Run1 + nXib1 * XIB_RUN1 + n1405_Run1 * LST1405_Run1 + n1520_Run1 * LST1520_Run1 + n1600_Run1 * LST1600_Run1 + nMiscLst_Run1 * lstLump_Run1 + nBkg_Run1 * Bkg_Run1 + nXib_JpsiLambda_Run1 * Xib_Run1 + nJpsiKs_Run1 * JPSIKS_RUN1 ] = 7.32537e-05
RooAddPdf::model2[ nSigma2 * SIG_Run2 + nLb_Run2 * Lb_Run2 + nXib2 * XIB_RUN2 + n1405_Run2 * LST1405_Run2 + n1520_Run2 * LST1520_Run2 + n1600_Run2 * LST1600_Run2 + nMiscLst_Run2 * lstLump_Run2 + nBkg_Run2 * Bkg_Run2 + nXib_JpsiLambda_Run2 * Xib_Run2 + nJpsiKs_Run2 * JPSIKS_RUN2 ] = 8.48683e-05
RooProdPdf::model_const1[ model1 * eff_ratio_constraint1 * nXib_constraint1 * eff_ratio_1405_constraint1 * eff_ratio_1520_constraint1 * eff_ratio_1600_constraint1 * shift_Xib_constraint ] = 7.32537e-05
RooProdPdf::model_const2[ model2 * eff_ratio_constraint2 * nXib_constraint2 * eff_ratio_1405_constraint2 * eff_ratio_1520_constraint2 * eff_ratio_1600_constraint2 * shift_Xib_constraint ] = 8.48683e-05
RooGaussian::nXib_constraint1[ x=gnXib1 mean=nXib1 sigma=6.50278 ] = 1
RooGaussian::nXib_constraint2[ x=gnXib2 mean=nXib2 sigma=15.6735 ] = 1
