************************
************************
************************
************************
************************
************************
************************
************************
************************
************************
Wed Aug 21 16:27:36 EDT 2019
-------------------------
Set LHCb Style - Feb 2012
-------------------------
inputFlag = 1
#######################################
Input file exists! Hurray!
Printing contents of w1 from input file

RooWorkspace(w1) w1 contents

variables
---------
(GB_WT,Lb_DTF_M_JpsiLConstr,sample,totWt,wt_tau)

p.d.f.s
-------
RooKeysPdf::JPSIKS_RUN1[ x=Lb_DTF_M_JpsiLConstr ] = 2.75783e-05
RooKeysPdf::JPSIKS_RUN2[ x=Lb_DTF_M_JpsiLConstr ] = 3.3033e-05
RooKeysPdf::LST1405_Run1[ x=Lb_DTF_M_JpsiLConstr ] = 0.00186749
RooKeysPdf::LST1405_Run2[ x=Lb_DTF_M_JpsiLConstr ] = 0.00195956
RooKeysPdf::LST1520_Run1[ x=Lb_DTF_M_JpsiLConstr ] = 0.00123277
RooKeysPdf::LST1520_Run2[ x=Lb_DTF_M_JpsiLConstr ] = 0.0013194
RooKeysPdf::LST1600_Run1[ x=Lb_DTF_M_JpsiLConstr ] = 0.000734372
RooKeysPdf::LST1600_Run2[ x=Lb_DTF_M_JpsiLConstr ] = 0.000863984
RooKeysPdf::SIG_Run1[ x=Lb_DTF_M_JpsiLConstr ] = 9.58691e-05
RooKeysPdf::SIG_Run2[ x=Lb_DTF_M_JpsiLConstr ] = 5.42316e-05
RooKeysPdf::XIB_RUN1[ x=Lb_DTF_M_JpsiLConstr ] = 0.00174677
RooKeysPdf::XIB_RUN2[ x=Lb_DTF_M_JpsiLConstr ] = 0.00159921

datasets
--------
RooDataSet::ds_sig_Run1(Lb_DTF_M_JpsiLConstr,GB_WT,wt_tau,totWt)
RooDataSet::ds_sig_wt_Run1(Lb_DTF_M_JpsiLConstr)
RooDataSet::ds_sig_Run2(Lb_DTF_M_JpsiLConstr,GB_WT,wt_tau,totWt)
RooDataSet::ds_sig_wt_Run2(Lb_DTF_M_JpsiLConstr)
RooDataSet::ds_1405_Run1(Lb_DTF_M_JpsiLConstr)
RooDataSet::ds_1405_Run2(Lb_DTF_M_JpsiLConstr)
RooDataSet::ds_1520_Run1(Lb_DTF_M_JpsiLConstr)
RooDataSet::ds_1520_Run2(Lb_DTF_M_JpsiLConstr)
RooDataSet::ds_1600_Run1(Lb_DTF_M_JpsiLConstr)
RooDataSet::ds_1600_Run2(Lb_DTF_M_JpsiLConstr)
RooDataSet::ds_xi_Run1(Lb_DTF_M_JpsiLConstr,GB_WT)
RooDataSet::ds_xi_wt_Run1(Lb_DTF_M_JpsiLConstr)
RooDataSet::ds_xi_Run2(Lb_DTF_M_JpsiLConstr,GB_WT)
RooDataSet::ds_xi_wt_Run2(Lb_DTF_M_JpsiLConstr)
RooDataSet::ds_jpsiks_Run1(Lb_DTF_M_JpsiLConstr)
RooDataSet::ds_jpsiks_Run2(Lb_DTF_M_JpsiLConstr)
RooDataHist::ds1(Lb_DTF_M_JpsiLConstr)
RooDataHist::ds2(Lb_DTF_M_JpsiLConstr)
RooDataHist::combData(sample,Lb_DTF_M_JpsiLConstr)

#######################################
[#1] INFO:Eval -- RooRealVar::setRange(Lb_DTF_M_JpsiLConstr) new range named 'signal_window' created with bounds [5365,5600]
[#1] INFO:Eval -- RooRealVar::setRange(Lb_DTF_M_JpsiLConstr) new range named 'sideband_window' created with bounds [5800,6000]
[#1] INFO:Eval -- RooRealVar::setRange(Lb_DTF_M_JpsiLConstr) new range named 'simFit_window' created with bounds [5500,5740]
@@@@@@@@@@@@@@@@@@@@@@@@@@@@@@@@@@@@@@@
Get Xib Normalization
@@@@@@@@@@@@@@@@@@@@@@@@@@@@@@@@@@@@@@@
xibYield = 36.361+/-7.75666+/-3.27249
UNWEIGHTED Xib->JpsiXi Eff = 0.0631 % +/- 0.0014 %
WEIGHTED Xib->JpsiXi Eff = 0.0728 % +/- 0.0015 %
UNWEIGHTED Xib->JpsiLambda Eff = 0.0169 % +/-0.0007 %
WEIGHTED Xib->JpsiLambda Eff = 0.0248 % +/-0.0009 %
UNWEIGTED Norm = 18.7181165721+/-3.99301631117+/-2.22186830777
WEIGHTED Norm = 23.7881591698+/-5.07457613118+/-2.77381806524
BREAKUP OF SYSTEMATICS:
Overall Syst     = 11.6604990132%
*Tracking        = 5.0%
*Xi Vtx          = 1.4%
*Xib Yield       = 9.0%
*Xib->JpsiL eff  = 3.56510384868%
*Xib->JpsiXi eff = 2.08057811171%
*tauXib-/tauXib0 = 3.3118675253%
************************************************
The UNWEIGHTED LL Xib normalization for Run 1 is 18.7181 +/- 3.99302 +/- 2.22187
The WEIGHTED LL Xib normalization for Run 1 is 23.7882 +/- 5.07458 +/- 2.77382
************************************************
xibYield = 173.281+/-16.4207+/-10.39686
UNWEIGHTED Xib->JpsiXi Eff = 0.0650 % +/- 0.0014 %
WEIGHTED Xib->JpsiXi Eff = 0.0725 % +/- 0.0015 %
UNWEIGHTED Xib->JpsiLambda Eff = 0.0246 % +/-0.0008 %
WEIGHTED Xib->JpsiLambda Eff = 0.0325 % +/-0.0010 %
UNWEIGTED Norm = 125.979819094+/-11.9382783767+/-11.9584127109
WEIGHTED Norm = 149.354039+/-14.1532993704+/-13.9846793585
BREAKUP OF SYSTEMATICS:
Overall Syst     = 9.36344236297%
*Tracking        = 5.0%
*Xi Vtx          = 1.4%
*Xib Yield       = 6.0%
*Xib->JpsiL eff  = 3.05491890734%
*Xib->JpsiXi eff = 2.10072769515%
*tauXib-/tauXib0 = 3.3118675253%
************************************************
The UNWEIGHTED LL Xib normalization for Run 2 is 125.98 +/- 11.9383 +/- 11.9584
The WEIGHTED LL Xib normalization for Run 2 is 149.354 +/- 14.1533 +/- 13.9847
************************************************
@@@@@@@@@@@@@@@@@@@@@@@@@@@@@@@@@@@@@@@
Get Lb -> J/psi Lambda efficiency
@@@@@@@@@@@@@@@@@@@@@@@@@@@@@@@@@@@@@@@
************************************************
Run 1 UNWEIGHTED Jpsi Lambda Eff = 0.111904 % +/- 0.00132019 %
Run 1 WEIGHTED Jpsi Lambda Eff = 0.132464 % +/- 0.00150343 %
************************************************
************************************************
Run 2 UNWEIGHTED Jpsi Lambda Eff = 0.127807 % +/- 0.000881517 %
Run 2 WEIGHTED Jpsi Lambda Eff = 0.126623 % +/- 0.000917517 %
************************************************
@@@@@@@@@@@@@@@@@@@@@@@@@@@@@@@@@@@@@@@
Get Lb -> J/psi Sigma efficiency and shape
@@@@@@@@@@@@@@@@@@@@@@@@@@@@@@@@@@@@@@@
************************************************
Run 1 UNWEIGHTED Jpsi Sigma Eff = 0.09356 % +/- 0.0018235 %
Run 1 WEIGHTED Jpsi Sigma Eff = 0.11092 % +/- 0.002101 %
************************************************
***************************************
Run 1 UNWEIGHTED Lambda/Sigma efficiency ratio = 1.19607 +/- 0.0272496
Run 1 WEIGHTED Lambda/Sigma efficiency ratio   = 1.19423 +/- 0.0263705
***************************************
Done importing Jpsi Sigma shape
************************************************
Run 2 UNWEIGHTED Jpsi Sigma Eff = 0.120376 % +/- 0.00110598 %
Run 2 WEIGHTED Jpsi Sigma Eff = 0.121774 % +/- 0.00118427 %
************************************************
***************************************
Run 2 UNWEIGHTED Lambda/Sigma efficiency ratio = 1.06174 +/- 0.0121978
Run 2 WEIGHTED Lambda/Sigma efficiency ratio   = 1.03982 +/- 0.0126107
***************************************
Done importing Jpsi Sigma shape
@@@@@@@@@@@@@@@@@@@@@@@@@@@@@@@@@@@@@@@
Get Lb -> J/psi Lst(1405) efficiency and shape
@@@@@@@@@@@@@@@@@@@@@@@@@@@@@@@@@@@@@@@
************************************************
Run 1 UNWEIGHTED Jpsi /(1405) Eff = 0.0748917 % +/- 0.000556104 %
Run 1 WEIGHTED Jpsi /(1405) Eff = 0.0758439 % +/- 0.000551632 %
************************************************
***************************************
Run 1 UNWEIGHTED /(1405)/Lambda efficiency ratio = 0.565375 +/- 0.00766818
Run 1 WEIGHTED /(1405)/Lambda efficiency ratio   = 0.572564 +/- 0.00771832
***************************************
Done importing Jpsi Lst(1405) shape
************************************************
Run 2 UNWEIGHTED Jpsi /(1405) Eff = 0.0864228 % +/- 0.000977946 %
Run 2 WEIGHTED Jpsi /(1405) Eff = 0.0868469 % +/- 0.000978889 %
************************************************
***************************************
Run 2 UNWEIGHTED /(1405)/Lambda efficiency ratio = 0.682521 +/- 0.00917104
Run 2 WEIGHTED /(1405)/Lambda efficiency ratio   = 0.68587 +/- 0.00919041
***************************************
Done importing Jpsi Lst(1405) shape
************************************************
Run 1 UNWEIGHTED Jpsi /(1520) Eff = 0.0648219 % +/- 0.00052558 %
Run 1 WEIGHTED Jpsi /(1520) Eff = 0.0656379 % +/- 0.000521194 %
************************************************
***************************************
Run 1 UNWEIGHTED /(1520)/Lambda efficiency ratio = 0.489356 +/- 0.00682574
Run 1 WEIGHTED /(1520)/Lambda efficiency ratio   = 0.495517 +/- 0.00686372
***************************************
Done importing Jpsi Lst(1520) shape
************************************************
Run 2 UNWEIGHTED Jpsi /(1520) Eff = 0.0734512 % +/- 0.0011025 %
Run 2 WEIGHTED Jpsi /(1520) Eff = 0.0737885 % +/- 0.00110454 %
************************************************
***************************************
Run 2 UNWEIGHTED /(1520)/Lambda efficiency ratio = 0.580078 +/- 0.00966845
Run 2 WEIGHTED /(1520)/Lambda efficiency ratio   = 0.582742 +/- 0.00969131
***************************************
Done importing Jpsi Lst(1520) shape
************************************************
Run 1 UNWEIGHTED Jpsi /(1600) Eff = 0.0567326 % +/- 0.000468111 %
Run 1 WEIGHTED Jpsi /(1600) Eff = 0.0574476 % +/- 0.000464112 %
************************************************
***************************************
Run 1 UNWEIGHTED /(1600)/Lambda efficiency ratio = 0.428288 +/- 0.00600977
Run 1 WEIGHTED /(1600)/Lambda efficiency ratio   = 0.433685 +/- 0.00604187
***************************************
Done importing Jpsi Lst(1600) shape
************************************************
Run 2 UNWEIGHTED Jpsi /(1600) Eff = 0.0635393 % +/- 0.000773341 %
Run 2 WEIGHTED Jpsi /(1600) Eff = 0.0638243 % +/- 0.000773134 %
************************************************
***************************************
Run 2 UNWEIGHTED /(1600)/Lambda efficiency ratio = 0.501799 +/- 0.00710786
Run 2 WEIGHTED /(1600)/Lambda efficiency ratio   = 0.50405 +/- 0.00711481
***************************************
Done importing Jpsi Lst(1600) shape
***************************************
Get J/psi Xi shape from MC
***************************************
Done importing Xib shape
Done importing Xib shape
***************************************
Get J/psi Ks shape from MC
***************************************
Done importing Xib shape
Done defining J/psi Lambda Hypatia shapes
*****UING EXPONENTIAL BKG SHAPE*****
Done defining cont. bkg exp. shapes
Done defining Misc Lambda* Gaussian shapes
RooDataSet::ds_sim1[Lb_DTF_M_JpsiLConstr,GB_WT,wt_tau] = 8122 entries
RooDataSet::ds_sim_wt1[Lb_DTF_M_JpsiLConstr,weight:totWt] = 8122 entries (8881.6 weighted)
mcNentries = 8881.6
RooDataSet::ds_sim2[Lb_DTF_M_JpsiLConstr,GB_WT,wt_tau] = 27300 entries
RooDataSet::ds_sim_wt2[Lb_DTF_M_JpsiLConstr,weight:totWt] = 27300 entries (24045.4 weighted)
mcNentries = 24045.4
reduceEng varSubset = (Lb_DTF_M_JpsiLConstr) _wgtVar = totWt
 **********
 **    1 **SET PRINT           1
 **********
 **********
 **    2 **SET NOGRAD
 **********
 PARAMETER DEFINITIONS:
    NO.   NAME         VALUE      STEP SIZE      LIMITS
     1 a1_Run1      1.80000e+00  1.00000e-01    1.00000e+00  2.00000e+00
     2 a2_Run1      1.70000e+00  4.00000e-02    1.50000e+00  1.90000e+00
     3 lambda_Run1  -2.59000e+00  8.00000e-02   -2.80000e+00 -2.00000e+00
     4 mcnbkg_run1   4.44130e+03  8.88060e+02    1.00000e+00  8.88160e+03
     5 mcnsig_run1   8.87660e+03  2.50000e+00    4.44080e+03  8.88160e+03
     6 mean_Run1    5.61960e+03  2.00000e-01    5.61900e+03  5.62100e+03
     7 sigma_Run1   1.50000e+01  6.00000e-01    1.20000e+01  1.80000e+01
     8 tau_run1    -1.00000e-07  4.95000e-08   -1.00000e-05 -1.00000e-09
 **********
 **    3 **SET ERR         0.5
 **********
 **********
 **    4 **SET PRINT           1
 **********
 **********
 **    5 **SET STR           2
 **********
 NOW USING STRATEGY  2: MAKE SURE MINIMUM TRUE, ERRORS CORRECT  
 **********
 **    6 **MIGRAD        4000           1
 **********
 FIRST CALL TO USER FUNCTION AT NEW START POINT, WITH IFLAG=4.
 START MIGRAD MINIMIZATION.  STRATEGY  2.  CONVERGENCE WHEN EDM .LT. 1.00e-03
 MINUIT WARNING IN HESSE   
 ============== Negative diagonal element 5 in Error Matrix
 MINUIT WARNING IN HESSE   
 ============== 233.019 added to diagonal of error matrix
 COVARIANCE MATRIX CALCULATED SUCCESSFULLY
 FCN=-36519.7 FROM HESSE     STATUS=OK             77 CALLS          78 TOTAL
                     EDM=11584.1    STRATEGY= 2      ERROR MATRIX ACCURATE 
  EXT PARAMETER                                   STEP         FIRST   
  NO.   NAME      VALUE            ERROR          SIZE      DERIVATIVE 
   1  a1_Run1      1.80000e+00   2.46479e-02   2.57889e-02  -1.71980e+01
   2  a2_Run1      1.70000e+00   1.29323e-02   5.00000e-01  -1.13575e+01
   3  lambda_Run1  -2.59000e+00   1.97405e-02   3.79749e-01   8.42585e+01
   4  mcnbkg_run1   4.44130e+03   1.91286e+02   2.30417e-01   3.48088e+03
   5  mcnsig_run1   8.87660e+03   2.80243e+03   1.77261e-01   1.60153e+01
   6  mean_Run1    5.61960e+03   5.13924e-02   4.44638e-01  -3.18111e+01
   7  sigma_Run1   1.50000e+01   1.39507e-01   2.44577e-01   1.08866e+02
   8  tau_run1    -1.00000e-07   6.48080e-08   5.00000e-01  -7.82035e-05
                               ERR DEF= 0.5
 MINUIT WARNING IN MIGRAD  
 ============== Negative diagonal element 4 in Error Matrix
 MINUIT WARNING IN MIGRAD  
 ============== Negative diagonal element 5 in Error Matrix
 MINUIT WARNING IN MIGRAD  
 ============== 6.69263 added to diagonal of error matrix
 MIGRAD MINIMIZATION HAS CONVERGED.
 MIGRAD WILL VERIFY CONVERGENCE AND ERROR MATRIX.
 COVARIANCE MATRIX CALCULATED SUCCESSFULLY
 FCN=-39544.8 FROM HESSE     STATUS=OK             69 CALLS         912 TOTAL
                     EDM=0.000841874    STRATEGY= 2      ERROR MATRIX ACCURATE 
  EXT PARAMETER                                   STEP         FIRST   
  NO.   NAME      VALUE            ERROR          SIZE      DERIVATIVE 
   1  a1_Run1      1.62933e+00   2.08187e-01   2.63062e-02   5.16429e-02
   2  a2_Run1      1.68262e+00   2.89045e-01   6.13315e-02  -2.67627e-02
   3  lambda_Run1  -2.33695e+00   2.01876e-01   1.06454e-02   7.55627e-02
   4  mcnbkg_run1   1.01749e+00   3.25420e+01   1.56320e-02   1.90493e-01
   5  mcnsig_run1   8.88150e+03   6.79687e+02   1.11463e-01   2.19010e-03
   6  mean_Run1    5.61988e+03   8.67365e-02   1.19641e-02   9.55198e-02
   7  sigma_Run1   1.50282e+01   8.36446e-01   6.90424e-03   6.13016e-02
   8  tau_run1    -9.40200e-08   5.50897e-06   5.00000e-01  -8.87296e-06
                               ERR DEF= 0.5
 MIGRAD MINIMIZATION HAS CONVERGED.
 MIGRAD WILL VERIFY CONVERGENCE AND ERROR MATRIX.
 MINUIT WARNING IN HESSE   
 ============== Negative diagonal element 5 in Error Matrix
 MINUIT WARNING IN HESSE   
 ============== 1.11346 added to diagonal of error matrix
 COVARIANCE MATRIX CALCULATED SUCCESSFULLY
 FCN=-39544.8 FROM MIGRAD    STATUS=CONVERGED    1004 CALLS        1005 TOTAL
                     EDM=8.93223e-05    STRATEGY= 2      ERROR MATRIX ACCURATE 
  EXT PARAMETER                                   STEP         FIRST   
  NO.   NAME      VALUE            ERROR          SIZE      DERIVATIVE 
   1  a1_Run1      1.62470e+00   1.51599e-01   2.63106e-02   2.84912e-02
   2  a2_Run1      1.67633e+00   1.17887e-01   6.07182e-02   1.36933e-02
   3  lambda_Run1  -2.34243e+00   1.38642e-01   1.06451e-02   6.10437e-02
   4  mcnbkg_run1   1.00000e+00   2.87569e+01   1.60911e-02** at limit **
   5  mcnsig_run1   8.88144e+03   2.74203e+03   8.91707e-03   2.48245e-03
   6  mean_Run1    5.61988e+03   8.63411e-02   1.19645e-02   7.74622e-03
   7  sigma_Run1   1.50493e+01   5.79214e-01   6.90393e-03   2.06053e-02
   8  tau_run1    -1.00585e-09   2.08188e-06   5.00000e-01   6.89397e-08
                               ERR DEF= 0.5
 EXTERNAL ERROR MATRIX.    NDIM=  25    NPAR=  8    ERR DEF=0.5
  2.378e-02  1.220e-02 -1.722e-02 -1.377e-04  2.244e-03  9.569e-04  6.497e-02 -7.126e-16 
  1.220e-02  1.593e-02 -1.363e-02 -1.404e-04  2.289e-03  5.314e-05  5.243e-02  4.558e-15 
 -1.722e-02 -1.363e-02  2.006e-02 -8.353e-05  1.362e-03 -4.167e-04 -7.955e-02  3.552e-15 
 -1.377e-04 -1.404e-04 -8.353e-05  1.740e-04 -2.668e-03 -5.025e-06  3.355e-04 -3.955e-15 
  2.244e-03  2.289e-03  1.362e-03 -2.668e-03  7.197e+02  8.191e-05 -5.469e-03  6.429e-14 
  9.569e-04  5.314e-05 -4.167e-04 -5.025e-06  8.191e-05  7.474e-03  1.432e-03 -3.209e-17 
  6.497e-02  5.243e-02 -7.955e-02  3.355e-04 -5.469e-03  1.432e-03  3.397e-01 -1.372e-14 
 -7.126e-16  4.558e-15  3.552e-15 -3.955e-15  6.429e-14 -3.209e-17 -1.372e-14  5.253e-17 
 PARAMETER  CORRELATION COEFFICIENTS  
       NO.  GLOBAL      1      2      3      4      5      6      7      8
        1  0.80785   1.000  0.627 -0.788 -0.068  0.001  0.072  0.723 -0.000
        2  0.77599   0.627  1.000 -0.762 -0.084  0.001  0.005  0.713  0.000
        3  0.97641  -0.788 -0.762  1.000 -0.045  0.000 -0.034 -0.963  0.000
        4  0.25091  -0.068 -0.084 -0.045  1.000 -0.008 -0.004  0.044 -0.000
        5  0.00754   0.001  0.001  0.000 -0.008  1.000  0.000 -0.000  0.000
        6  0.08895   0.072  0.005 -0.034 -0.004  0.000  1.000  0.028 -0.000
        7  0.96591   0.723  0.713 -0.963  0.044 -0.000  0.028  1.000 -0.000
        8  0.00004  -0.000  0.000  0.000 -0.000  0.000 -0.000 -0.000  1.000
 **********
 **    7 **SET ERR         0.5
 **********
 **********
 **    8 **SET PRINT           1
 **********
 **********
 **    9 **HESSE        4000
 **********
 COVARIANCE MATRIX CALCULATED SUCCESSFULLY
 FCN=-39544.8 FROM HESSE     STATUS=OK             83 CALLS        1088 TOTAL
                     EDM=0.000114751    STRATEGY= 2      ERROR MATRIX ACCURATE 
  EXT PARAMETER                                INTERNAL      INTERNAL  
  NO.   NAME      VALUE            ERROR       STEP SIZE       VALUE   
   1  a1_Run1      1.62470e+00   2.17745e-01   5.26212e-03   2.88953e+00
   2  a2_Run1      1.67633e+00   2.91958e-01   2.42873e-03   3.26023e+00
   3  lambda_Run1  -2.34243e+00   2.08577e-01   2.12902e-03   1.44418e-01
   4  mcnbkg_run1   1.00000e+00   4.11698e+00   1.75194e-01  -3.92699e+01
                                 WARNING -   - ABOVE PARAMETER IS AT LIMIT.
   5  mcnsig_run1   8.88144e+03   3.32121e+01   5.00000e-01  -2.24636e+02
   6  mean_Run1    5.61988e+03   8.67660e-02   4.78579e-04  -1.24854e-01
   7  sigma_Run1   1.50493e+01   8.66948e-01   2.76157e-04   6.29962e+00
   8  tau_run1    -1.00585e-09   8.35348e-06   1.00000e-01   1.57233e+00
                               ERR DEF= 0.5
 EXTERNAL ERROR MATRIX.    NDIM=  25    NPAR=  8    ERR DEF=0.5
  5.101e-02  3.880e-02 -4.376e-02 -2.501e-04 -2.842e-02  1.461e-03  1.690e-01  7.854e-11 
  3.880e-02  4.331e-02 -4.027e-02 -2.354e-04 -2.677e-02  4.885e-04  1.568e-01  1.021e-10 
 -4.376e-02 -4.027e-02  4.826e-02  2.582e-05  2.962e-03 -8.581e-04 -1.901e-01  1.418e-12 
 -2.501e-04 -2.354e-04  2.582e-05  2.488e-05  2.802e-03 -7.190e-06 -1.072e-04 -1.019e-11 
 -2.842e-02 -2.677e-02  2.962e-03  2.802e-03  2.158e+01 -8.161e-04 -1.227e-02 -1.166e-09 
  1.461e-03  4.885e-04 -8.581e-04 -7.190e-06 -8.161e-04  7.548e-03  3.151e-03  2.192e-12 
  1.690e-01  1.568e-01 -1.901e-01 -1.072e-04 -1.227e-02  3.151e-03  7.735e-01 -1.829e-12 
  7.854e-11  1.021e-10  1.418e-12 -1.019e-11 -1.166e-09  2.192e-12 -1.829e-12  1.296e-12 
 PARAMETER  CORRELATION COEFFICIENTS  
       NO.  GLOBAL      1      2      3      4      5      6      7      8
        1  0.91058   1.000  0.825 -0.882 -0.222 -0.027  0.074  0.851  0.000
        2  0.90665   0.825  1.000 -0.881 -0.227 -0.028  0.027  0.856  0.000
        3  0.99020  -0.882 -0.881  1.000  0.024  0.003 -0.045 -0.984  0.000
        4  0.57296  -0.222 -0.227  0.024  1.000  0.121 -0.017 -0.024 -0.002
        5  0.12093  -0.027 -0.028  0.003  0.121  1.000 -0.002 -0.003 -0.000
        6  0.09699   0.074  0.027 -0.045 -0.017 -0.002  1.000  0.041  0.000
        7  0.98514   0.851  0.856 -0.984 -0.024 -0.003  0.041  1.000 -0.000
        8  0.00181   0.000  0.000  0.000 -0.002 -0.000  0.000 -0.000  1.000
 **********
 **   10 **SET ERR         0.5
 **********
 **********
 **   11 **SET PRINT           1
 **********
 **********
 **   12 **HESSE        4000
 **********
 EIGENVALUES OF SECOND-DERIVATIVE MATRIX:
        -3.1197e-02  3.9406e-01  8.4549e-01  9.7583e-01  1.0000e+00  1.0584e+00  1.1714e+00  2.5859e+00
 MINUIT WARNING IN HESSE   
 ============== MATRIX FORCED POS-DEF BY ADDING 0.033783 TO DIAGONAL.
 FCN=-55680.7 FROM HESSE     STATUS=NOT POSDEF     99 CALLS        1187 TOTAL
                     EDM=1.43151    STRATEGY= 2      ERR MATRIX NOT POS-DEF
  EXT PARAMETER                APPROXIMATE     INTERNAL      INTERNAL  
  NO.   NAME      VALUE            ERROR       STEP SIZE       VALUE   
   1  a1_Run1      1.62470e+00   6.78798e-01   5.00000e-01   2.88953e+00
   2  a2_Run1      1.67633e+00   3.10841e-01   4.95460e-02   3.26023e+00
   3  lambda_Run1  -2.34243e+00   3.21590e-01   4.34320e-02   1.44418e-01
   4  mcnbkg_run1   1.00000e+00   4.38517e+00   2.01098e-01  -3.92699e+01
                                 WARNING -   - ABOVE PARAMETER IS AT LIMIT.
   5  mcnsig_run1   8.88144e+03   2.30635e+01   5.00000e-01  -2.24636e+02
   6  mean_Run1    5.61988e+03   7.61941e-02   9.76302e-03  -1.24854e-01
   7  sigma_Run1   1.50493e+01   1.29450e+00   5.63361e-03   6.29962e+00
   8  tau_run1    -1.00585e-09   5.01143e-06   5.00000e-01   1.57233e+00
                               ERR DEF= 0.5
 EXTERNAL ERROR MATRIX.    NDIM=  25    NPAR=  8    ERR DEF=0.5
  2.594e-01  1.792e-01 -1.882e-01 -1.738e-03 -2.116e-01  1.317e-02  6.648e-01  3.190e-09 
  1.792e-01  1.322e-01 -1.328e-01 -1.272e-03 -1.549e-01  8.719e-03  4.699e-01  2.395e-09 
 -1.882e-01 -1.328e-01  1.409e-01  1.186e-03  1.443e-01 -9.380e-03 -5.000e-01 -2.175e-09 
 -1.738e-03 -1.272e-03  1.186e-03  2.650e-05  3.214e-03 -8.600e-05 -4.201e-03 -5.123e-11 
 -2.116e-01 -1.549e-01  1.443e-01  3.214e-03  1.498e+01 -1.047e-02 -5.114e-01 -6.271e-09 
  1.317e-02  8.719e-03 -9.380e-03 -8.600e-05 -1.047e-02  5.817e-03  3.302e-02  1.571e-10 
  6.648e-01  4.699e-01 -5.000e-01 -4.201e-03 -5.114e-01  3.302e-02  1.792e+00  7.710e-09 
  3.190e-09  2.395e-09 -2.175e-09 -5.123e-11 -6.271e-09  1.571e-10  7.710e-09  5.900e-13 
ERR MATRIX NOT POS-DEF
 PARAMETER  CORRELATION COEFFICIENTS  
       NO.  GLOBAL      1      2      3      4      5      6      7      8
        1  0.98842   1.000  0.968 -0.984 -0.663 -0.107  0.339  0.975  0.008
        2  0.97946   0.968  1.000 -0.973 -0.680 -0.110  0.314  0.966  0.009
        3  0.99772  -0.984 -0.973  1.000  0.614  0.099 -0.328 -0.995 -0.008
        4  0.76703  -0.663 -0.680  0.614  1.000  0.161 -0.219 -0.610 -0.013
        5  0.16131  -0.107 -0.110  0.099  0.161  1.000 -0.035 -0.099 -0.002
        6  0.34358   0.339  0.314 -0.328 -0.219 -0.035  1.000  0.323  0.003
        7  0.99562   0.975  0.966 -0.995 -0.610 -0.099  0.323  1.000  0.007
        8  0.01299   0.008  0.009 -0.008 -0.013 -0.002  0.003  0.007  1.000
 ERR MATRIX NOT POS-DEF
reduceEng varSubset = (Lb_DTF_M_JpsiLConstr) _wgtVar = totWt
 **********
 **   13 **SET PRINT           1
 **********
 **********
 **   14 **SET NOGRAD
 **********
 PARAMETER DEFINITIONS:
    NO.   NAME         VALUE      STEP SIZE      LIMITS
     1 a1_Run2      2.00000e+00  1.00000e-01    1.50000e+00  2.50000e+00
     2 a2_Run2      1.75000e+00  2.00000e-01    1.00000e+00  3.00000e+00
     3 lambda_Run2  -2.30000e+00  8.00000e-02   -2.80000e+00 -2.00000e+00
     4 mcnbkg_run2   1.20232e+04  2.40444e+03    1.00000e+00  2.40454e+04
     5 mcnsig_run2   2.40404e+04  2.50000e+00    1.20227e+04  2.40454e+04
     6 mean_Run2    5.61960e+03  2.00000e-01    5.61900e+03  5.62100e+03
     7 sigma_Run2   1.40000e+01  6.00000e-01    1.10000e+01  1.70000e+01
     8 tau_run2    -1.00000e-07  4.95000e-08   -1.00000e-05 -1.00000e-09
 **********
 **   15 **SET ERR         0.5
 **********
 **********
 **   16 **SET PRINT           1
 **********
 **********
 **   17 **SET STR           2
 **********
 NOW USING STRATEGY  2: MAKE SURE MINIMUM TRUE, ERRORS CORRECT  
 **********
 **   18 **MIGRAD        4000           1
 **********
 FIRST CALL TO USER FUNCTION AT NEW START POINT, WITH IFLAG=4.
 START MIGRAD MINIMIZATION.  STRATEGY  2.  CONVERGENCE WHEN EDM .LT. 1.00e-03
 MINUIT WARNING IN HESSE   
 ============== Negative diagonal element 5 in Error Matrix
 MINUIT WARNING IN HESSE   
 ============== Negative diagonal element 8 in Error Matrix
 MINUIT WARNING IN HESSE   
 ============== 678.94 added to diagonal of error matrix
 COVARIANCE MATRIX CALCULATED SUCCESSFULLY
 FCN=-121857 FROM HESSE     STATUS=OK             85 CALLS          86 TOTAL
                     EDM=28631.1    STRATEGY= 2      ERROR MATRIX ACCURATE 
  EXT PARAMETER                                   STEP         FIRST   
  NO.   NAME      VALUE            ERROR          SIZE      DERIVATIVE 
   1  a1_Run2      2.00000e+00   1.84931e-02   5.00000e-01  -4.74580e+01
   2  a2_Run2      1.75000e+00   3.02871e-02   4.11736e-01  -1.69657e+02
   3  lambda_Run2  -2.30000e+00   1.36476e-02   4.76917e-01   2.27777e+02
   4  mcnbkg_run2   1.20232e+04   3.03966e+02   2.46213e-01   9.27900e+03
   5  mcnsig_run2   2.40404e+04   7.52263e+03   1.07695e-01   2.79207e+01
   6  mean_Run2    5.61960e+03   3.10897e-02   5.00000e-01  -1.47657e+02
   7  sigma_Run2   1.40000e+01   8.12011e-02   2.54490e-01   1.70450e+02
   8  tau_run2    -1.00000e-07   3.79851e-08   5.00000e-01   5.80322e-04
                               ERR DEF= 0.5
 MINUIT WARNING IN MIGRAD  
 ============== Negative diagonal element 5 in Error Matrix
 MINUIT WARNING IN MIGRAD  
 ============== 1.00232 added to diagonal of error matrix
 MIGRAD FAILS TO FIND IMPROVEMENT
 MIGRAD MINIMIZATION HAS CONVERGED.
 MIGRAD WILL VERIFY CONVERGENCE AND ERROR MATRIX.
 MINUIT WARNING IN HESSE   
 ============== Negative diagonal element 8 in Error Matrix
 MINUIT WARNING IN HESSE   
 ============== 1.00001 added to diagonal of error matrix
 EIGENVALUES OF SECOND-DERIVATIVE MATRIX:
        -2.2618e-01  7.3753e-01  9.3611e-01  9.9760e-01  1.0000e+00  1.0078e+00  1.0746e+00  2.4725e+00
 MINUIT WARNING IN HESSE   
 ============== MATRIX FORCED POS-DEF BY ADDING 0.228649 TO DIAGONAL.
 FCN=-130006 FROM HESSE     STATUS=NOT POSDEF     73 CALLS         773 TOTAL
                     EDM=0.00712563    STRATEGY= 2      ERR MATRIX NOT POS-DEF
  EXT PARAMETER                APPROXIMATE        STEP         FIRST   
  NO.   NAME      VALUE            ERROR          SIZE      DERIVATIVE 
   1  a1_Run2      1.94354e+00   3.74785e-01   4.53539e-02  -9.38416e-02
   2  a2_Run2      2.21585e+00   4.67260e-01   3.02451e-02   1.85892e-01
   3  lambda_Run2  -2.00264e+00   6.29816e-01   8.20103e-02  -1.53538e-02
   4  mcnbkg_run2   1.00052e+00   5.27196e+00   8.15769e-03** at limit **
   5  mcnsig_run2   2.40438e+04   3.63446e+02   1.12531e-01  -3.37342e-03
   6  mean_Run2    5.62009e+03   4.92986e-02   1.36318e-02   8.29315e-02
   7  sigma_Run2   1.42347e+01   1.05718e+00   7.39774e-03  -5.53892e-01
   8  tau_run2    -1.00010e-07   1.86261e-06   5.00000e-01   2.82067e-06
                               ERR DEF= 0.5
 MINUIT WARNING IN MIGRAD  
 ============== Negative diagonal element 3 in Error Matrix
 MINUIT WARNING IN MIGRAD  
 ============== 1.18434 added to diagonal of error matrix
 MIGRAD FAILS TO FIND IMPROVEMENT
 MINUIT WARNING IN HESSE   
 ============== Negative diagonal element 8 in Error Matrix
 MINUIT WARNING IN HESSE   
 ============== 1.00002 added to diagonal of error matrix
 EIGENVALUES OF SECOND-DERIVATIVE MATRIX:
        -2.9634e-01  7.3926e-01  9.3635e-01  9.9674e-01  1.0000e+00  1.0097e+00  1.0739e+00  2.5403e+00
 MINUIT WARNING IN HESSE   
 ============== MATRIX FORCED POS-DEF BY ADDING 0.298882 TO DIAGONAL.
 FCN=-130006 FROM HESSE     STATUS=NOT POSDEF     83 CALLS         933 TOTAL
                     EDM=0.00391313    STRATEGY= 2      ERR MATRIX NOT POS-DEF
  EXT PARAMETER                APPROXIMATE        STEP         FIRST   
  NO.   NAME      VALUE            ERROR          SIZE      DERIVATIVE 
   1  a1_Run2      1.94796e+00   3.75544e-01   4.54145e-02   5.01951e-03
   2  a2_Run2      2.21756e+00   4.65588e-01   3.02768e-02   7.48794e-02
   3  lambda_Run2  -2.00095e+00   4.04908e-01   1.08832e-01  -5.45498e-03
   4  mcnbkg_run2   1.00001e+00   5.02611e+00   8.19567e-03** at limit **
   5  mcnsig_run2   2.40439e+04   2.57005e+02   1.37333e-01  -2.98028e-03
   6  mean_Run2    5.62009e+03   4.79299e-02   1.36303e-02  -1.19353e-03
   7  sigma_Run2   1.42271e+01   1.04208e+00   7.38869e-03  -4.53760e-01
   8  tau_run2    -1.00012e-07   1.76846e-06   5.00000e-01   2.90165e-06
                               ERR DEF= 0.5
 EIGENVALUES OF SECOND-DERIVATIVE MATRIX:
        -2.3767e-01  3.6041e-01  8.7038e-01  9.8554e-01  1.0000e+00  1.0184e+00  1.1939e+00  2.8090e+00
 MINUIT WARNING IN MIGRAD  
 ============== MATRIX FORCED POS-DEF BY ADDING 0.240479 TO DIAGONAL.
 MIGRAD FAILS TO FIND IMPROVEMENT
 MIGRAD MINIMIZATION HAS CONVERGED.
 MIGRAD WILL VERIFY CONVERGENCE AND ERROR MATRIX.
 MINUIT WARNING IN HESSE   
 ============== Negative diagonal element 8 in Error Matrix
 MINUIT WARNING IN HESSE   
 ============== 1.00002 added to diagonal of error matrix
 EIGENVALUES OF SECOND-DERIVATIVE MATRIX:
        -2.2852e-01  7.3968e-01  9.3640e-01  9.9684e-01  1.0000e+00  1.0094e+00  1.0739e+00  2.4723e+00
 MINUIT WARNING IN HESSE   
 ============== MATRIX FORCED POS-DEF BY ADDING 0.230997 TO DIAGONAL.
 MIGRAD TERMINATED WITHOUT CONVERGENCE.
 FCN=-130006 FROM MIGRAD    STATUS=FAILED       1159 CALLS        1160 TOTAL
                     EDM=0.00121409    STRATEGY= 2      ERR MATRIX NOT POS-DEF
  EXT PARAMETER                APPROXIMATE        STEP         FIRST   
  NO.   NAME      VALUE            ERROR          SIZE      DERIVATIVE 
   1  a1_Run2      1.94848e+00   3.75076e-01   4.53909e-02  -9.40454e-04
   2  a2_Run2      2.21762e+00   4.66450e-01   3.02397e-02   2.25380e-02
   3  lambda_Run2  -2.00039e+00   4.12355e-01   1.29841e-01   4.32128e-03
   4  mcnbkg_run2   1.00000e+00   5.27620e+00   8.16767e-03** at limit **
   5  mcnsig_run2   2.40442e+04   3.40729e+02   1.20781e-01  -1.06103e-03
   6  mean_Run2    5.62009e+03   4.92320e-02   1.36310e-02  -8.58720e-04
   7  sigma_Run2   1.42233e+01   1.05730e+00   7.38872e-03  -4.44916e-02
   8  tau_run2    -1.00017e-07   1.85930e-06   5.00000e-01   2.91337e-06
                               ERR DEF= 0.5
 EXTERNAL ERROR MATRIX.    NDIM=  25    NPAR=  8    ERR DEF=0.5
  1.806e-01  1.981e-01 -4.898e-02 -9.129e-05 -4.807e-03  1.461e-03  4.480e-01  1.505e-13 
  1.981e-01  2.365e-01 -5.573e-02 -1.008e-04 -5.308e-03  1.270e-03  5.101e-01  8.794e-14 
 -4.898e-02 -5.573e-02  1.380e-02  3.044e-05  1.603e-03 -3.519e-04 -1.266e-01 -3.162e-14 
 -9.129e-05 -1.008e-04  3.044e-05  2.788e-05  9.682e-04 -5.512e-07 -2.792e-04  4.448e-15 
 -4.807e-03 -5.308e-03  1.603e-03  9.682e-04  1.571e+03 -2.902e-05 -1.470e-02  2.337e-13 
  1.461e-03  1.270e-03 -3.519e-04 -5.512e-07 -2.902e-05  2.426e-03  3.173e-03  1.433e-15 
  4.480e-01  5.101e-01 -1.266e-01 -2.792e-04 -1.470e-02  3.173e-03  1.168e+00  2.876e-13 
  1.505e-13  8.794e-14 -3.162e-14  4.448e-15  2.337e-13  1.433e-15  2.876e-13  7.963e-13 
ERR MATRIX NOT POS-DEF
 PARAMETER  CORRELATION COEFFICIENTS  
       NO.  GLOBAL      1      2      3      4      5      6      7      8
        1  0.98194   1.000  0.958 -0.981 -0.041 -0.000  0.070  0.976  0.000
        2  0.97593   0.958  1.000 -0.975 -0.039 -0.000  0.053  0.971  0.000
        3  0.99814  -0.981 -0.975  1.000  0.049  0.000 -0.061 -0.997 -0.000
        4  0.07428  -0.041 -0.039  0.049  1.000  0.005 -0.002 -0.049  0.000
        5  0.00463  -0.000 -0.000  0.000  0.005  1.000 -0.000 -0.000  0.000
        6  0.08616   0.070  0.053 -0.061 -0.002 -0.000  1.000  0.060  0.000
        7  0.99726   0.976  0.971 -0.997 -0.049 -0.000  0.060  1.000  0.000
        8  0.00000   0.000  0.000 -0.000  0.000  0.000  0.000  0.000  1.000
 ERR MATRIX NOT POS-DEF
 **********
 **   19 **SET ERR         0.5
 **********
 **********
 **   20 **SET PRINT           1
 **********
 **********
 **   21 **HESSE        4000
 **********
 MINUIT WARNING IN HESSE   
 ============== Negative diagonal element 8 in Error Matrix
 MINUIT WARNING IN HESSE   
 ============== 1.00002 added to diagonal of error matrix
 EIGENVALUES OF SECOND-DERIVATIVE MATRIX:
        -1.4588e-01  7.4138e-01  9.3548e-01  9.9836e-01  1.0000e+00  1.0019e+00  1.0766e+00  2.3922e+00
 MINUIT WARNING IN HESSE   
 ============== MATRIX FORCED POS-DEF BY ADDING 0.148277 TO DIAGONAL.
 FCN=-130006 FROM HESSE     STATUS=NOT POSDEF     81 CALLS        1241 TOTAL
                     EDM=0.000278205    STRATEGY= 2      ERR MATRIX NOT POS-DEF
  EXT PARAMETER                APPROXIMATE     INTERNAL      INTERNAL  
  NO.   NAME      VALUE            ERROR       STEP SIZE       VALUE   
   1  a1_Run2      1.94848e+00   3.70380e-01   3.63127e-04   6.17997e+00
   2  a2_Run2      2.21762e+00   4.73830e-01   2.41918e-04   1.90689e+01
   3  lambda_Run2  -2.00039e+00   7.44203e-01   5.00000e-01  -2.98012e+01
   4  mcnbkg_run2   1.00000e+00   5.66137e+00   1.63353e-03   4.63385e+02
                                 WARNING -   - ABOVE PARAMETER IS AT LIMIT.
   5  mcnsig_run2   2.40442e+04   2.79546e+01   5.00000e-01  -3.56590e+02
   6  mean_Run2    5.62009e+03   5.09815e-02   1.09048e-04   1.56176e+01
   7  sigma_Run2   1.42233e+01   1.07432e+00   2.95549e-04  -2.83488e+01
   8  tau_run2    -1.00017e-07   1.98341e-06   1.00000e-01   1.37144e+00
                               ERR DEF= 0.5
 EXTERNAL ERROR MATRIX.    NDIM=  25    NPAR=  8    ERR DEF=0.5
  1.746e-01  1.976e-01 -1.742e-02 -1.980e-05 -8.392e-04  1.443e-03  4.469e-01 -2.928e-13 
  1.976e-01  2.448e-01 -2.052e-02 -2.266e-05 -9.602e-04  1.225e-03  5.268e-01 -7.054e-14 
 -1.742e-02 -2.052e-02  1.812e-03  2.451e-06  1.039e-04 -1.242e-04 -4.663e-02  1.908e-14 
 -1.980e-05 -2.266e-05  2.451e-06  2.991e-05  9.481e-05 -1.145e-07 -6.319e-05 -3.014e-15 
 -8.392e-04 -9.602e-04  1.039e-04  9.481e-05  1.278e+02 -4.851e-06 -2.678e-03 -1.278e-13 
  1.443e-03  1.225e-03 -1.242e-04 -1.145e-07 -4.851e-06  2.601e-03  3.136e-03  1.477e-15 
  4.469e-01  5.268e-01 -4.663e-02 -6.319e-05 -2.678e-03  3.136e-03  1.207e+00 -4.856e-13 
 -2.928e-13 -7.054e-14  1.908e-14 -3.014e-15 -1.278e-13  1.477e-15 -4.856e-13  8.537e-13 
ERR MATRIX NOT POS-DEF
 PARAMETER  CORRELATION COEFFICIENTS  
       NO.  GLOBAL      1      2      3      4      5      6      7      8
        1  0.98027   1.000  0.956 -0.979 -0.009 -0.000  0.068  0.973 -0.000
        2  0.97489   0.956  1.000 -0.974 -0.008 -0.000  0.049  0.969 -0.000
        3  0.99808  -0.979 -0.974  1.000  0.011  0.000 -0.057 -0.997  0.000
        4  0.01586  -0.009 -0.008  0.011  1.000  0.002 -0.000 -0.011 -0.000
        5  0.00156  -0.000 -0.000  0.000  0.002  1.000 -0.000 -0.000 -0.000
        6  0.08848   0.068  0.049 -0.057 -0.000 -0.000  1.000  0.056  0.000
        7  0.99716   0.973  0.969 -0.997 -0.011 -0.000  0.056  1.000 -0.000
        8  0.00000  -0.000 -0.000  0.000 -0.000 -0.000  0.000 -0.000  1.000
 ERR MATRIX NOT POS-DEF
 **********
 **   22 **SET ERR         0.5
 **********
 **********
 **   23 **SET PRINT           1
 **********
 **********
 **   24 **HESSE        4000
 **********
 MINUIT WARNING IN HESSE   
 ============== Negative diagonal element 8 in Error Matrix
 MINUIT WARNING IN HESSE   
 ============== 1.00003 added to diagonal of error matrix
 COVARIANCE MATRIX CALCULATED SUCCESSFULLY
 FCN=-151734 FROM HESSE     STATUS=OK            101 CALLS        1342 TOTAL
                     EDM=15.2541    STRATEGY= 2      ERROR MATRIX ACCURATE 
  EXT PARAMETER                                INTERNAL      INTERNAL  
  NO.   NAME      VALUE            ERROR       STEP SIZE       VALUE   
   1  a1_Run2      1.94848e+00   1.01792e-01   5.00000e-01   6.17997e+00
   2  a2_Run2      2.21762e+00   1.57054e-01   4.93512e-03   1.90689e+01
   3  lambda_Run2  -2.00039e+00   4.76304e-03   2.33826e-02  -2.98012e+01
   4  mcnbkg_run2   1.00000e+00   4.24604e+00   2.01636e-01   4.63385e+02
                                 WARNING -   - ABOVE PARAMETER IS AT LIMIT.
   5  mcnsig_run2   2.40442e+04   2.80691e+01   5.00000e-01  -3.56590e+02
   6  mean_Run2    5.62009e+03   5.05315e-02   2.22458e-03   1.56176e+01
   7  sigma_Run2   1.42233e+01   8.68170e-02   6.02920e-03  -2.83488e+01
   8  tau_run2    -1.00017e-07   2.25274e-06   5.00000e-01   1.37144e+00
                               ERR DEF= 0.5
 EXTERNAL ERROR MATRIX.    NDIM=  25    NPAR=  8    ERR DEF=0.5
  1.051e-02  5.446e-03 -1.603e-05  2.573e-04  8.794e-02  2.242e-04 -1.483e-03  1.226e-12 
  5.446e-03  2.488e-02 -2.773e-05  4.259e-04  1.456e-01 -3.102e-04 -2.256e-03  1.827e-12 
 -1.603e-05 -2.773e-05  7.381e-06 -1.672e-07 -5.721e-05  2.335e-07 -4.152e-05 -7.259e-16 
  2.573e-04  4.259e-04 -1.672e-07  2.243e-05  7.650e-03 -3.303e-07 -6.995e-06  1.011e-13 
  8.794e-02  1.456e-01 -5.721e-05  7.650e-03  1.283e+02 -1.124e-04 -2.412e-03  3.458e-11 
  2.242e-04 -3.102e-04  2.335e-07 -3.303e-07 -1.124e-04  2.556e-03 -4.285e-05  4.035e-16 
 -1.483e-03 -2.256e-03 -4.152e-05 -6.995e-06 -2.412e-03 -4.285e-05  7.539e-03 -3.175e-14 
  1.226e-12  1.827e-12 -7.259e-16  1.011e-13  3.458e-11  4.035e-16 -3.175e-14  9.803e-13 
 PARAMETER  CORRELATION COEFFICIENTS  
       NO.  GLOBAL      1      2      3      4      5      6      7      8
        1  0.56014   1.000  0.337 -0.058  0.530  0.076  0.043 -0.167  0.000
        2  0.59840   0.337  1.000 -0.065  0.570  0.081 -0.039 -0.165  0.000
        3  0.22541  -0.058 -0.065  1.000 -0.013 -0.002  0.002 -0.176 -0.000
        4  0.69152   0.530  0.570 -0.013  1.000  0.143 -0.001 -0.017  0.000
        5  0.14259   0.076  0.081 -0.002  0.143  1.000 -0.000 -0.002  0.000
        6  0.07200   0.043 -0.039  0.002 -0.001 -0.000  1.000 -0.010  0.000
        7  0.32749  -0.167 -0.165 -0.176 -0.017 -0.002 -0.010  1.000 -0.000
        8  0.00002   0.000  0.000 -0.000  0.000  0.000  0.000 -0.000  1.000
Importing Run 1 data
Done making RooDataHist
RooDataHist::ds1[Lb_DTF_M_JpsiLConstr] = 325 bins (8096 weights)
Done importing Run 1 data
Importing Run 2 data
Done making RooDataHist
RooDataHist::ds2[Lb_DTF_M_JpsiLConstr] = 325 bins (28882 weights)
Done importing Run 2 data
before sb fit
 **********
 **    1 **SET PRINT           1
 **********
 **********
 **    2 **SET NOGRAD
 **********
 PARAMETER DEFINITIONS:
    NO.   NAME         VALUE      STEP SIZE      LIMITS
     1 slope_Run2  -2.00000e+00  2.50000e-01   -5.00000e+00  0.00000e+00
 **********
 **    3 **SET ERR         0.5
 **********
 **********
 **    4 **SET PRINT           1
 **********
 **********
 **    5 **SET STR           1
 **********
 NOW USING STRATEGY  1: TRY TO BALANCE SPEED AGAINST RELIABILITY
 **********
 **    6 **MIGRAD         500           1
 **********
 FIRST CALL TO USER FUNCTION AT NEW START POINT, WITH IFLAG=4.
 START MIGRAD MINIMIZATION.  STRATEGY  1.  CONVERGENCE WHEN EDM .LT. 1.00e-03
 FCN=124.914 FROM MIGRAD    STATUS=INITIATE        4 CALLS           5 TOTAL
                     EDM= unknown      STRATEGY= 1      NO ERROR MATRIX       
  EXT PARAMETER               CURRENT GUESS       STEP         FIRST   
  NO.   NAME      VALUE            ERROR          SIZE      DERIVATIVE 
   1  slope_Run2  -2.00000e+00   2.50000e-01   1.02263e-01   7.85600e+00
                               ERR DEF= 0.5
 MIGRAD MINIMIZATION HAS CONVERGED.
 MIGRAD WILL VERIFY CONVERGENCE AND ERROR MATRIX.
 COVARIANCE MATRIX CALCULATED SUCCESSFULLY
 FCN=124.771 FROM MIGRAD    STATUS=CONVERGED      20 CALLS          21 TOTAL
                     EDM=8.63618e-09    STRATEGY= 1      ERROR MATRIX ACCURATE 
  EXT PARAMETER                                   STEP         FIRST   
  NO.   NAME      VALUE            ERROR          SIZE      DERIVATIVE 
   1  slope_Run2  -2.09863e+00   2.04619e-01   6.35245e-04   1.11940e-03
                               ERR DEF= 0.5
 EXTERNAL ERROR MATRIX.    NDIM=  25    NPAR=  1    ERR DEF=0.5
  4.197e-02 
 **********
 **    7 **SET ERR         0.5
 **********
 **********
 **    8 **SET PRINT           1
 **********
 **********
 **    9 **HESSE         500
 **********
 COVARIANCE MATRIX CALCULATED SUCCESSFULLY
 FCN=124.771 FROM HESSE     STATUS=OK              5 CALLS          26 TOTAL
                     EDM=8.63276e-09    STRATEGY= 1      ERROR MATRIX ACCURATE 
  EXT PARAMETER                                INTERNAL      INTERNAL  
  NO.   NAME      VALUE            ERROR       STEP SIZE       VALUE   
   1  slope_Run2  -2.09863e+00   2.04619e-01   2.54098e-05   1.61247e-01
                               ERR DEF= 0.5
 EXTERNAL ERROR MATRIX.    NDIM=  25    NPAR=  1    ERR DEF=0.5
