Info in <StandardHypoTestInvDemo>: Model ModelConfig has no snapshot  - make one using model poi
Info in <StandardHypoTestInvDemo>: Using Minuit as minimizer for computing the test statistic
Info in <StandardHypoTestInvDemo>:  Doing a first fit to the observed data 
Info in <TCanvas::Print>: pdf file ../plots/ANA/CLs_Hypatia_Expo_4700_6200_config1.pdf has been created
#######################################
Input file exists! Hurray!
Printing contents of w1 from input file

RooWorkspace(w1) w1 contents

variables
---------
(GB_WT,Lb_DTF_M_JpsiLConstr,sample,totWt,wt_tau)

p.d.f.s
-------
RooKeysPdf::JPSIKS_RUN1[ x=Lb_DTF_M_JpsiLConstr ] = 0.00490232
RooKeysPdf::JPSIKS_RUN2[ x=Lb_DTF_M_JpsiLConstr ] = 0.00462242
RooKeysPdf::LST1405_Run1[ x=Lb_DTF_M_JpsiLConstr ] = 0.000203841
RooKeysPdf::LST1405_Run2[ x=Lb_DTF_M_JpsiLConstr ] = 0.000221882
RooKeysPdf::LST1520_Run1[ x=Lb_DTF_M_JpsiLConstr ] = 8.62245e-05
RooKeysPdf::LST1520_Run2[ x=Lb_DTF_M_JpsiLConstr ] = 8.6584e-05
RooKeysPdf::LST1600_Run1[ x=Lb_DTF_M_JpsiLConstr ] = 5.78022e-05
RooKeysPdf::LST1600_Run2[ x=Lb_DTF_M_JpsiLConstr ] = 6.36857e-05
RooKeysPdf::SIG_Run1[ x=Lb_DTF_M_JpsiLConstr ] = 0.00432764
RooKeysPdf::SIG_Run2[ x=Lb_DTF_M_JpsiLConstr ] = 0.00420125
RooKeysPdf::XIB_RUN1[ x=Lb_DTF_M_JpsiLConstr ] = 0.0022805
RooKeysPdf::XIB_RUN2[ x=Lb_DTF_M_JpsiLConstr ] = 0.00192398

datasets
--------
RooDataSet::ds_sig_Run1(Lb_DTF_M_JpsiLConstr,GB_WT,wt_tau,totWt)
RooDataSet::ds_sig_wt_Run1(Lb_DTF_M_JpsiLConstr)
RooDataSet::ds_sig_Run2(Lb_DTF_M_JpsiLConstr,GB_WT,wt_tau,totWt)
RooDataSet::ds_sig_wt_Run2(Lb_DTF_M_JpsiLConstr)
RooDataSet::ds_1405_Run1(Lb_DTF_M_JpsiLConstr)
RooDataSet::ds_1405_Run2(Lb_DTF_M_JpsiLConstr)
RooDataSet::ds_1520_Run1(Lb_DTF_M_JpsiLConstr)
RooDataSet::ds_1520_Run2(Lb_DTF_M_JpsiLConstr)
RooDataSet::ds_1600_Run1(Lb_DTF_M_JpsiLConstr)
RooDataSet::ds_1600_Run2(Lb_DTF_M_JpsiLConstr)
RooDataSet::ds_xi_Run1(Lb_DTF_M_JpsiLConstr,GB_WT)
RooDataSet::ds_xi_wt_Run1(Lb_DTF_M_JpsiLConstr)
RooDataSet::ds_xi_Run2(Lb_DTF_M_JpsiLConstr,GB_WT)
RooDataSet::ds_xi_wt_Run2(Lb_DTF_M_JpsiLConstr)
RooDataSet::ds_jpsiks_Run1(Lb_DTF_M_JpsiLConstr)
RooDataSet::ds_jpsiks_Run2(Lb_DTF_M_JpsiLConstr)
RooDataHist::ds1(Lb_DTF_M_JpsiLConstr)
RooDataHist::ds2(Lb_DTF_M_JpsiLConstr)
RooDataHist::combData(sample,Lb_DTF_M_JpsiLConstr)

#######################################
[#1] INFO:Eval -- RooRealVar::setRange(Lb_DTF_M_JpsiLConstr) new range named 'signal_window' created with bounds [5365,5600]
[#1] INFO:Eval -- RooRealVar::setRange(Lb_DTF_M_JpsiLConstr) new range named 'sideband_window' created with bounds [5800,6200]
[#1] INFO:Eval -- RooRealVar::setRange(Lb_DTF_M_JpsiLConstr) new range named 'simFit_window' created with bounds [5500,5740]
@@@@@@@@@@@@@@@@@@@@@@@@@@@@@@@@@@@@@@@
Get Xib Normalization
@@@@@@@@@@@@@@@@@@@@@@@@@@@@@@@@@@@@@@@
xibYield = 36.361+/-7.75666+/-3.27249
UNWEIGHTED Xib->JpsiXi Eff = 0.0631 % +/- 0.0014 %
WEIGHTED Xib->JpsiXi Eff = 0.0728 % +/- 0.0015 %
UNWEIGHTED Xib->JpsiLambda Eff = 0.0110 % +/-0.0006 %
WEIGHTED Xib->JpsiLambda Eff = 0.0161 % +/-0.0007 %
UNWEIGTED Norm = 12.1975941614+/-2.60203489255+/-1.49471628644
WEIGHTED Norm = 15.4394242731+/-3.2935938143+/-1.84526470886
BREAKUP OF SYSTEMATICS:
Overall Syst     = 11.9516419539%
*Tracking        = 5.0%
*Xi Vtx          = 1.4%
*Xib Yield       = 9.0%
*Xib->JpsiL eff  = 4.42543484981%
*Xib->JpsiXi eff = 2.08057811171%
*tauXib-/tauXib0 = 3.3118675253%
************************************************
The UNWEIGHTED LL Xib normalization for Run 1 is 12.1976 +/- 2.60203 +/- 1.49472
The WEIGHTED LL Xib normalization for Run 1 is 15.4394 +/- 3.29359 +/- 1.84526
************************************************
xibYield = 173.281+/-16.4207+/-10.39686
UNWEIGHTED Xib->JpsiXi Eff = 0.0650 % +/- 0.0014 %
WEIGHTED Xib->JpsiXi Eff = 0.0725 % +/- 0.0015 %
UNWEIGHTED Xib->JpsiLambda Eff = 0.0133 % +/-0.0006 %
WEIGHTED Xib->JpsiLambda Eff = 0.0192 % +/-0.0008 %
UNWEIGTED Norm = 68.3130004947+/-6.47357348598+/-6.83171500385
WEIGHTED Norm = 88.1479848668+/-8.35320442+/-8.55336453368
BREAKUP OF SYSTEMATICS:
Overall Syst     = 9.70341471402%
*Tracking        = 5.0%
*Xi Vtx          = 1.4%
*Xib Yield       = 6.0%
*Xib->JpsiL eff  = 3.97677429054%
*Xib->JpsiXi eff = 2.10072769515%
*tauXib-/tauXib0 = 3.3118675253%
************************************************
The UNWEIGHTED LL Xib normalization for Run 2 is 68.313 +/- 6.47357 +/- 6.83172
The WEIGHTED LL Xib normalization for Run 2 is 88.148 +/- 8.3532 +/- 8.55336
************************************************
@@@@@@@@@@@@@@@@@@@@@@@@@@@@@@@@@@@@@@@
Get Lb -> J/psi Lambda efficiency
@@@@@@@@@@@@@@@@@@@@@@@@@@@@@@@@@@@@@@@
************************************************
Run 1 UNWEIGHTED Jpsi Lambda Eff = 0.093722 % +/- 0.00119639 %
Run 1 WEIGHTED Jpsi Lambda Eff = 0.109849 % +/- 0.00135396 %
************************************************
************************************************
Run 2 UNWEIGHTED Jpsi Lambda Eff = 0.107441 % +/- 0.000793103 %
Run 2 WEIGHTED Jpsi Lambda Eff = 0.105063 % +/- 0.000820663 %
************************************************
@@@@@@@@@@@@@@@@@@@@@@@@@@@@@@@@@@@@@@@
Get Lb -> J/psi Sigma efficiency and shape
@@@@@@@@@@@@@@@@@@@@@@@@@@@@@@@@@@@@@@@
************************************************
Run 1 UNWEIGHTED Jpsi Sigma Eff = 0.0770636 % +/- 0.00165072 %
Run 1 WEIGHTED Jpsi Sigma Eff = 0.0900865 % +/- 0.00188804 %
************************************************
***************************************
Run 1 UNWEIGHTED Lambda/Sigma efficiency ratio = 1.21616 +/- 0.0303257
Run 1 WEIGHTED Lambda/Sigma efficiency ratio   = 1.21937 +/- 0.0296476
***************************************
Done importing Jpsi Sigma shape
************************************************
Run 2 UNWEIGHTED Jpsi Sigma Eff = 0.0977029 % +/- 0.000987493 %
Run 2 WEIGHTED Jpsi Sigma Eff = 0.0969362 % +/- 0.00104753 %
************************************************
***************************************
Run 2 UNWEIGHTED Lambda/Sigma efficiency ratio = 1.09967 +/- 0.0137632
Run 2 WEIGHTED Lambda/Sigma efficiency ratio   = 1.08384 +/- 0.0144518
***************************************
Done importing Jpsi Sigma shape
@@@@@@@@@@@@@@@@@@@@@@@@@@@@@@@@@@@@@@@
Get Lb -> J/psi Lst(1405) efficiency and shape
@@@@@@@@@@@@@@@@@@@@@@@@@@@@@@@@@@@@@@@
************************************************
Run 1 UNWEIGHTED Jpsi /(1405) Eff = 0.0569127 % +/- 0.000481149 %
Run 1 WEIGHTED Jpsi /(1405) Eff = 0.0577025 % +/- 0.000477405 %
************************************************
***************************************
Run 1 UNWEIGHTED /(1405)/Lambda efficiency ratio = 0.5181 +/- 0.00774373
Run 1 WEIGHTED /(1405)/Lambda efficiency ratio   = 0.525289 +/- 0.00779792
***************************************
Done importing Jpsi Lst(1405) shape
************************************************
Run 2 UNWEIGHTED Jpsi /(1405) Eff = 0.0641391 % +/- 0.000777578 %
Run 2 WEIGHTED Jpsi /(1405) Eff = 0.0644896 % +/- 0.000778114 %
************************************************
***************************************
Run 2 UNWEIGHTED /(1405)/Lambda efficiency ratio = 0.61048 +/- 0.00880421
Run 2 WEIGHTED /(1405)/Lambda efficiency ratio   = 0.613816 +/- 0.00882263
***************************************
Done importing Jpsi Lst(1405) shape
************************************************
Run 1 UNWEIGHTED Jpsi /(1520) Eff = 0.0475913 % +/- 0.000447328 %
Run 1 WEIGHTED Jpsi /(1520) Eff = 0.0482552 % +/- 0.000443768 %
************************************************
***************************************
Run 1 UNWEIGHTED /(1520)/Lambda efficiency ratio = 0.433243 +/- 0.00671555
Run 1 WEIGHTED /(1520)/Lambda efficiency ratio   = 0.439286 +/- 0.0067555
***************************************
Done importing Jpsi Lst(1520) shape
************************************************
Run 2 UNWEIGHTED Jpsi /(1520) Eff = 0.0531468 % +/- 0.000842582 %
Run 2 WEIGHTED Jpsi /(1520) Eff = 0.0534143 % +/- 0.000843881 %
************************************************
***************************************
Run 2 UNWEIGHTED /(1520)/Lambda efficiency ratio = 0.505854 +/- 0.00894029
Run 2 WEIGHTED /(1520)/Lambda efficiency ratio   = 0.5084 +/- 0.00896018
***************************************
Done importing Jpsi Lst(1520) shape
************************************************
Run 1 UNWEIGHTED Jpsi /(1600) Eff = 0.0414348 % +/- 0.00039782 %
Run 1 WEIGHTED Jpsi /(1600) Eff = 0.0420052 % +/- 0.000394553 %
************************************************
***************************************
Run 1 UNWEIGHTED /(1600)/Lambda efficiency ratio = 0.377197 +/- 0.00589326
Run 1 WEIGHTED /(1600)/Lambda efficiency ratio   = 0.38239 +/- 0.00592582
***************************************
Done importing Jpsi Lst(1600) shape
************************************************
Run 2 UNWEIGHTED Jpsi /(1600) Eff = 0.0451267 % +/- 0.000605245 %
Run 2 WEIGHTED Jpsi /(1600) Eff = 0.0453497 % +/- 0.000604812 %
************************************************
***************************************
Run 2 UNWEIGHTED /(1600)/Lambda efficiency ratio = 0.429519 +/- 0.00666651
Run 2 WEIGHTED /(1600)/Lambda efficiency ratio   = 0.431641 +/- 0.00667132
***************************************
Done importing Jpsi Lst(1600) shape
***************************************
Get J/psi Xi shape from MC
***************************************
Done importing Xib shape
Done importing Xib shape
***************************************
Get J/psi Ks shape from MC
***************************************
Done importing Xib shape
Done defining J/psi Lambda Hypatia shapes
*****UING EXPONENTIAL BKG SHAPE*****
Done defining cont. bkg exp. shapes
Done defining Misc Lambda* Gaussian shapes
RooDataSet::ds_sim1[Lb_DTF_M_JpsiLConstr,GB_WT,wt_tau] = 6803 entries
RooDataSet::ds_sim_wt1[Lb_DTF_M_JpsiLConstr,weight:totWt] = 6803 entries (7367.59 weighted)
mcNentries = 7367.59
RooDataSet::ds_sim2[Lb_DTF_M_JpsiLConstr,GB_WT,wt_tau] = 22955 entries
RooDataSet::ds_sim_wt2[Lb_DTF_M_JpsiLConstr,weight:totWt] = 22955 entries (19958.2 weighted)
mcNentries = 19958.2
reduceEng varSubset = (Lb_DTF_M_JpsiLConstr) _wgtVar = totWt
 **********
 **    1 **SET PRINT           1
 **********
 **********
 **    2 **SET NOGRAD
 **********
 PARAMETER DEFINITIONS:
    NO.   NAME         VALUE      STEP SIZE      LIMITS
     1 a1_Run1      1.80000e+00  1.00000e-01    1.00000e+00  2.00000e+00
     2 a2_Run1      1.70000e+00  4.00000e-02    1.50000e+00  1.90000e+00
     3 lambda_Run1  -2.59000e+00  8.00000e-02   -2.80000e+00 -2.00000e+00
     4 mcnbkg_run1   3.68429e+03  7.36659e+02    1.00000e+00  7.36759e+03
     5 mcnsig_run1   7.36259e+03  2.50000e+00    3.68379e+03  7.36759e+03
     6 mean_Run1    5.61960e+03  2.00000e-01    5.61900e+03  5.62100e+03
     7 sigma_Run1   1.50000e+01  6.00000e-01    1.20000e+01  1.80000e+01
     8 tau_run1    -1.00000e-07  4.95000e-08   -1.00000e-05 -1.00000e-09
 **********
 **    3 **SET ERR         0.5
 **********
 **********
 **    4 **SET PRINT           1
 **********
 **********
 **    5 **SET STR           2
 **********
 NOW USING STRATEGY  2: MAKE SURE MINIMUM TRUE, ERRORS CORRECT  
 **********
 **    6 **MIGRAD        4000           1
 **********
 FIRST CALL TO USER FUNCTION AT NEW START POINT, WITH IFLAG=4.
 START MIGRAD MINIMIZATION.  STRATEGY  2.  CONVERGENCE WHEN EDM .LT. 1.00e-03
 MINUIT WARNING IN HESSE   
 ============== Negative diagonal element 5 in Error Matrix
 MINUIT WARNING IN HESSE   
 ============== 181.501 added to diagonal of error matrix
 COVARIANCE MATRIX CALCULATED SUCCESSFULLY
 FCN=-28997.9 FROM HESSE     STATUS=OK             85 CALLS          86 TOTAL
                     EDM=12943.9    STRATEGY= 2      ERROR MATRIX ACCURATE 
  EXT PARAMETER                                   STEP         FIRST   
  NO.   NAME      VALUE            ERROR          SIZE      DERIVATIVE 
   1  a1_Run1      1.80000e+00   2.75927e-02   5.00000e-01  -1.47129e+01
   2  a2_Run1      1.70000e+00   1.46379e-02   5.00000e-01  -9.48059e+00
   3  lambda_Run1  -2.59000e+00   2.21547e-02   3.67998e-01   7.16197e+01
   4  mcnbkg_run1   3.68429e+03   1.96131e+02   2.35946e-01   2.91306e+03
   5  mcnsig_run1   7.36259e+03   2.39958e+03   2.76850e-01   1.40998e+01
   6  mean_Run1    5.61960e+03   5.72576e-02   4.24365e-01  -1.85239e+01
   7  sigma_Run1   1.50000e+01   1.56435e-01   2.37588e-01   9.15080e+01
   8  tau_run1    -1.00000e-07   7.34168e-08   5.00000e-01  -2.34449e-04
                               ERR DEF= 0.5
 MIGRAD FAILS TO FIND IMPROVEMENT
 MIGRAD MINIMIZATION HAS CONVERGED.
 MIGRAD WILL VERIFY CONVERGENCE AND ERROR MATRIX.
 MINUIT WARNING IN HESSE   
 ============== Negative diagonal element 8 in Error Matrix
 MINUIT WARNING IN HESSE   
 ============== 1 added to diagonal of error matrix
 COVARIANCE MATRIX CALCULATED SUCCESSFULLY
 FCN=-31574.2 FROM MIGRAD    STATUS=CONVERGED     708 CALLS         709 TOTAL
                     EDM=9.6304e-05    STRATEGY= 2      ERROR MATRIX ACCURATE 
  EXT PARAMETER                                   STEP         FIRST   
  NO.   NAME      VALUE            ERROR          SIZE      DERIVATIVE 
   1  a1_Run1      1.61391e+00   1.55098e-01   2.44485e-02   1.93335e-02
   2  a2_Run1      1.56354e+00   1.08675e-01   7.45910e-02   7.37092e-03
   3  lambda_Run1  -2.59215e+00   1.72844e-01   1.30022e-02  -5.46197e-02
   4  mcnbkg_run1   1.00012e+00   9.17704e+00   8.58946e-03** at limit **
   5  mcnsig_run1   7.36724e+03   3.77412e+02   1.07654e-01  -2.90601e-03
   6  mean_Run1    5.61980e+03   9.42962e-02   1.18551e-02  -3.06140e-02
   7  sigma_Run1   1.59725e+01   7.12553e-01   7.41965e-03   5.13823e-02
   8  tau_run1    -1.00004e-07   2.25274e-06   5.00000e-01   6.20403e-07
                               ERR DEF= 0.5
 EXTERNAL ERROR MATRIX.    NDIM=  25    NPAR=  8    ERR DEF=0.5
  2.492e-02  1.191e-02  2.256e-02  2.566e-04  2.125e-03 -5.256e-04  8.486e-02  1.222e-13 
  1.191e-02  1.501e-02  1.692e-02  1.619e-04  1.341e-03  2.250e-04  6.329e-02 -4.560e-14 
  2.256e-02  1.692e-02  3.266e-02 -2.201e-04 -1.821e-03 -2.335e-04  1.263e-01  3.821e-14 
  2.566e-04  1.619e-04 -2.201e-04  4.318e-03  2.029e-02  5.533e-07 -8.277e-04  1.311e-14 
  2.125e-03  1.341e-03 -1.821e-03  2.029e-02  5.413e+02  4.584e-06 -6.850e-03  1.087e-13 
 -5.256e-04  2.250e-04 -2.335e-04  5.533e-07  4.584e-06  8.919e-03 -1.013e-03 -2.497e-15 
  8.486e-02  6.329e-02  1.263e-01 -8.277e-04 -6.850e-03 -1.013e-03  5.188e-01  1.473e-13 
  1.222e-13 -4.560e-14  3.821e-14  1.311e-14  1.087e-13 -2.497e-15  1.473e-13  9.801e-13 
 PARAMETER  CORRELATION COEFFICIENTS  
       NO.  GLOBAL      1      2      3      4      5      6      7      8
        1  0.79686   1.000  0.616  0.791  0.025  0.001 -0.035  0.746  0.000
        2  0.77172   0.616  1.000  0.764  0.020  0.000  0.019  0.717 -0.000
        3  0.97860   0.791  0.764  1.000 -0.019 -0.000 -0.014  0.970  0.000
        4  0.08745   0.025  0.020 -0.019  1.000  0.013  0.000 -0.017  0.000
        5  0.01330   0.001  0.000 -0.000  0.013  1.000  0.000 -0.000  0.000
        6  0.06380  -0.035  0.019 -0.014  0.000  0.000  1.000 -0.015 -0.000
        7  0.97117   0.746  0.717  0.970 -0.017 -0.000 -0.015  1.000  0.000
        8  0.00000   0.000 -0.000  0.000  0.000  0.000 -0.000  0.000  1.000
 **********
 **    7 **SET ERR         0.5
 **********
 **********
 **    8 **SET PRINT           1
 **********
 **********
 **    9 **HESSE        4000
 **********
 MINUIT WARNING IN HESSE   
 ============== Negative diagonal element 8 in Error Matrix
 MINUIT WARNING IN HESSE   
 ============== 1 added to diagonal of error matrix
 COVARIANCE MATRIX CALCULATED SUCCESSFULLY
 FCN=-31574.2 FROM HESSE     STATUS=OK             69 CALLS         778 TOTAL
                     EDM=8.33347e-05    STRATEGY= 2      ERROR MATRIX ACCURATE 
  EXT PARAMETER                                INTERNAL      INTERNAL  
  NO.   NAME      VALUE            ERROR       STEP SIZE       VALUE   
   1  a1_Run1      1.61391e+00   1.43556e-01   4.88970e-03   2.29832e-01
   2  a2_Run1      1.56354e+00   1.01071e-01   2.98364e-03  -7.50871e-01
   3  lambda_Run1  -2.59215e+00   1.51124e-01   5.20090e-04  -5.01089e-01
   4  mcnbkg_run1   1.00012e+00   9.21785e+00   1.71789e-03  -1.41369e+01
                                 WARNING -   - ABOVE PARAMETER IS AT LIMIT.
   5  mcnsig_run1   7.36724e+03   3.14589e+01   5.00000e-01  -1.11507e+02
   6  mean_Run1    5.61980e+03   9.43164e-02   2.37102e-03  -1.97692e-01
   7  sigma_Run1   1.59725e+01   6.19264e-01   2.96786e-04   2.81148e+00
   8  tau_run1    -1.00004e-07   2.25274e-06   1.00000e-01   1.37145e+00
                               ERR DEF= 0.5
 EXTERNAL ERROR MATRIX.    NDIM=  25    NPAR=  8    ERR DEF=0.5
  2.123e-02  8.744e-03  1.694e-02  6.681e-05  3.145e-04 -5.674e-04  6.241e-02 -3.641e-13 
  8.744e-03  1.245e-02  1.229e-02  4.026e-05  1.895e-04  2.330e-04  4.500e-02  1.319e-13 
  1.694e-02  1.229e-02  2.441e-02 -5.088e-05 -2.395e-04 -2.369e-04  9.360e-02 -1.131e-13 
  6.681e-05  4.026e-05 -5.088e-05  4.337e-03  1.496e-03 -2.077e-07 -1.909e-04 -9.654e-15 
  3.145e-04  1.895e-04 -2.395e-04  1.496e-03  4.367e+01 -9.778e-07 -8.987e-04 -4.576e-14 
 -5.674e-04  2.330e-04 -2.369e-04 -2.077e-07 -9.778e-07  8.923e-03 -9.933e-04  8.559e-15 
  6.241e-02  4.500e-02  9.360e-02 -1.909e-04 -8.987e-04 -9.933e-04  3.897e-01 -4.237e-13 
 -3.641e-13  1.319e-13 -1.131e-13 -9.654e-15 -4.576e-14  8.559e-15 -4.237e-13  9.801e-13 
 PARAMETER  CORRELATION COEFFICIENTS  
       NO.  GLOBAL      1      2      3      4      5      6      7      8
        1  0.75147   1.000  0.538  0.744  0.007  0.000 -0.041  0.686 -0.000
        2  0.71413   0.538  1.000  0.705  0.005  0.000  0.022  0.646  0.000
        3  0.97126   0.744  0.705  1.000 -0.005 -0.000 -0.016  0.960 -0.000
        4  0.02146   0.007  0.005 -0.005  1.000  0.003 -0.000 -0.005 -0.000
        5  0.00356   0.000  0.000 -0.000  0.003  1.000 -0.000 -0.000 -0.000
        6  0.06736  -0.041  0.022 -0.016 -0.000 -0.000  1.000 -0.017  0.000
        7  0.96143   0.686  0.646  0.960 -0.005 -0.000 -0.017  1.000 -0.000
        8  0.00000  -0.000  0.000 -0.000 -0.000 -0.000  0.000 -0.000  1.000
 **********
 **   10 **SET ERR         0.5
 **********
 **********
 **   11 **SET PRINT           1
 **********
 **********
 **   12 **HESSE        4000
 **********
 COVARIANCE MATRIX CALCULATED SUCCESSFULLY
 FCN=-44058.9 FROM HESSE     STATUS=OK             95 CALLS         873 TOTAL
                     EDM=0.21317    STRATEGY= 2      ERROR MATRIX ACCURATE 
  EXT PARAMETER                                INTERNAL      INTERNAL  
  NO.   NAME      VALUE            ERROR       STEP SIZE       VALUE   
   1  a1_Run1      1.61391e+00   1.85043e-01   9.97499e-02   2.29832e-01
   2  a2_Run1      1.56354e+00   2.25707e-01   6.08663e-02  -7.50871e-01
   3  lambda_Run1  -2.59215e+00   2.30587e-01   1.06098e-02  -5.01089e-01
   4  mcnbkg_run1   1.00012e+00   2.62724e+00   1.42003e-01  -1.41369e+01
                                 WARNING -   - ABOVE PARAMETER IS AT LIMIT.
   5  mcnsig_run1   7.36724e+03   2.36230e+01   5.00000e-01  -1.11507e+02
   6  mean_Run1    5.61980e+03   8.02304e-02   4.83688e-02  -1.97692e-01
   7  sigma_Run1   1.59725e+01   9.54628e-01   6.05443e-03   2.81148e+00
   8  tau_run1    -1.00004e-07   5.01662e-06   5.00000e-01   1.37145e+00
                               ERR DEF= 0.5
 EXTERNAL ERROR MATRIX.    NDIM=  25    NPAR=  8    ERR DEF=0.5
  3.603e-02  2.658e-02  4.209e-02  4.233e-04  7.628e-03 -1.922e-04  1.594e-01  3.786e-09 
  2.658e-02  2.927e-02  3.830e-02  2.747e-04  4.975e-03  3.722e-04  1.447e-01 -5.878e-09 
  4.209e-02  3.830e-02  6.331e-02 -1.152e-03 -2.049e-02  9.077e-05  2.421e-01  5.535e-09 
  4.233e-04  2.747e-04 -1.152e-03  1.236e-03  2.176e-02  6.663e-06 -4.270e-03 -5.447e-09 
  7.628e-03  4.975e-03 -2.049e-02  2.176e-02  3.277e+01  1.199e-04 -7.600e-02 -9.901e-08 
 -1.922e-04  3.722e-04  9.077e-05  6.663e-06  1.199e-04  6.451e-03  1.998e-04 -1.961e-10 
  1.594e-01  1.447e-01  2.421e-01 -4.270e-03 -7.600e-02  1.998e-04  9.479e-01  2.093e-08 
  3.786e-09 -5.878e-09  5.535e-09 -5.447e-09 -9.901e-08 -1.961e-10  2.093e-08  6.173e-08 
 PARAMETER  CORRELATION COEFFICIENTS  
       NO.  GLOBAL      1      2      3      4      5      6      7      8
        1  0.90160   1.000  0.819  0.881  0.063  0.007 -0.013  0.862  0.000
        2  0.90770   0.819  1.000  0.890  0.046  0.005  0.027  0.869 -0.000
        3  0.99198   0.881  0.890  1.000 -0.130 -0.014  0.004  0.988  0.000
        4  0.51600   0.063  0.046 -0.130  1.000  0.108  0.002 -0.125 -0.001
        5  0.10816   0.007  0.005 -0.014  0.108  1.000  0.000 -0.014 -0.000
        6  0.06761  -0.013  0.027  0.004  0.002  0.000  1.000  0.003 -0.000
        7  0.98880   0.862  0.869  0.988 -0.125 -0.014  0.003  1.000  0.000
        8  0.00073   0.000 -0.000  0.000 -0.001 -0.000 -0.000  0.000  1.000
reduceEng varSubset = (Lb_DTF_M_JpsiLConstr) _wgtVar = totWt
 **********
 **   13 **SET PRINT           1
 **********
 **********
 **   14 **SET NOGRAD
 **********
 PARAMETER DEFINITIONS:
    NO.   NAME         VALUE      STEP SIZE      LIMITS
     1 a1_Run2      2.00000e+00  1.00000e-01    1.50000e+00  2.50000e+00
     2 a2_Run2      1.75000e+00  2.00000e-01    1.00000e+00  3.00000e+00
     3 lambda_Run2  -2.30000e+00  8.00000e-02   -2.80000e+00 -2.00000e+00
     4 mcnbkg_run2   9.97958e+03  1.99572e+03    1.00000e+00  1.99582e+04
     5 mcnsig_run2   1.99532e+04  2.50000e+00    9.97908e+03  1.99582e+04
     6 mean_Run2    5.61960e+03  2.00000e-01    5.61900e+03  5.62100e+03
     7 sigma_Run2   1.40000e+01  6.00000e-01    1.10000e+01  1.70000e+01
     8 tau_run2    -1.00000e-07  4.95000e-08   -1.00000e-05 -1.00000e-09
 **********
 **   15 **SET ERR         0.5
 **********
 **********
 **   16 **SET PRINT           1
 **********
 **********
 **   17 **SET STR           2
 **********
 NOW USING STRATEGY  2: MAKE SURE MINIMUM TRUE, ERRORS CORRECT  
 **********
 **   18 **MIGRAD        4000           1
 **********
 FIRST CALL TO USER FUNCTION AT NEW START POINT, WITH IFLAG=4.
 START MIGRAD MINIMIZATION.  STRATEGY  2.  CONVERGENCE WHEN EDM .LT. 1.00e-03
 MINUIT WARNING IN HESSE   
 ============== Negative diagonal element 5 in Error Matrix
 MINUIT WARNING IN HESSE   
 ============== 542.167 added to diagonal of error matrix
 COVARIANCE MATRIX CALCULATED SUCCESSFULLY
 FCN=-97779.9 FROM HESSE     STATUS=OK             83 CALLS          84 TOTAL
                     EDM=25788    STRATEGY= 2      ERROR MATRIX ACCURATE 
  EXT PARAMETER                                   STEP         FIRST   
  NO.   NAME      VALUE            ERROR          SIZE      DERIVATIVE 
   1  a1_Run2      2.00000e+00   2.06370e-02   5.00000e-01  -4.04226e+01
   2  a2_Run2      1.75000e+00   3.34925e-02   3.98426e-01  -1.42966e+02
   3  lambda_Run2  -2.30000e+00   1.52641e-02   4.70502e-01   2.13833e+02
   4  mcnbkg_run2   9.97958e+03   2.86257e+02   2.52532e-01   7.78252e+03
   5  mcnsig_run2   1.99532e+04   6.25300e+03   1.18214e-01   2.45233e+01
   6  mean_Run2    5.61960e+03   3.46764e-02   5.00000e-01  -1.32712e+02
   7  sigma_Run2   1.40000e+01   9.03063e-02   2.50788e-01   1.85989e+02
   8  tau_run2    -1.00000e-07   4.25044e-08   5.00000e-01  -5.62575e-04
                               ERR DEF= 0.5
 MINUIT WARNING IN MIGRAD  
 ============== Negative diagonal element 4 in Error Matrix
 MINUIT WARNING IN MIGRAD  
 ============== Negative diagonal element 5 in Error Matrix
 MINUIT WARNING IN MIGRAD  
 ============== 1.92779 added to diagonal of error matrix
 MIGRAD MINIMIZATION HAS CONVERGED.
 MIGRAD WILL VERIFY CONVERGENCE AND ERROR MATRIX.
 MINUIT WARNING IN HESSE   
 ============== Negative diagonal element 8 in Error Matrix
 MINUIT WARNING IN HESSE   
 ============== 1.00001 added to diagonal of error matrix
 COVARIANCE MATRIX CALCULATED SUCCESSFULLY
 FCN=-104714 FROM HESSE     STATUS=OK             79 CALLS         566 TOTAL
                     EDM=0.000878645    STRATEGY= 2      ERROR MATRIX ACCURATE 
  EXT PARAMETER                                   STEP         FIRST   
  NO.   NAME      VALUE            ERROR          SIZE      DERIVATIVE 
   1  a1_Run2      2.09954e+00   1.36844e-01   4.98646e-02   1.08582e-02
   2  a2_Run2      2.26312e+00   1.79698e-01   3.31705e-02  -1.21166e-03
   3  lambda_Run2  -2.05666e+00   6.05714e-02   1.98816e-02  -3.98784e-02
   4  mcnbkg_run2   1.00000e+00   5.72390e+00   7.61936e-03** at limit **
   5  mcnsig_run2   1.99569e+04   4.93395e+02   1.02083e-01  -2.03236e-03
   6  mean_Run2    5.62012e+03   5.88865e-02   1.32698e-02   4.71083e-02
   7  sigma_Run2   1.42710e+01   2.88163e-01   7.20340e-03   3.31563e-01
   8  tau_run2    -9.98777e-08   2.25280e-06   5.00000e-01   1.77839e-06
                               ERR DEF= 0.5
 MIGRAD FAILS TO FIND IMPROVEMENT
 MINUIT WARNING IN HESSE   
 ============== Negative diagonal element 8 in Error Matrix
 MINUIT WARNING IN HESSE   
 ============== 1.00001 added to diagonal of error matrix
 COVARIANCE MATRIX CALCULATED SUCCESSFULLY
 FCN=-104714 FROM HESSE     STATUS=OK             83 CALLS         731 TOTAL
                     EDM=7.55776e-07    STRATEGY= 2      ERROR MATRIX ACCURATE 
  EXT PARAMETER                                   STEP         FIRST   
  NO.   NAME      VALUE            ERROR          SIZE      DERIVATIVE 
   1  a1_Run2      2.11009e+00   1.35346e-01   5.02196e-02   2.62805e-03
   2  a2_Run2      2.27673e+00   1.77636e-01   3.32432e-02   3.46694e-03
   3  lambda_Run2  -2.04967e+00   5.74092e-02   2.09329e-02  -8.67529e-03
   4  mcnbkg_run2   1.00000e+00   5.73603e+00   7.56678e-03** at limit **
   5  mcnsig_run2   1.99571e+04   3.41132e+02   1.34409e-01  -1.05275e-03
   6  mean_Run2    5.62012e+03   5.88797e-02   1.32662e-02   2.65161e-03
   7  sigma_Run2   1.42385e+01   2.74426e-01   7.18106e-03  -1.93829e-02
   8  tau_run2    -9.98846e-08   2.25280e-06   5.00000e-01   1.75525e-06
                               ERR DEF= 0.5
 MIGRAD MINIMIZATION HAS CONVERGED.
 MIGRAD WILL VERIFY CONVERGENCE AND ERROR MATRIX.
 MINUIT WARNING IN HESSE   
 ============== Negative diagonal element 8 in Error Matrix
 MINUIT WARNING IN HESSE   
 ============== 1.00001 added to diagonal of error matrix
 COVARIANCE MATRIX CALCULATED SUCCESSFULLY
 FCN=-104714 FROM MIGRAD    STATUS=CONVERGED     824 CALLS         825 TOTAL
                     EDM=5.9013e-07    STRATEGY= 2      ERROR MATRIX ACCURATE 
  EXT PARAMETER                                   STEP         FIRST   
  NO.   NAME      VALUE            ERROR          SIZE      DERIVATIVE 
   1  a1_Run2      2.11005e+00   1.59371e-01   4.01757e-03  -1.22969e-04
   2  a2_Run2      2.27667e+00   2.12167e-01   2.65945e-03  -2.27352e-04
   3  lambda_Run2  -2.04966e+00   7.95169e-02   1.67463e-03   3.79302e-04
   4  mcnbkg_run2   1.00000e+00   5.73263e+00   7.56670e-03** at limit **
   5  mcnsig_run2   1.99571e+04   1.48290e+03   2.15054e-03  -9.65683e-04
   6  mean_Run2    5.62012e+03   5.88747e-02   5.30649e-03   2.53661e-05
   7  sigma_Run2   1.42385e+01   3.80198e-01   2.87243e-03   3.79006e-04
   8  tau_run2    -9.98863e-08   2.25280e-06   5.00000e-01   1.75511e-06
                               ERR DEF= 0.5
 EXTERNAL ERROR MATRIX.    NDIM=  25    NPAR=  8    ERR DEF=0.5
  2.636e-02  1.986e-02  1.003e-02  2.147e-06 -2.672e-03 -9.253e-05 -4.369e-02  5.883e-14 
  1.986e-02  4.577e-02  1.304e-02  3.271e-06 -4.066e-03  4.507e-04 -5.662e-02 -1.048e-13 
  1.003e-02  1.304e-02  6.717e-03 -9.791e-09  1.765e-05  8.684e-05 -3.020e-02 -6.056e-15 
  2.147e-06  3.271e-06 -9.791e-09  2.596e-07 -1.935e-04  4.358e-09 -2.618e-08  2.814e-16 
 -2.672e-03 -4.066e-03  1.765e-05 -1.935e-04  6.859e+03 -5.479e-06  7.319e-06 -1.086e-12 
 -9.253e-05  4.507e-04  8.684e-05  4.358e-09 -5.479e-06  3.470e-03 -4.214e-04 -6.737e-16 
 -4.369e-02 -5.662e-02 -3.020e-02 -2.618e-08  7.319e-06 -4.214e-04  1.453e-01  2.592e-14 
  5.883e-14 -1.048e-13 -6.056e-15  2.814e-16 -1.086e-12 -6.737e-16  2.592e-14  9.790e-13 
 PARAMETER  CORRELATION COEFFICIENTS  
       NO.  GLOBAL      1      2      3      4      5      6      7      8
        1  0.76012   1.000  0.572  0.754  0.026 -0.000 -0.010 -0.706  0.000
        2  0.75067   0.572  1.000  0.744  0.030 -0.000  0.036 -0.694 -0.000
        3  0.97556   0.754  0.744  1.000 -0.000  0.000  0.018 -0.966 -0.000
        4  0.06105   0.026  0.030 -0.000  1.000 -0.005  0.000 -0.000  0.000
        5  0.00459  -0.000 -0.000  0.000 -0.005  1.000 -0.000  0.000 -0.000
        6  0.05280  -0.010  0.036  0.018  0.000 -0.000  1.000 -0.019 -0.000
        7  0.96773  -0.706 -0.694 -0.966 -0.000  0.000 -0.019  1.000  0.000
        8  0.00000   0.000 -0.000 -0.000  0.000 -0.000 -0.000  0.000  1.000
 **********
 **   19 **SET ERR         0.5
 **********
 **********
 **   20 **SET PRINT           1
 **********
 **********
 **   21 **HESSE        4000
 **********
 MINUIT WARNING IN HESSE   
 ============== Negative diagonal element 8 in Error Matrix
 MINUIT WARNING IN HESSE   
 ============== 1.00001 added to diagonal of error matrix
 COVARIANCE MATRIX CALCULATED SUCCESSFULLY
 FCN=-104714 FROM HESSE     STATUS=OK             63 CALLS         888 TOTAL
                     EDM=5.88776e-07    STRATEGY= 2      ERROR MATRIX ACCURATE 
  EXT PARAMETER                                INTERNAL      INTERNAL  
  NO.   NAME      VALUE            ERROR       STEP SIZE       VALUE   
   1  a1_Run2      2.11005e+00   1.62658e-01   1.60703e-04   2.21910e-01
   2  a2_Run2      2.27667e+00   2.16500e-01   1.06378e-04   2.80331e-01
   3  lambda_Run2  -2.04966e+00   8.22282e-02   6.69852e-05   1.06719e+00
   4  mcnbkg_run2   1.00000e+00   5.74536e+00   1.51334e-03  -3.92699e+01
                                 WARNING -   - ABOVE PARAMETER IS AT LIMIT.
   5  mcnsig_run2   1.99571e+04   1.47782e+03   8.60216e-05  -3.44025e+02
   6  mean_Run2    5.62012e+03   5.88796e-02   4.24519e-05   1.21376e-01
   7  sigma_Run2   1.42385e+01   3.93529e-01   2.29794e-05   6.36276e+00
   8  tau_run2    -9.98863e-08   2.25280e-06   5.00000e-01   1.37157e+00
                               ERR DEF= 0.5
 EXTERNAL ERROR MATRIX.    NDIM=  25    NPAR=  8    ERR DEF=0.5
  2.750e-02  2.129e-02  1.079e-02  4.294e-07  2.976e-03 -8.269e-05 -4.713e-02  7.346e-14 
  2.129e-02  4.769e-02  1.399e-02  6.577e-07  3.699e-03  4.722e-04 -6.092e-02 -9.064e-14 
  1.079e-02  1.399e-02  7.215e-03 -3.192e-09  3.133e-03  9.455e-05 -3.247e-02  6.142e-15 
  4.294e-07  6.577e-07 -3.192e-09  2.602e-07 -4.007e-05  1.012e-09  2.724e-09  5.630e-17 
  2.976e-03  3.699e-03  3.133e-03 -4.007e-05  6.834e+03  4.126e-05 -1.452e-02 -2.187e-11 
 -8.269e-05  4.722e-04  9.455e-05  1.012e-09  4.126e-05  3.471e-03 -4.579e-04 -3.164e-16 
 -4.713e-02 -6.092e-02 -3.247e-02  2.724e-09 -1.452e-02 -4.579e-04  1.558e-01 -3.369e-14 
  7.346e-14 -9.064e-14  6.142e-15  5.630e-17 -2.187e-11 -3.164e-16 -3.369e-14  9.790e-13 
 PARAMETER  CORRELATION COEFFICIENTS  
       NO.  GLOBAL      1      2      3      4      5      6      7      8
        1  0.77136   1.000  0.588  0.766  0.005  0.000 -0.008 -0.720  0.000
        2  0.76075   0.588  1.000  0.754  0.006  0.000  0.037 -0.707 -0.000
        3  0.97727   0.766  0.754  1.000 -0.000  0.000  0.019 -0.969  0.000
        4  0.01227   0.005  0.006 -0.000  1.000 -0.001  0.000  0.000  0.000
        5  0.00108   0.000  0.000  0.000 -0.001  1.000  0.000 -0.000 -0.000
        6  0.05379  -0.008  0.037  0.019  0.000  0.000  1.000 -0.020 -0.000
        7  0.96993  -0.720 -0.707 -0.969  0.000 -0.000 -0.020  1.000 -0.000
        8  0.00000   0.000 -0.000  0.000  0.000 -0.000 -0.000 -0.000  1.000
 **********
 **   22 **SET ERR         0.5
 **********
 **********
 **   23 **SET PRINT           1
 **********
 **********
 **   24 **HESSE        4000
 **********
 MINUIT WARNING IN HESSE   
 ============== Negative diagonal element 8 in Error Matrix
 MINUIT WARNING IN HESSE   
 ============== 1.00002 added to diagonal of error matrix
 COVARIANCE MATRIX CALCULATED SUCCESSFULLY
 FCN=-120780 FROM HESSE     STATUS=OK             97 CALLS         985 TOTAL
                     EDM=14.7752    STRATEGY= 2      ERROR MATRIX ACCURATE 
  EXT PARAMETER                                INTERNAL      INTERNAL  
  NO.   NAME      VALUE            ERROR       STEP SIZE       VALUE   
   1  a1_Run2      2.11005e+00   1.55326e-01   3.27834e-03   2.21910e-01
   2  a2_Run2      2.27667e+00   2.73537e-01   2.17011e-03   2.80331e-01
   3  lambda_Run2  -2.04966e+00   4.31742e-02   1.36650e-03   1.06719e+00
   4  mcnbkg_run2   1.00000e+00   4.35145e+00   1.86413e-01  -3.92699e+01
                                 WARNING -   - ABOVE PARAMETER IS AT LIMIT.
   5  mcnsig_run2   1.99571e+04   2.82289e+01   5.00000e-01  -3.44025e+02
   6  mean_Run2    5.62012e+03   5.48104e-02   8.66019e-04   1.21376e-01
   7  sigma_Run2   1.42385e+01   2.07287e-01   4.68780e-04   6.36276e+00
   8  tau_run2    -9.98863e-08   2.25280e-06   5.00000e-01   1.37157e+00
                               ERR DEF= 0.5
 EXTERNAL ERROR MATRIX.    NDIM=  25    NPAR=  8    ERR DEF=0.5
  2.499e-02  2.576e-02  4.204e-03  3.789e-05  1.241e-01 -7.429e-05 -1.612e-02  7.236e-13 
  2.576e-02  7.694e-02  7.760e-03  7.463e-05  2.444e-01  7.719e-04 -2.939e-02  1.081e-12 
  4.204e-03  7.760e-03  1.896e-03  5.097e-06  1.670e-02  5.958e-05 -8.076e-03  7.660e-14 
  3.789e-05  7.463e-05  5.097e-06  1.971e-07  6.431e-04  4.260e-07 -2.085e-05  3.396e-15 
  1.241e-01  2.444e-01  1.670e-02  6.431e-04  1.240e+02  1.395e-03 -6.828e-02  1.116e-11 
 -7.429e-05  7.719e-04  5.958e-05  4.260e-07  1.395e-03  3.007e-03 -2.723e-04  4.682e-15 
 -1.612e-02 -2.939e-02 -8.076e-03 -2.085e-05 -6.828e-02 -2.723e-04  4.304e-02 -3.185e-13 
  7.236e-13  1.081e-12  7.660e-14  3.396e-15  1.116e-11  4.682e-15 -3.185e-13  9.790e-13 
 PARAMETER  CORRELATION COEFFICIENTS  
       NO.  GLOBAL      1      2      3      4      5      6      7      8
        1  0.73550   1.000  0.588  0.611  0.540  0.070 -0.009 -0.492  0.000
        2  0.79769   0.588  1.000  0.643  0.606  0.079  0.051 -0.511  0.000
        3  0.93467   0.611  0.643  1.000  0.264  0.034  0.025 -0.894  0.000
        4  0.71396   0.540  0.606  0.264  1.000  0.130  0.018 -0.226  0.000
        5  0.13009   0.070  0.079  0.034  0.130  1.000  0.002 -0.030  0.000
        6  0.07040  -0.009  0.051  0.025  0.018  0.002  1.000 -0.024  0.000
        7  0.90193  -0.492 -0.511 -0.894 -0.226 -0.030 -0.024  1.000 -0.000
        8  0.00001   0.000  0.000  0.000  0.000  0.000  0.000 -0.000  1.000
Importing Run 1 data
Done making RooDataHist
RooDataHist::ds1[Lb_DTF_M_JpsiLConstr] = 375 bins (6128 weights)
Done importing Run 1 data
Importing Run 2 data
Done making RooDataHist
RooDataHist::ds2[Lb_DTF_M_JpsiLConstr] = 375 bins (21987 weights)
Done importing Run 2 data
before sb fit
 **********
 **    1 **SET PRINT           1
 **********
 **********
 **    2 **SET NOGRAD
 **********
 PARAMETER DEFINITIONS:
    NO.   NAME         VALUE      STEP SIZE      LIMITS
     1 slope_Run2  -2.00000e+00  2.50000e-01   -5.00000e+00  0.00000e+00
 **********
 **    3 **SET ERR         0.5
 **********
 **********
 **    4 **SET PRINT           1
 **********
 **********
 **    5 **SET STR           1
 **********
 NOW USING STRATEGY  1: TRY TO BALANCE SPEED AGAINST RELIABILITY
 **********
 **    6 **MIGRAD         500           1
 **********
 FIRST CALL TO USER FUNCTION AT NEW START POINT, WITH IFLAG=4.
 START MIGRAD MINIMIZATION.  STRATEGY  1.  CONVERGENCE WHEN EDM .LT. 1.00e-03
 FCN=73.3269 FROM MIGRAD    STATUS=INITIATE        4 CALLS           5 TOTAL
                     EDM= unknown      STRATEGY= 1      NO ERROR MATRIX       
  EXT PARAMETER               CURRENT GUESS       STEP         FIRST   
  NO.   NAME      VALUE            ERROR          SIZE      DERIVATIVE 
   1  slope_Run2  -2.00000e+00   2.50000e-01   1.02263e-01   9.42015e+00
                               ERR DEF= 0.5
 MIGRAD MINIMIZATION HAS CONVERGED.
 MIGRAD WILL VERIFY CONVERGENCE AND ERROR MATRIX.
 COVARIANCE MATRIX CALCULATED SUCCESSFULLY
 FCN=73.1818 FROM MIGRAD    STATUS=CONVERGED      14 CALLS          15 TOTAL
                     EDM=4.55766e-05    STRATEGY= 1      ERROR MATRIX ACCURATE 
  EXT PARAMETER                                   STEP         FIRST   
  NO.   NAME      VALUE            ERROR          SIZE      DERIVATIVE 
   1  slope_Run2  -2.07925e+00   1.58735e-01   3.21932e-04   1.04737e-01
                               ERR DEF= 0.5
 EXTERNAL ERROR MATRIX.    NDIM=  25    NPAR=  1    ERR DEF=0.5
  2.523e-02 
 **********
 **    7 **SET ERR         0.5
 **********
 **********
 **    8 **SET PRINT           1
 **********
 **********
 **    9 **HESSE         500
 **********
 COVARIANCE MATRIX CALCULATED SUCCESSFULLY
 FCN=73.1818 FROM HESSE     STATUS=OK              5 CALLS          20 TOTAL
                     EDM=4.5575e-05    STRATEGY= 1      ERROR MATRIX ACCURATE 
  EXT PARAMETER                                INTERNAL      INTERNAL  
  NO.   NAME      VALUE            ERROR       STEP SIZE       VALUE   
   1  slope_Run2  -2.07925e+00   1.58735e-01   6.43864e-05   1.69103e-01
                               ERR DEF= 0.5
 EXTERNAL ERROR MATRIX.    NDIM=  25    NPAR=  1    ERR DEF=0.5
  2.523e-02 
RooDataHist::combData[sample,Lb_DTF_M_JpsiLConstr] = 750 bins (28115 weights)
Done importing combData and simPdf
**********Printing w after all imports***********

RooWorkspace(w) w contents

variables
---------
(Lb_DTF_M_JpsiLConstr,R,R_1405,R_1520,R_1600,a1_Run1,a1_Run2,a2_Run1,a2_Run2,eff_ratio1,eff_ratio2,eff_ratio_1405_1,eff_ratio_1405_2,eff_ratio_1520_1,eff_ratio_1520_2,eff_ratio_1600_1,eff_ratio_1600_2,geff_ratio1,geff_ratio2,geff_ratio_1405_1,geff_ratio_1405_2,geff_ratio_1520_1,geff_ratio_1520_2,geff_ratio_1600_1,geff_ratio_1600_2,gnXib1,gnXib2,gshift_Xib,lambda_Run1,lambda_Run2,mcnbkg_run1,mcnbkg_run2,mcnsig_run1,mcnsig_run2,mean_Run1,mean_Run2,miscLstMean_Run1,miscLstMean_Run2,miscLstSigma_Run1,miscLstSigma_Run2,nBkg_Run1,nBkg_Run2,nJpsiKs_Run1,nJpsiKs_Run2,nLb_Run1,nLb_Run2,nMiscLst_Run1,nMiscLst_Run2,nXib1,nXib2,nXib_JpsiLambda_Run1,nXib_JpsiLambda_Run2,sample,shift_Xib,sigma_Run1,sigma_Run2,slope_Run1,slope_Run2,tau_run1,tau_run2)

p.d.f.s
-------
RooExponential::Bkg_Run1[ x=Lb_DTF_M_JpsiLConstr c=Bkg_Run1_2 ] = 2.14265e-24
RooExponential::Bkg_Run2[ x=Lb_DTF_M_JpsiLConstr c=Bkg_Run2_2 ] = 1.9017e-20
RooKeysPdf::JPSIKS_RUN1[ x=Lb_DTF_M_JpsiLConstr ] = 0.00490232
RooKeysPdf::JPSIKS_RUN2[ x=Lb_DTF_M_JpsiLConstr ] = 0.00462242
RooKeysPdf::LST1405_Run1[ x=Lb_DTF_M_JpsiLConstr ] = 0.000203841
RooKeysPdf::LST1405_Run2[ x=Lb_DTF_M_JpsiLConstr ] = 0.000221882
RooKeysPdf::LST1520_Run1[ x=Lb_DTF_M_JpsiLConstr ] = 8.62245e-05
RooKeysPdf::LST1520_Run2[ x=Lb_DTF_M_JpsiLConstr ] = 8.6584e-05
RooKeysPdf::LST1600_Run1[ x=Lb_DTF_M_JpsiLConstr ] = 5.78022e-05
RooKeysPdf::LST1600_Run2[ x=Lb_DTF_M_JpsiLConstr ] = 6.36857e-05
RooHypatia2::Lb_Run1[ x=Lb_DTF_M_JpsiLConstr l=lambda_Run1 zeta=0 fb=0 sigma=sigma_Run1 mu=mean_Run1 a=a1_Run1 n=2 a2=a2_Run1 n2=2 ] = 0.000104344
RooHypatia2::Lb_Run2[ x=Lb_DTF_M_JpsiLConstr l=lambda_Run2 zeta=0 fb=0 sigma=sigma_Run2 mu=mean_Run2 a=a1_Run2 n=2 a2=a2_Run2 n2=2 ] = 0.000115508
RooKeysPdf::SIG_Run1[ x=Lb_DTF_M_JpsiLConstr ] = 0.00432764
RooKeysPdf::SIG_Run2[ x=Lb_DTF_M_JpsiLConstr ] = 0.00420125
RooKeysPdf::XIB_RUN1[ x=Lb_DTF_M_JpsiLConstr ] = 0.0022805
RooKeysPdf::XIB_RUN2[ x=Lb_DTF_M_JpsiLConstr ] = 0.00192398
RooHypatia2::Xib_Run1[ x=Lb_DTF_M_JpsiLConstr l=lambda_Run1 zeta=0 fb=0 sigma=sigma_Run1 mu=XibMean_Run1 a=a1_Run1 n=2 a2=a2_Run1 n2=2 ] = 2.3462e-05
RooHypatia2::Xib_Run2[ x=Lb_DTF_M_JpsiLConstr l=lambda_Run2 zeta=0 fb=0 sigma=sigma_Run2 mu=XibMean_Run2 a=a1_Run2 n=2 a2=a2_Run2 n2=2 ] = 2.57867e-05
RooGaussian::eff_ratio_1405_constraint1[ x=geff_ratio_1405_1 mean=eff_ratio_1405_1 sigma=0.007798 ] = 1
RooGaussian::eff_ratio_1405_constraint2[ x=geff_ratio_1405_2 mean=eff_ratio_1405_2 sigma=0.008823 ] = 1
