Info in <StandardHypoTestInvDemo>: Model ModelConfig has no snapshot  - make one using model poi
Info in <StandardHypoTestInvDemo>: Using Minuit as minimizer for computing the test statistic
Info in <StandardHypoTestInvDemo>:  Doing a first fit to the observed data 
Info in <TCanvas::Print>: pdf file ../plots/ANA/CLs_Hypatia_Expo_4700_6200_config1.pdf has been created
#######################################
Input file exists! Hurray!
Printing contents of w1 from input file

RooWorkspace(w1) w1 contents

variables
---------
(GB_WT,Lb_DTF_M_JpsiLConstr,sample,totWt,wt_tau)

p.d.f.s
-------
RooKeysPdf::JPSIKS_RUN1[ x=Lb_DTF_M_JpsiLConstr ] = 0.00481327
RooKeysPdf::JPSIKS_RUN2[ x=Lb_DTF_M_JpsiLConstr ] = 0.00465202
RooKeysPdf::LST1405_Run1[ x=Lb_DTF_M_JpsiLConstr ] = 0.000192753
RooKeysPdf::LST1405_Run2[ x=Lb_DTF_M_JpsiLConstr ] = 0.000224459
RooKeysPdf::LST1520_Run1[ x=Lb_DTF_M_JpsiLConstr ] = 8.27567e-05
RooKeysPdf::LST1520_Run2[ x=Lb_DTF_M_JpsiLConstr ] = 9.03052e-05
RooKeysPdf::LST1600_Run1[ x=Lb_DTF_M_JpsiLConstr ] = 5.68908e-05
RooKeysPdf::LST1600_Run2[ x=Lb_DTF_M_JpsiLConstr ] = 6.50797e-05
RooKeysPdf::SIG_Run1[ x=Lb_DTF_M_JpsiLConstr ] = 0.00422841
RooKeysPdf::SIG_Run2[ x=Lb_DTF_M_JpsiLConstr ] = 0.0043037
RooKeysPdf::XIB_RUN1[ x=Lb_DTF_M_JpsiLConstr ] = 0.00224578
RooKeysPdf::XIB_RUN2[ x=Lb_DTF_M_JpsiLConstr ] = 0.00194346

datasets
--------
RooDataSet::ds_sig_Run1(Lb_DTF_M_JpsiLConstr,GB_WT,wt_tau,totWt)
RooDataSet::ds_sig_wt_Run1(Lb_DTF_M_JpsiLConstr)
RooDataSet::ds_sig_Run2(Lb_DTF_M_JpsiLConstr,GB_WT,wt_tau,totWt)
RooDataSet::ds_sig_wt_Run2(Lb_DTF_M_JpsiLConstr)
RooDataSet::ds_1405_Run1(Lb_DTF_M_JpsiLConstr)
RooDataSet::ds_1405_Run2(Lb_DTF_M_JpsiLConstr)
RooDataSet::ds_1520_Run1(Lb_DTF_M_JpsiLConstr)
RooDataSet::ds_1520_Run2(Lb_DTF_M_JpsiLConstr)
RooDataSet::ds_1600_Run1(Lb_DTF_M_JpsiLConstr)
RooDataSet::ds_1600_Run2(Lb_DTF_M_JpsiLConstr)
RooDataSet::ds_xi_Run1(Lb_DTF_M_JpsiLConstr,GB_WT)
RooDataSet::ds_xi_wt_Run1(Lb_DTF_M_JpsiLConstr)
RooDataSet::ds_xi_Run2(Lb_DTF_M_JpsiLConstr,GB_WT)
RooDataSet::ds_xi_wt_Run2(Lb_DTF_M_JpsiLConstr)
RooDataSet::ds_jpsiks_Run1(Lb_DTF_M_JpsiLConstr)
RooDataSet::ds_jpsiks_Run2(Lb_DTF_M_JpsiLConstr)
RooDataHist::ds1(Lb_DTF_M_JpsiLConstr)
RooDataHist::ds2(Lb_DTF_M_JpsiLConstr)
RooDataHist::combData(sample,Lb_DTF_M_JpsiLConstr)

#######################################
[#1] INFO:Eval -- RooRealVar::setRange(Lb_DTF_M_JpsiLConstr) new range named 'signal_window' created with bounds [5365,5600]
[#1] INFO:Eval -- RooRealVar::setRange(Lb_DTF_M_JpsiLConstr) new range named 'sideband_window' created with bounds [5800,6200]
[#1] INFO:Eval -- RooRealVar::setRange(Lb_DTF_M_JpsiLConstr) new range named 'simFit_window' created with bounds [5500,5740]
@@@@@@@@@@@@@@@@@@@@@@@@@@@@@@@@@@@@@@@
Get Xib Normalization
@@@@@@@@@@@@@@@@@@@@@@@@@@@@@@@@@@@@@@@
xibYield = 36.361+/-7.75666+/-3.27249
UNWEIGHTED Xib->JpsiXi Eff = 0.0631 % +/- 0.0014 %
WEIGHTED Xib->JpsiXi Eff = 0.0728 % +/- 0.0015 %
UNWEIGHTED Xib->JpsiLambda Eff = 0.0135 % +/-0.0006 %
WEIGHTED Xib->JpsiLambda Eff = 0.0191 % +/-0.0008 %
UNWEIGTED Norm = 14.9550290117+/-3.1902608656+/-1.80244637209
WEIGHTED Norm = 18.3100781929+/-3.90597208866+/-2.16470350663
BREAKUP OF SYSTEMATICS:
Overall Syst     = 11.8224700289%
*Tracking        = 5.0%
*Xi Vtx          = 1.4%
*Xib Yield       = 9.0%
*Xib->JpsiL eff  = 4.06368377223%
*Xib->JpsiXi eff = 2.08057811171%
*tauXib-/tauXib0 = 3.3118675253%
************************************************
The UNWEIGHTED LL Xib normalization for Run 1 is 14.955 +/- 3.19026 +/- 1.80245
The WEIGHTED LL Xib normalization for Run 1 is 18.3101 +/- 3.90597 +/- 2.1647
************************************************
xibYield = 173.281+/-16.4207+/-10.39686
UNWEIGHTED Xib->JpsiXi Eff = 0.0650 % +/- 0.0014 %
WEIGHTED Xib->JpsiXi Eff = 0.0725 % +/- 0.0015 %
UNWEIGHTED Xib->JpsiLambda Eff = 0.0135 % +/-0.0006 %
WEIGHTED Xib->JpsiLambda Eff = 0.0193 % +/-0.0008 %
UNWEIGTED Norm = 69.0523186819+/-6.54363380509+/-6.89764588014
WEIGHTED Norm = 88.7369885688+/-8.40902042458+/-8.60571592043
BREAKUP OF SYSTEMATICS:
Overall Syst     = 9.69800312049%
*Tracking        = 5.0%
*Xi Vtx          = 1.4%
*Xib Yield       = 6.0%
*Xib->JpsiL eff  = 3.96355158547%
*Xib->JpsiXi eff = 2.10072769515%
*tauXib-/tauXib0 = 3.3118675253%
************************************************
The UNWEIGHTED LL Xib normalization for Run 2 is 69.0523 +/- 6.54363 +/- 6.89765
The WEIGHTED LL Xib normalization for Run 2 is 88.737 +/- 8.40902 +/- 8.60572
************************************************
@@@@@@@@@@@@@@@@@@@@@@@@@@@@@@@@@@@@@@@
Get Lb -> J/psi Lambda efficiency
@@@@@@@@@@@@@@@@@@@@@@@@@@@@@@@@@@@@@@@
************************************************
Run 1 UNWEIGHTED Jpsi Lambda Eff = 0.101332 % +/- 0.00124916 %
Run 1 WEIGHTED Jpsi Lambda Eff = 0.119236 % +/- 0.00141719 %
************************************************
************************************************
Run 2 UNWEIGHTED Jpsi Lambda Eff = 0.104194 % +/- 0.000778626 %
Run 2 WEIGHTED Jpsi Lambda Eff = 0.101552 % +/- 0.000804386 %
************************************************
@@@@@@@@@@@@@@@@@@@@@@@@@@@@@@@@@@@@@@@
Get Lb -> J/psi Sigma efficiency and shape
@@@@@@@@@@@@@@@@@@@@@@@@@@@@@@@@@@@@@@@
************************************************
Run 1 UNWEIGHTED Jpsi Sigma Eff = 0.0842765 % +/- 0.00172818 %
Run 1 WEIGHTED Jpsi Sigma Eff = 0.0996261 % +/- 0.00198809 %
************************************************
***************************************
Run 1 UNWEIGHTED Lambda/Sigma efficiency ratio = 1.20238 +/- 0.0287684
Run 1 WEIGHTED Lambda/Sigma efficiency ratio   = 1.19683 +/- 0.0277987
***************************************
Done importing Jpsi Sigma shape
************************************************
Run 2 UNWEIGHTED Jpsi Sigma Eff = 0.0947768 % +/- 0.000971455 %
Run 2 WEIGHTED Jpsi Sigma Eff = 0.0938155 % +/- 0.00102941 %
************************************************
***************************************
Run 2 UNWEIGHTED Lambda/Sigma efficiency ratio = 1.09936 +/- 0.0139452
Run 2 WEIGHTED Lambda/Sigma efficiency ratio   = 1.08246 +/- 0.0146489
***************************************
Done importing Jpsi Sigma shape
@@@@@@@@@@@@@@@@@@@@@@@@@@@@@@@@@@@@@@@
Get Lb -> J/psi Lst(1405) efficiency and shape
@@@@@@@@@@@@@@@@@@@@@@@@@@@@@@@@@@@@@@@
************************************************
Run 1 UNWEIGHTED Jpsi /(1405) Eff = 0.0636157 % +/- 0.000510129 %
Run 1 WEIGHTED Jpsi /(1405) Eff = 0.0644381 % +/- 0.000505975 %
************************************************
***************************************
Run 1 UNWEIGHTED /(1405)/Lambda efficiency ratio = 0.533528 +/- 0.00764959
Run 1 WEIGHTED /(1405)/Lambda efficiency ratio   = 0.540425 +/- 0.00769843
***************************************
Done importing Jpsi Lst(1405) shape
************************************************
Run 2 UNWEIGHTED Jpsi /(1405) Eff = 0.0611236 % +/- 0.000750094 %
Run 2 WEIGHTED Jpsi /(1405) Eff = 0.0614636 % +/- 0.000750578 %
************************************************
***************************************
Run 2 UNWEIGHTED /(1405)/Lambda efficiency ratio = 0.601898 +/- 0.00879136
Run 2 WEIGHTED /(1405)/Lambda efficiency ratio   = 0.605245 +/- 0.00880977
***************************************
Done importing Jpsi Lst(1405) shape
************************************************
Run 1 UNWEIGHTED Jpsi /(1520) Eff = 0.0534846 % +/- 0.000475311 %
Run 1 WEIGHTED Jpsi /(1520) Eff = 0.0541694 % +/- 0.000471302 %
************************************************
***************************************
Run 1 UNWEIGHTED /(1520)/Lambda efficiency ratio = 0.448562 +/- 0.00665694
Run 1 WEIGHTED /(1520)/Lambda efficiency ratio   = 0.454305 +/- 0.00669182
***************************************
Done importing Jpsi Lst(1520) shape
************************************************
Run 2 UNWEIGHTED Jpsi /(1520) Eff = 0.0505781 % +/- 0.000809454 %
Run 2 WEIGHTED Jpsi /(1520) Eff = 0.0508326 % +/- 0.000810613 %
************************************************
***************************************
Run 2 UNWEIGHTED /(1520)/Lambda efficiency ratio = 0.498054 +/- 0.00889372
Run 2 WEIGHTED /(1520)/Lambda efficiency ratio   = 0.500559 +/- 0.00891276
***************************************
Done importing Jpsi Lst(1520) shape
************************************************
Run 1 UNWEIGHTED Jpsi /(1600) Eff = 0.0465192 % +/- 0.000422309 %
Run 1 WEIGHTED Jpsi /(1600) Eff = 0.0471128 % +/- 0.000418663 %
************************************************
***************************************
Run 1 UNWEIGHTED /(1600)/Lambda efficiency ratio = 0.390145 +/- 0.00583499
Run 1 WEIGHTED /(1600)/Lambda efficiency ratio   = 0.395123 +/- 0.00586377
***************************************
Done importing Jpsi Lst(1600) shape
************************************************
Run 2 UNWEIGHTED Jpsi /(1600) Eff = 0.0429117 % +/- 0.000584514 %
Run 2 WEIGHTED Jpsi /(1600) Eff = 0.0431254 % +/- 0.000584047 %
************************************************
***************************************
Run 2 UNWEIGHTED /(1600)/Lambda efficiency ratio = 0.42256 +/- 0.00665827
Run 2 WEIGHTED /(1600)/Lambda efficiency ratio   = 0.424666 +/- 0.0066627
***************************************
Done importing Jpsi Lst(1600) shape
***************************************
Get J/psi Xi shape from MC
***************************************
Done importing Xib shape
Done importing Xib shape
***************************************
Get J/psi Ks shape from MC
***************************************
Done importing Xib shape
Done defining J/psi Lambda Hypatia shapes
*****UING EXPONENTIAL BKG SHAPE*****
Done defining cont. bkg exp. shapes
Done defining Misc Lambda* Gaussian shapes
RooDataSet::ds_sim1[Lb_DTF_M_JpsiLConstr,GB_WT,wt_tau] = 7360 entries
RooDataSet::ds_sim_wt1[Lb_DTF_M_JpsiLConstr,weight:totWt] = 7360 entries (8000.62 weighted)
mcNentries = 8000.62
RooDataSet::ds_sim2[Lb_DTF_M_JpsiLConstr,GB_WT,wt_tau] = 22259 entries
RooDataSet::ds_sim_wt2[Lb_DTF_M_JpsiLConstr,weight:totWt] = 22259 entries (19287.8 weighted)
mcNentries = 19287.8
reduceEng varSubset = (Lb_DTF_M_JpsiLConstr) _wgtVar = totWt
 **********
 **    1 **SET PRINT           1
 **********
 **********
 **    2 **SET NOGRAD
 **********
 PARAMETER DEFINITIONS:
    NO.   NAME         VALUE      STEP SIZE      LIMITS
     1 a1_Run1      1.80000e+00  1.00000e-01    1.00000e+00  2.00000e+00
     2 a2_Run1      1.70000e+00  4.00000e-02    1.50000e+00  1.90000e+00
     3 lambda_Run1  -2.59000e+00  8.00000e-02   -2.80000e+00 -2.00000e+00
     4 mcnbkg_run1   4.00081e+03  7.99962e+02    1.00000e+00  8.00062e+03
     5 mcnsig_run1   7.99562e+03  2.50000e+00    4.00031e+03  8.00062e+03
     6 mean_Run1    5.61960e+03  2.00000e-01    5.61900e+03  5.62100e+03
     7 sigma_Run1   1.50000e+01  6.00000e-01    1.20000e+01  1.80000e+01
     8 tau_run1    -1.00000e-07  4.95000e-08   -1.00000e-05 -1.00000e-09
 **********
 **    3 **SET ERR         0.5
 **********
 **********
 **    4 **SET PRINT           1
 **********
 **********
 **    5 **SET STR           2
 **********
 NOW USING STRATEGY  2: MAKE SURE MINIMUM TRUE, ERRORS CORRECT  
 **********
 **    6 **MIGRAD        4000           1
 **********
 FIRST CALL TO USER FUNCTION AT NEW START POINT, WITH IFLAG=4.
 START MIGRAD MINIMIZATION.  STRATEGY  2.  CONVERGENCE WHEN EDM .LT. 1.00e-03
 MINUIT WARNING IN HESSE   
 ============== Negative diagonal element 5 in Error Matrix
 MINUIT WARNING IN HESSE   
 ============== Negative diagonal element 8 in Error Matrix
 MINUIT WARNING IN HESSE   
 ============== 199.164 added to diagonal of error matrix
 COVARIANCE MATRIX CALCULATED SUCCESSFULLY
 FCN=-32139.1 FROM HESSE     STATUS=OK             87 CALLS          88 TOTAL
                     EDM=14179.2    STRATEGY= 2      ERROR MATRIX ACCURATE 
  EXT PARAMETER                                   STEP         FIRST   
  NO.   NAME      VALUE            ERROR          SIZE      DERIVATIVE 
   1  a1_Run1      1.80000e+00   2.63964e-02   5.00000e-01  -1.56791e+01
   2  a2_Run1      1.70000e+00   1.39741e-02   5.00000e-01  -1.04508e+01
   3  lambda_Run1  -2.59000e+00   2.11363e-02   3.70284e-01   7.96937e+01
   4  mcnbkg_run1   4.00081e+03   2.05009e+02   2.34221e-01   3.15570e+03
   5  mcnsig_run1   7.99562e+03   2.62031e+03   2.77905e-01   1.48363e+01
   6  mean_Run1    5.61960e+03   5.48506e-02   4.31102e-01  -2.26245e+01
   7  sigma_Run1   1.50000e+01   1.50091e-01   2.40891e-01   1.04331e+02
   8  tau_run1    -1.00000e-07   7.00917e-08   5.00000e-01   5.31954e-06
                               ERR DEF= 0.5
 MIGRAD MINIMIZATION HAS CONVERGED.
 MIGRAD WILL VERIFY CONVERGENCE AND ERROR MATRIX.
 COVARIANCE MATRIX CALCULATED SUCCESSFULLY
 FCN=-34899.6 FROM HESSE     STATUS=OK             73 CALLS         978 TOTAL
                     EDM=0.00843459    STRATEGY= 2      ERROR MATRIX ACCURATE 
  EXT PARAMETER                                   STEP         FIRST   
  NO.   NAME      VALUE            ERROR          SIZE      DERIVATIVE 
   1  a1_Run1      1.50549e+00   2.18991e-01   2.11015e-02   8.20001e-02
   2  a2_Run1      1.56887e+00   2.04738e-01   7.60375e-02   5.95011e-02
   3  lambda_Run1  -2.56004e+00   2.62784e-01   1.24235e-02   7.18350e-02
   4  mcnbkg_run1   1.00364e+00   5.55188e+01   1.84548e-02   4.88334e-02
   5  mcnsig_run1   8.00062e+03   7.61516e+02   1.08966e-01   2.65902e-04
   6  mean_Run1    5.61982e+03   9.08620e-02   1.18777e-02   9.44370e-03
   7  sigma_Run1   1.57804e+01   1.06939e+00   7.34094e-03  -1.41711e-01
   8  tau_run1    -9.99280e-08   9.93455e-06   5.00000e-01  -8.69713e-06
                               ERR DEF= 0.5
 MIGRAD FAILS TO FIND IMPROVEMENT
 MACHINE ACCURACY LIMITS FURTHER IMPROVEMENT.
 MIGRAD MINIMIZATION HAS CONVERGED.
 MIGRAD WILL VERIFY CONVERGENCE AND ERROR MATRIX.
 COVARIANCE MATRIX CALCULATED SUCCESSFULLY
 FCN=-34899.6 FROM MIGRAD    STATUS=CONVERGED    1140 CALLS        1141 TOTAL
                     EDM=0.000365564    STRATEGY= 2      ERROR MATRIX ACCURATE 
  EXT PARAMETER                                   STEP         FIRST   
  NO.   NAME      VALUE            ERROR          SIZE      DERIVATIVE 
   1  a1_Run1      1.47353e+00   2.55712e-01   2.05570e-02  -5.18598e-02
   2  a2_Run1      1.53430e+00   3.37210e-01   9.65460e-02   6.77980e-03
   3  lambda_Run1  -2.60453e+00   6.07606e-01   1.33646e-02  -8.37275e-02
   4  mcnbkg_run1   1.00024e+00   3.41092e+01   1.58371e-02** at limit **
   5  mcnsig_run1   8.00062e+03   4.82449e+01   4.12131e-01   3.55568e-04
   6  mean_Run1    5.61982e+03   9.09871e-02   1.18816e-02  -1.98182e-02
   7  sigma_Run1   1.59456e+01   1.30790e+00   7.52572e-03   1.97757e-01
   8  tau_run1    -2.89656e-09   9.79376e-06   5.00000e-01   1.19122e-06
                               ERR DEF= 0.5
 EXTERNAL ERROR MATRIX.    NDIM=  25    NPAR=  8    ERR DEF=0.5
  7.207e-02  7.543e-02 -9.576e-02  1.272e-02  2.102e-03 -5.408e-04 -3.406e-01 -1.237e-08 
  7.543e-02  9.418e-02 -1.098e-01  1.566e-02  2.588e-03  5.111e-04 -3.908e-01 -1.842e-08 
 -9.576e-02 -1.098e-01  1.408e-01 -1.477e-02 -2.440e-03  1.501e-05  5.056e-01  1.660e-08 
  1.272e-02  1.566e-02 -1.477e-02  3.266e-02  5.064e-03  4.859e-05 -5.196e-02 -2.726e-08 
  2.102e-03  2.588e-03 -2.440e-03  5.064e-03  4.059e-01  8.032e-06 -8.585e-03 -4.505e-09 
 -5.408e-04  5.111e-04  1.501e-05  4.859e-05  8.032e-06  8.302e-03 -1.265e-05 -1.859e-10 
 -3.406e-01 -3.908e-01  5.056e-01 -5.196e-02 -8.585e-03 -1.265e-05  1.847e+00  5.853e-08 
 -1.237e-08 -1.842e-08  1.660e-08 -2.726e-08 -4.505e-09 -1.859e-10  5.853e-08  4.471e-10 
 PARAMETER  CORRELATION COEFFICIENTS  
       NO.  GLOBAL      1      2      3      4      5      6      7      8
        1  0.95511   1.000  0.916 -0.951  0.262  0.012 -0.022 -0.934 -0.002
        2  0.95862   0.916  1.000 -0.953  0.282  0.013  0.018 -0.937 -0.003
        3  0.99541  -0.951 -0.953  1.000 -0.218 -0.010  0.000  0.992  0.002
        4  0.36997   0.262  0.282 -0.218  1.000  0.044  0.003 -0.212 -0.007
        5  0.04400   0.012  0.013 -0.010  0.044  1.000  0.000 -0.010 -0.000
        6  0.09836  -0.022  0.018  0.000  0.003  0.000  1.000 -0.000 -0.000
        7  0.99245  -0.934 -0.937  0.992 -0.212 -0.010 -0.000  1.000  0.002
        8  0.00727  -0.002 -0.003  0.002 -0.007 -0.000 -0.000  0.002  1.000
 **********
 **    7 **SET ERR         0.5
 **********
 **********
 **    8 **SET PRINT           1
 **********
 **********
 **    9 **HESSE        4000
 **********
 COVARIANCE MATRIX CALCULATED SUCCESSFULLY
 FCN=-34899.6 FROM HESSE     STATUS=OK             83 CALLS        1224 TOTAL
                     EDM=0.000362531    STRATEGY= 2      ERROR MATRIX ACCURATE 
  EXT PARAMETER                                INTERNAL      INTERNAL  
  NO.   NAME      VALUE            ERROR       STEP SIZE       VALUE   
   1  a1_Run1      1.47353e+00   2.31879e-01   4.11141e-03  -5.29673e-02
   2  a2_Run1      1.53430e+00   3.00417e-01   7.72368e-04  -9.76396e-01
   3  lambda_Run1  -2.60453e+00   2.78025e-01   5.34585e-04  -2.60487e+00
   4  mcnbkg_run1   1.00024e+00   4.56161e+00   1.74293e-01  -7.85433e+00
                                 WARNING -   - ABOVE PARAMETER IS AT LIMIT.
   5  mcnsig_run1   8.00062e+03   3.34351e+01   5.00000e-01  -7.38289e+01
   6  mean_Run1    5.61982e+03   9.10150e-02   4.75262e-04  -1.77469e-01
   7  sigma_Run1   1.59456e+01   1.15642e+00   1.50514e-03   3.20656e-01
   8  tau_run1    -2.89656e-09   6.60649e-06   1.00000e-01   1.59834e+00
                               ERR DEF= 0.5
 EXTERNAL ERROR MATRIX.    NDIM=  25    NPAR=  8    ERR DEF=0.5
  5.815e-02  5.628e-02 -7.230e-02  5.396e-03  5.750e-03 -1.005e-03 -2.594e-01 -4.218e-09 
  5.628e-02  6.879e-02 -7.799e-02  6.340e-03  6.761e-03  1.642e-05 -2.799e-01 -5.858e-09 
 -7.230e-02 -7.799e-02  1.049e-01 -3.995e-03 -4.263e-03  6.787e-04  3.815e-01  3.521e-09 
  5.396e-03  6.340e-03 -3.995e-03  4.362e-03  4.606e-03 -2.368e-05 -1.401e-02 -3.481e-09 
  5.750e-03  6.761e-03 -4.263e-03  4.606e-03  2.809e-01 -2.500e-05 -1.495e-02 -3.739e-09 
 -1.005e-03  1.642e-05  6.787e-04 -2.368e-05 -2.500e-05  8.307e-03  2.396e-03 -1.924e-11 
 -2.594e-01 -2.799e-01  3.815e-01 -1.401e-02 -1.495e-02  2.396e-03  1.418e+00  1.234e-08 
 -4.218e-09 -5.858e-09  3.521e-09 -3.481e-09 -3.739e-09 -1.924e-11  1.234e-08  4.382e-10 
 PARAMETER  CORRELATION COEFFICIENTS  
       NO.  GLOBAL      1      2      3      4      5      6      7      8
        1  0.94460   1.000  0.890 -0.926  0.339  0.045 -0.046 -0.903 -0.001
        2  0.94238   0.890  1.000 -0.918  0.366  0.049  0.001 -0.896 -0.001
        3  0.99384  -0.926 -0.918  1.000 -0.187 -0.025  0.023  0.989  0.001
        4  0.63118   0.339  0.366 -0.187  1.000  0.132 -0.004 -0.178 -0.003
        5  0.13158   0.045  0.049 -0.025  0.132  1.000 -0.001 -0.024 -0.000
        6  0.10165  -0.046  0.001  0.023 -0.004 -0.001  1.000  0.022 -0.000
        7  0.99015  -0.903 -0.896  0.989 -0.178 -0.024  0.022  1.000  0.000
        8  0.00254  -0.001 -0.001  0.001 -0.003 -0.000 -0.000  0.000  1.000
 **********
 **   10 **SET ERR         0.5
 **********
 **********
 **   11 **SET PRINT           1
 **********
 **********
 **   12 **HESSE        4000
 **********
 COVARIANCE MATRIX CALCULATED SUCCESSFULLY
 FCN=-48762 FROM HESSE     STATUS=OK             99 CALLS        1323 TOTAL
                     EDM=0.624687    STRATEGY= 2      ERROR MATRIX ACCURATE 
  EXT PARAMETER                                INTERNAL      INTERNAL  
  NO.   NAME      VALUE            ERROR       STEP SIZE       VALUE   
   1  a1_Run1      1.47353e+00   8.75960e-02   5.00000e-01  -5.29673e-02
   2  a2_Run1      1.53430e+00   7.74449e-02   1.57563e-02  -9.76396e-01
   3  lambda_Run1  -2.60453e+00   1.22120e-01   1.09055e-02  -2.60487e+00
   4  mcnbkg_run1   1.00024e+00   2.68655e+00   2.13569e-01  -7.85433e+00
                                 WARNING -   - ABOVE PARAMETER IS AT LIMIT.
   5  mcnsig_run1   8.00062e+03   2.39593e+01   5.00000e-01  -7.38289e+01
   6  mean_Run1    5.61982e+03   7.68398e-02   9.69535e-03  -1.77469e-01
   7  sigma_Run1   1.59456e+01   4.93248e-01   3.07049e-02   3.20656e-01
   8  tau_run1    -2.89656e-09   8.26628e-06   5.00000e-01   1.59834e+00
                               ERR DEF= 0.5
 EXTERNAL ERROR MATRIX.    NDIM=  25    NPAR=  8    ERR DEF=0.5
  7.753e-03  3.639e-03 -6.478e-03  6.355e-04  7.752e-04 -1.822e-04 -2.325e-02 -1.369e-09 
  3.639e-03  7.313e-03 -6.563e-03  6.652e-04  8.143e-04  3.029e-04 -2.370e-02 -2.428e-09 
 -6.478e-03 -6.563e-03  1.559e-02  1.727e-03  2.100e-03 -1.386e-04  5.921e-02 -5.328e-09 
  6.355e-04  6.652e-04  1.727e-03  2.569e-03  3.102e-03 -3.504e-06  6.251e-03 -7.575e-09 
  7.752e-04  8.143e-04  2.100e-03  3.102e-03  2.012e-01 -4.144e-06  7.604e-03 -9.307e-09 
 -1.822e-04  3.029e-04 -1.386e-04 -3.504e-06 -4.144e-06  5.916e-03 -5.509e-04 -1.256e-11 
 -2.325e-02 -2.370e-02  5.921e-02  6.251e-03  7.604e-03 -5.509e-04  2.458e-01 -1.935e-08 
 -1.369e-09 -2.428e-09 -5.328e-09 -7.575e-09 -9.307e-09 -1.256e-11 -1.935e-08  1.753e-10 
 PARAMETER  CORRELATION COEFFICIENTS  
       NO.  GLOBAL      1      2      3      4      5      6      7      8
        1  0.68009   1.000  0.483 -0.589  0.142  0.020 -0.027 -0.533 -0.001
        2  0.70987   0.483  1.000 -0.615  0.153  0.021  0.046 -0.559 -0.002
        3  0.96919  -0.589 -0.615  1.000  0.273  0.038 -0.014  0.957 -0.003
        4  0.59762   0.142  0.153  0.273  1.000  0.136 -0.001  0.249 -0.011
        5  0.13647   0.020  0.021  0.038  0.136  1.000 -0.000  0.034 -0.002
        6  0.07297  -0.027  0.046 -0.014 -0.001 -0.000  1.000 -0.014 -0.000
        7  0.95895  -0.533 -0.559  0.957  0.249  0.034 -0.014  1.000 -0.003
        8  0.01132  -0.001 -0.002 -0.003 -0.011 -0.002 -0.000 -0.003  1.000
reduceEng varSubset = (Lb_DTF_M_JpsiLConstr) _wgtVar = totWt
 **********
 **   13 **SET PRINT           1
 **********
 **********
 **   14 **SET NOGRAD
 **********
 PARAMETER DEFINITIONS:
    NO.   NAME         VALUE      STEP SIZE      LIMITS
     1 a1_Run2      2.00000e+00  1.00000e-01    1.50000e+00  2.50000e+00
     2 a2_Run2      1.75000e+00  2.00000e-01    1.00000e+00  3.00000e+00
     3 lambda_Run2  -2.30000e+00  8.00000e-02   -2.80000e+00 -2.00000e+00
     4 mcnbkg_run2   9.64438e+03  1.92868e+03    1.00000e+00  1.92878e+04
     5 mcnsig_run2   1.92828e+04  2.50000e+00    9.64388e+03  1.92878e+04
     6 mean_Run2    5.61960e+03  2.00000e-01    5.61900e+03  5.62100e+03
     7 sigma_Run2   1.40000e+01  6.00000e-01    1.10000e+01  1.70000e+01
     8 tau_run2    -1.00000e-07  4.95000e-08   -1.00000e-05 -1.00000e-09
 **********
 **   15 **SET ERR         0.5
 **********
 **********
 **   16 **SET PRINT           1
 **********
 **********
 **   17 **SET STR           2
 **********
 NOW USING STRATEGY  2: MAKE SURE MINIMUM TRUE, ERRORS CORRECT  
 **********
 **   18 **MIGRAD        4000           1
 **********
 FIRST CALL TO USER FUNCTION AT NEW START POINT, WITH IFLAG=4.
 START MIGRAD MINIMIZATION.  STRATEGY  2.  CONVERGENCE WHEN EDM .LT. 1.00e-03
 MINUIT WARNING IN HESSE   
 ============== Negative diagonal element 5 in Error Matrix
 MINUIT WARNING IN HESSE   
 ============== 528.968 added to diagonal of error matrix
 COVARIANCE MATRIX CALCULATED SUCCESSFULLY
 FCN=-93737.4 FROM HESSE     STATUS=OK             83 CALLS          84 TOTAL
                     EDM=24438.2    STRATEGY= 2      ERROR MATRIX ACCURATE 
  EXT PARAMETER                                   STEP         FIRST   
  NO.   NAME      VALUE            ERROR          SIZE      DERIVATIVE 
   1  a1_Run2      2.00000e+00   2.09041e-02   5.00000e-01  -3.88174e+01
   2  a2_Run2      1.75000e+00   3.40057e-02   3.98092e-01  -1.37577e+02
   3  lambda_Run2  -2.30000e+00   1.54509e-02   4.67700e-01   1.98576e+02
   4  mcnbkg_run2   9.64438e+03   2.79218e+02   2.48928e-01   7.50011e+03
   5  mcnsig_run2   1.92828e+04   6.04442e+03   1.20252e-01   2.43448e+01
   6  mean_Run2    5.61960e+03   3.52258e-02   5.00000e-01  -1.33700e+02
   7  sigma_Run2   1.40000e+01   9.16110e-02   2.49688e-01   1.66176e+02
   8  tau_run2    -1.00000e-07   4.30311e-08   5.00000e-01  -4.68867e-04
                               ERR DEF= 0.5
 MIGRAD FAILS TO FIND IMPROVEMENT
 MIGRAD MINIMIZATION HAS CONVERGED.
 MIGRAD WILL VERIFY CONVERGENCE AND ERROR MATRIX.
 MINUIT WARNING IN HESSE   
 ============== Negative diagonal element 8 in Error Matrix
 MINUIT WARNING IN HESSE   
 ============== 1.00001 added to diagonal of error matrix
 EIGENVALUES OF SECOND-DERIVATIVE MATRIX:
        -1.5177e-02  7.9853e-01  9.4808e-01  9.9833e-01  1.0000e+00  1.0079e+00  1.0584e+00  2.2040e+00
 MINUIT WARNING IN HESSE   
 ============== MATRIX FORCED POS-DEF BY ADDING 0.017381 TO DIAGONAL.
 FCN=-100406 FROM HESSE     STATUS=NOT POSDEF     73 CALLS        1214 TOTAL
                     EDM=0.00623032    STRATEGY= 2      ERR MATRIX NOT POS-DEF
  EXT PARAMETER                APPROXIMATE        STEP         FIRST   
  NO.   NAME      VALUE            ERROR          SIZE      DERIVATIVE 
   1  a1_Run2      2.09158e+00   4.02947e-01   5.00888e-02   6.09818e-02
   2  a2_Run2      2.30358e+00   6.27501e-01   3.56956e-02  -1.78039e-01
   3  lambda_Run2  -2.02254e+00   6.28647e-01   2.95258e-02   1.79970e-01
   4  mcnbkg_run2   1.00002e+00   5.43450e+00   7.40392e-03** at limit **
   5  mcnsig_run2   1.92877e+04   1.76711e+03   3.89641e-02   8.24972e-04
   6  mean_Run2    5.62015e+03   5.96793e-02   1.33149e-02  -8.23905e-02
   7  sigma_Run2   1.41745e+01   1.25135e+00   7.14274e-03  -7.05560e-01
   8  tau_run2    -9.99961e-08   2.21747e-06   5.00000e-01   1.91787e-06
                               ERR DEF= 0.5
 MIGRAD FAILS TO FIND IMPROVEMENT
 MACHINE ACCURACY LIMITS FURTHER IMPROVEMENT.
 MIGRAD MINIMIZATION HAS CONVERGED.
 MIGRAD WILL VERIFY CONVERGENCE AND ERROR MATRIX.
 MINUIT WARNING IN HESSE   
 ============== Negative diagonal element 8 in Error Matrix
 MINUIT WARNING IN HESSE   
 ============== 1.00001 added to diagonal of error matrix
 EIGENVALUES OF SECOND-DERIVATIVE MATRIX:
        -1.6707e-02  8.0058e-01  9.4802e-01  9.9895e-01  1.0000e+00  1.0071e+00  1.0584e+00  2.2036e+00
 MINUIT WARNING IN HESSE   
 ============== MATRIX FORCED POS-DEF BY ADDING 0.018911 TO DIAGONAL.
 FCN=-100406 FROM MIGRAD    STATUS=CONVERGED    1345 CALLS        1346 TOTAL
                     EDM=0.000970512    STRATEGY= 2      ERR MATRIX NOT POS-DEF
  EXT PARAMETER                APPROXIMATE        STEP         FIRST   
  NO.   NAME      VALUE            ERROR          SIZE      DERIVATIVE 
   1  a1_Run2      2.08725e+00   4.03687e-01   4.99293e-02  -8.69069e-04
   2  a2_Run2      2.29599e+00   5.99131e-01   3.44465e-02   1.65064e-02
   3  lambda_Run2  -2.02440e+00   6.11900e-01   2.89667e-02  -2.58302e-02
   4  mcnbkg_run2   1.00001e+00   5.33121e+00   7.38930e-03** at limit **
   5  mcnsig_run2   1.92877e+04   1.99213e+03   3.11713e-02   9.63465e-04
   6  mean_Run2    5.62015e+03   5.96410e-02   1.33144e-02  -1.63915e-03
   7  sigma_Run2   1.41847e+01   1.25517e+00   7.14505e-03   2.33001e-02
   8  tau_run2    -9.99982e-08   2.21442e-06   5.00000e-01   1.95774e-06
                               ERR DEF= 0.5
 EXTERNAL ERROR MATRIX.    NDIM=  25    NPAR=  8    ERR DEF=0.5
  2.240e-01 -2.905e-01 -1.294e-01  1.537e-04  1.105e-03 -1.118e-03 -5.928e-01 -6.349e-14 
 -2.905e-01  4.194e-01  1.770e-01 -2.192e-04 -1.576e-03  2.202e-03  8.115e-01  2.785e-13 
 -1.294e-01  1.770e-01  7.896e-02 -5.804e-05 -4.175e-04  8.451e-04  3.629e-01  8.161e-14 
  1.537e-04 -2.192e-04 -5.804e-05  2.032e-04  8.082e-04 -5.926e-07 -2.671e-04  7.856e-15 
  1.105e-03 -1.576e-03 -4.175e-04  8.082e-04  4.166e+02 -4.265e-06 -1.921e-03  6.578e-14 
 -1.118e-03  2.202e-03  8.451e-04 -5.926e-07 -4.265e-06  3.561e-03  3.930e-03  1.735e-15 
 -5.928e-01  8.115e-01  3.629e-01 -2.671e-04 -1.921e-03  3.930e-03  1.677e+00  3.748e-13 
 -6.349e-14  2.785e-13  8.161e-14  7.856e-15  6.578e-14  1.735e-15  3.748e-13  9.619e-13 
ERR MATRIX NOT POS-DEF
 PARAMETER  CORRELATION COEFFICIENTS  
       NO.  GLOBAL      1      2      3      4      5      6      7      8
        1  0.97336   1.000 -0.948 -0.973  0.023  0.000 -0.040 -0.967 -0.000
        2  0.97357  -0.948  1.000  0.973 -0.024 -0.000  0.057  0.967  0.000
        3  0.99798  -0.973  0.973  1.000 -0.014 -0.000  0.050  0.997  0.000
        4  0.05841   0.023 -0.024 -0.014  1.000  0.003 -0.001 -0.014  0.000
        5  0.00278   0.000 -0.000 -0.000  0.003  1.000 -0.000 -0.000  0.000
        6  0.07414  -0.040  0.057  0.050 -0.001 -0.000  1.000  0.051  0.000
        7  0.99720  -0.967  0.967  0.997 -0.014 -0.000  0.051  1.000  0.000
        8  0.00000  -0.000  0.000  0.000  0.000  0.000  0.000  0.000  1.000
 ERR MATRIX NOT POS-DEF
 **********
 **   19 **HESSE        4000
 **********
 MINUIT WARNING IN HESSE   
 ============== Negative diagonal element 8 in Error Matrix
 MINUIT WARNING IN HESSE   
 ============== 1.00001 added to diagonal of error matrix
 EIGENVALUES OF SECOND-DERIVATIVE MATRIX:
        -9.0191e-03  7.5186e-01  9.3632e-01  9.9859e-01  1.0000e+00  1.0015e+00  1.0743e+00  2.2464e+00
 MINUIT WARNING IN HESSE   
 ============== MATRIX FORCED POS-DEF BY ADDING 0.011266 TO DIAGONAL.
 FCN=-100406 FROM HESSE     STATUS=NOT POSDEF     77 CALLS        1423 TOTAL
                     EDM=0.00089429    STRATEGY= 2      ERR MATRIX NOT POS-DEF
  EXT PARAMETER                APPROXIMATE     INTERNAL      INTERNAL  
  NO.   NAME      VALUE            ERROR       STEP SIZE       VALUE   
   1  a1_Run2      2.08725e+00   4.01093e-01   3.99434e-04   1.75396e-01
   2  a2_Run2      2.29599e+00   6.82907e-01   5.00000e-01   2.84110e+00
   3  lambda_Run2  -2.02440e+00   6.12874e-01   2.31734e-04   8.20506e+00
   4  mcnbkg_run2   1.00001e+00   5.38057e+00   1.47786e-03  -1.14668e+02
                                 WARNING -   - ABOVE PARAMETER IS AT LIMIT.
   5  mcnsig_run2   1.92877e+04   3.19333e+01   5.00000e-01  -1.01631e+03
   6  mean_Run2    5.62015e+03   6.09906e-02   1.06515e-04   2.99339e+00
   7  sigma_Run2   1.41847e+01   1.17426e+00   2.85802e-04   1.89111e+01
   8  tau_run2    -9.99982e-08   2.22976e-06   1.00000e-01   1.37146e+00
                               ERR DEF= 0.5
 EXTERNAL ERROR MATRIX.    NDIM=  25    NPAR=  8    ERR DEF=0.5
  2.198e-01 -3.418e-01 -1.284e-01  7.652e-05  4.440e-04 -5.090e-03 -5.462e-01  1.521e-13 
 -3.418e-01  5.789e-01  2.109e-01 -1.208e-04 -7.009e-04  9.253e-03  8.975e-01 -8.098e-13 
 -1.284e-01  2.109e-01  7.934e-02 -4.028e-05 -2.337e-04  3.317e-03  3.387e-01 -2.190e-13 
  7.652e-05 -1.208e-04 -4.028e-05  2.051e-04  5.176e-05 -1.753e-06 -1.716e-04 -4.519e-15 
  4.440e-04 -7.009e-04 -2.337e-04  5.176e-05  6.203e+00 -1.017e-05 -9.955e-04 -2.603e-14 
 -5.090e-03  9.253e-03  3.317e-03 -1.753e-06 -1.017e-05  3.725e-03  1.417e-02 -1.482e-14 
 -5.462e-01  8.975e-01  3.387e-01 -1.716e-04 -9.955e-04  1.417e-02  1.456e+00 -9.325e-13 
  1.521e-13 -8.098e-13 -2.190e-13 -4.519e-15 -2.603e-14 -1.482e-14 -9.325e-13  9.692e-13 
ERR MATRIX NOT POS-DEF
 PARAMETER  CORRELATION COEFFICIENTS  
       NO.  GLOBAL      1      2      3      4      5      6      7      8
        1  0.97295   1.000 -0.958 -0.972  0.011  0.000 -0.178 -0.966  0.000
        2  0.98473  -0.958  1.000  0.984 -0.011 -0.000  0.199  0.978 -0.000
        3  0.99797  -0.972  0.984  1.000 -0.010 -0.000  0.193  0.997 -0.000
        4  0.01433   0.011 -0.011 -0.010  1.000  0.001 -0.002 -0.010 -0.000
        5  0.00152   0.000 -0.000 -0.000  0.001  1.000 -0.000 -0.000 -0.000
        6  0.20479  -0.178  0.199  0.193 -0.002 -0.000  1.000  0.192 -0.000
        7  0.99675  -0.966  0.978  0.997 -0.010 -0.000  0.192  1.000 -0.000
        8  0.00000   0.000 -0.000 -0.000 -0.000 -0.000 -0.000 -0.000  1.000
 ERR MATRIX NOT POS-DEF
 **********
 **   20 **SET ERR         0.5
 **********
 **********
 **   21 **SET PRINT           1
 **********
 **********
 **   22 **HESSE        4000
 **********
 MINUIT WARNING IN HESSE   
 ============== Negative diagonal element 8 in Error Matrix
 MINUIT WARNING IN HESSE   
 ============== 1.00001 added to diagonal of error matrix
 EIGENVALUES OF SECOND-DERIVATIVE MATRIX:
        -8.6977e-03  7.5201e-01  9.3644e-01  9.9978e-01  1.0000e+00  1.0002e+00  1.0742e+00  2.2460e+00
 MINUIT WARNING IN HESSE   
 ============== MATRIX FORCED POS-DEF BY ADDING 0.010944 TO DIAGONAL.
 FCN=-100406 FROM HESSE     STATUS=NOT POSDEF     77 CALLS        1500 TOTAL
                     EDM=0.000895083    STRATEGY= 2      ERR MATRIX NOT POS-DEF
  EXT PARAMETER                APPROXIMATE     INTERNAL      INTERNAL  
  NO.   NAME      VALUE            ERROR       STEP SIZE       VALUE   
   1  a1_Run2      2.08725e+00   4.00862e-01   7.98868e-05   1.75396e-01
   2  a2_Run2      2.29599e+00   6.82843e-01   5.00000e-01   2.84110e+00
   3  lambda_Run2  -2.02440e+00   6.12890e-01   4.63467e-05   8.20506e+00
   4  mcnbkg_run2   1.00001e+00   5.38225e+00   2.95572e-04  -1.14668e+02
                                 WARNING -   - ABOVE PARAMETER IS AT LIMIT.
   5  mcnsig_run2   1.92877e+04   3.19434e+01   5.00000e-01  -1.01631e+03
   6  mean_Run2    5.62015e+03   6.10215e-02   2.13030e-05   2.99339e+00
   7  sigma_Run2   1.41847e+01   1.17451e+00   5.71604e-05   1.89111e+01
   8  tau_run2    -9.99982e-08   2.23041e-06   2.00000e-02   1.37146e+00
                               ERR DEF= 0.5
 EXTERNAL ERROR MATRIX.    NDIM=  25    NPAR=  8    ERR DEF=0.5
  2.194e-01 -3.415e-01 -1.283e-01  1.105e-05  4.247e-04 -5.132e-03 -5.458e-01 -1.419e-11 
 -3.415e-01  5.788e-01  2.109e-01 -1.745e-05 -6.709e-04  9.328e-03  8.976e-01  2.232e-11 
 -1.283e-01  2.109e-01  7.935e-02 -5.795e-06 -2.237e-04  3.345e-03  3.388e-01  8.505e-12 
  1.105e-05 -1.745e-05 -5.795e-06  2.052e-04  7.706e-06 -2.520e-07 -2.469e-05 -6.484e-16 
  4.247e-04 -6.709e-04 -2.237e-04  7.706e-06  6.205e+00 -9.822e-06 -9.531e-04 -5.729e-14 
 -5.132e-03  9.328e-03  3.345e-03 -2.520e-07 -9.822e-06  3.728e-03  1.429e-02  2.200e-13 
 -5.458e-01  8.976e-01  3.388e-01 -2.469e-05 -9.531e-04  1.429e-02  1.457e+00  3.625e-11 
 -1.419e-11  2.232e-11  8.505e-12 -6.484e-16 -5.729e-14  2.200e-13  3.625e-11  9.695e-13 
ERR MATRIX NOT POS-DEF
 PARAMETER  CORRELATION COEFFICIENTS  
       NO.  GLOBAL      1      2      3      4      5      6      7      8
        1  0.97290   1.000 -0.958 -0.972  0.002  0.000 -0.179 -0.965 -0.000
        2  0.98472  -0.958  1.000  0.984 -0.002 -0.000  0.201  0.978  0.000
        3  0.99797  -0.972  0.984  1.000 -0.001 -0.000  0.194  0.997  0.000
        4  0.00210   0.002 -0.002 -0.001  1.000  0.000 -0.000 -0.001 -0.000
        5  0.00050   0.000 -0.000 -0.000  0.000  1.000 -0.000 -0.000 -0.000
        6  0.20623  -0.179  0.201  0.194 -0.000 -0.000  1.000  0.194  0.000
        7  0.99675  -0.965  0.978  0.997 -0.001 -0.000  0.194  1.000  0.000
        8  0.00003  -0.000  0.000  0.000 -0.000 -0.000  0.000  0.000  1.000
 ERR MATRIX NOT POS-DEF
 **********
 **   23 **SET ERR         0.5
 **********
 **********
 **   24 **SET PRINT           1
 **********
 **********
 **   25 **HESSE        4000
 **********
 MINUIT WARNING IN HESSE   
 ============== Negative diagonal element 8 in Error Matrix
 MINUIT WARNING IN HESSE   
 ============== 1.00002 added to diagonal of error matrix
 COVARIANCE MATRIX CALCULATED SUCCESSFULLY
 FCN=-115393 FROM HESSE     STATUS=OK             99 CALLS        1599 TOTAL
                     EDM=13.5064    STRATEGY= 2      ERROR MATRIX ACCURATE 
  EXT PARAMETER                                INTERNAL      INTERNAL  
  NO.   NAME      VALUE            ERROR       STEP SIZE       VALUE   
   1  a1_Run2      2.08725e+00   1.66942e-01   1.62969e-03   1.75396e-01
   2  a2_Run2      2.29599e+00   2.82356e-01   5.00000e-01   2.84110e+00
   3  lambda_Run2  -2.02440e+00   3.09843e-02   9.45473e-04   8.20506e+00
   4  mcnbkg_run2   1.00001e+00   5.47531e+00   1.88712e-01  -1.14668e+02
                                 WARNING -   - ABOVE PARAMETER IS AT LIMIT.
   5  mcnsig_run2   1.92877e+04   2.88319e+01   5.00000e-01  -1.01631e+03
   6  mean_Run2    5.62015e+03   5.62399e-02   4.34582e-04   2.99339e+00
   7  sigma_Run2   1.41847e+01   1.52048e-01   1.16607e-03   1.89111e+01
   8  tau_run2    -9.99982e-08   2.25275e-06   4.08000e-01   1.37146e+00
                               ERR DEF= 0.5
 EXTERNAL ERROR MATRIX.    NDIM=  25    NPAR=  8    ERR DEF=0.5
  2.901e-02 -3.098e-02 -3.132e-03  1.600e-03  4.180e-02 -1.048e-04 -8.546e-03  1.227e-13 
 -3.098e-02  8.216e-02  6.205e-03 -2.883e-03 -7.529e-02  1.476e-03  1.720e-02 -1.907e-13 
 -3.132e-03  6.205e-03  9.767e-04 -1.873e-04 -4.890e-03  9.741e-05  3.644e-03 -1.280e-14 
  1.600e-03 -2.883e-03 -1.873e-04  2.087e-04  5.438e-03 -3.746e-05 -5.526e-04  1.487e-14 
  4.180e-02 -7.529e-02 -4.890e-03  5.438e-03  5.600e+00 -9.779e-04 -1.442e-02  3.891e-13 
 -1.048e-04  1.476e-03  9.741e-05 -3.746e-05 -9.779e-04  3.166e-03  3.312e-04 -2.548e-15 
 -8.546e-03  1.720e-02  3.644e-03 -5.526e-04 -1.442e-02  3.312e-04  2.314e-02 -3.768e-14 
  1.227e-13 -1.907e-13 -1.280e-14  1.487e-14  3.891e-13 -2.548e-15 -3.768e-14  9.801e-13 
 PARAMETER  CORRELATION COEFFICIENTS  
       NO.  GLOBAL      1      2      3      4      5      6      7      8
        1  0.75248   1.000 -0.635 -0.588  0.650  0.104 -0.011 -0.330  0.000
        2  0.84252  -0.635  1.000  0.693 -0.696 -0.111  0.091  0.395 -0.000
        3  0.89683  -0.588  0.693  1.000 -0.415 -0.066  0.055  0.766 -0.000
        4  0.77659   0.650 -0.696 -0.415  1.000  0.159 -0.046 -0.251  0.000
        5  0.15904   0.104 -0.111 -0.066  0.159  1.000 -0.007 -0.040  0.000
        6  0.11042  -0.011  0.091  0.055 -0.046 -0.007  1.000  0.039 -0.000
        7  0.80039  -0.330  0.395  0.766 -0.251 -0.040  0.039  1.000 -0.000
        8  0.00000   0.000 -0.000 -0.000  0.000  0.000 -0.000 -0.000  1.000
Importing Run 1 data
Done making RooDataHist
RooDataHist::ds1[Lb_DTF_M_JpsiLConstr] = 375 bins (6913 weights)
Done importing Run 1 data
Importing Run 2 data
Done making RooDataHist
RooDataHist::ds2[Lb_DTF_M_JpsiLConstr] = 375 bins (21247 weights)
Done importing Run 2 data
before sb fit
 **********
 **    1 **SET PRINT           1
 **********
 **********
 **    2 **SET NOGRAD
 **********
 PARAMETER DEFINITIONS:
    NO.   NAME         VALUE      STEP SIZE      LIMITS
     1 slope_Run2  -2.00000e+00  2.50000e-01   -5.00000e+00  0.00000e+00
 **********
 **    3 **SET ERR         0.5
 **********
 **********
 **    4 **SET PRINT           1
 **********
 **********
 **    5 **SET STR           1
 **********
 NOW USING STRATEGY  1: TRY TO BALANCE SPEED AGAINST RELIABILITY
 **********
 **    6 **MIGRAD         500           1
 **********
 FIRST CALL TO USER FUNCTION AT NEW START POINT, WITH IFLAG=4.
 START MIGRAD MINIMIZATION.  STRATEGY  1.  CONVERGENCE WHEN EDM .LT. 1.00e-03
 FCN=66.7602 FROM MIGRAD    STATUS=INITIATE        4 CALLS           5 TOTAL
                     EDM= unknown      STRATEGY= 1      NO ERROR MATRIX       
  EXT PARAMETER               CURRENT GUESS       STEP         FIRST   
  NO.   NAME      VALUE            ERROR          SIZE      DERIVATIVE 
   1  slope_Run2  -2.00000e+00   2.50000e-01   1.02263e-01   3.47187e+00
                               ERR DEF= 0.5
 MIGRAD MINIMIZATION HAS CONVERGED.
 MIGRAD WILL VERIFY CONVERGENCE AND ERROR MATRIX.
 COVARIANCE MATRIX CALCULATED SUCCESSFULLY
 FCN=66.7381 FROM MIGRAD    STATUS=CONVERGED      18 CALLS          19 TOTAL
                     EDM=6.96085e-10    STRATEGY= 1      ERROR MATRIX ACCURATE 
  EXT PARAMETER                                   STEP         FIRST   
  NO.   NAME      VALUE            ERROR          SIZE      DERIVATIVE 
   1  slope_Run2  -2.03198e+00   1.55749e-01   3.57716e-04   4.15726e-04
                               ERR DEF= 0.5
 EXTERNAL ERROR MATRIX.    NDIM=  25    NPAR=  1    ERR DEF=0.5
  2.429e-02 
 **********
 **    7 **SET ERR         0.5
 **********
 **********
 **    8 **SET PRINT           1
 **********
 **********
 **    9 **HESSE         500
 **********
 COVARIANCE MATRIX CALCULATED SUCCESSFULLY
