Info in <StandardHypoTestInvDemo>: Model ModelConfig has no snapshot  - make one using model poi
Info in <StandardHypoTestInvDemo>: Using Minuit as minimizer for computing the test statistic
Info in <StandardHypoTestInvDemo>:  Doing a first fit to the observed data 
Info in <TCanvas::Print>: pdf file ../plots/ANA/CLs_Hypatia_Expo_4700_6200_config1.pdf has been created
#######################################
Input file exists! Hurray!
Printing contents of w1 from input file

RooWorkspace(w1) w1 contents

variables
---------
(GB_WT,Lb_DTF_M_JpsiLConstr,sample,totWt,wt_tau)

p.d.f.s
-------
RooKeysPdf::JPSIKS_RUN1[ x=Lb_DTF_M_JpsiLConstr ] = 0.00478771
RooKeysPdf::JPSIKS_RUN2[ x=Lb_DTF_M_JpsiLConstr ] = 0.00462161
RooKeysPdf::LST1405_Run1[ x=Lb_DTF_M_JpsiLConstr ] = 0.00020524
RooKeysPdf::LST1405_Run2[ x=Lb_DTF_M_JpsiLConstr ] = 0.000224123
RooKeysPdf::LST1520_Run1[ x=Lb_DTF_M_JpsiLConstr ] = 9.38995e-05
RooKeysPdf::LST1520_Run2[ x=Lb_DTF_M_JpsiLConstr ] = 8.89106e-05
RooKeysPdf::LST1600_Run1[ x=Lb_DTF_M_JpsiLConstr ] = 6.06945e-05
RooKeysPdf::LST1600_Run2[ x=Lb_DTF_M_JpsiLConstr ] = 6.25745e-05
RooKeysPdf::SIG_Run1[ x=Lb_DTF_M_JpsiLConstr ] = 0.00406596
RooKeysPdf::SIG_Run2[ x=Lb_DTF_M_JpsiLConstr ] = 0.00416572
RooKeysPdf::XIB_RUN1[ x=Lb_DTF_M_JpsiLConstr ] = 0.00193892
RooKeysPdf::XIB_RUN2[ x=Lb_DTF_M_JpsiLConstr ] = 0.00200585

datasets
--------
RooDataSet::ds_sig_Run1(Lb_DTF_M_JpsiLConstr,GB_WT,wt_tau,totWt)
RooDataSet::ds_sig_wt_Run1(Lb_DTF_M_JpsiLConstr)
RooDataSet::ds_sig_Run2(Lb_DTF_M_JpsiLConstr,GB_WT,wt_tau,totWt)
RooDataSet::ds_sig_wt_Run2(Lb_DTF_M_JpsiLConstr)
RooDataSet::ds_1405_Run1(Lb_DTF_M_JpsiLConstr)
RooDataSet::ds_1405_Run2(Lb_DTF_M_JpsiLConstr)
RooDataSet::ds_1520_Run1(Lb_DTF_M_JpsiLConstr)
RooDataSet::ds_1520_Run2(Lb_DTF_M_JpsiLConstr)
RooDataSet::ds_1600_Run1(Lb_DTF_M_JpsiLConstr)
RooDataSet::ds_1600_Run2(Lb_DTF_M_JpsiLConstr)
RooDataSet::ds_xi_Run1(Lb_DTF_M_JpsiLConstr,GB_WT)
RooDataSet::ds_xi_wt_Run1(Lb_DTF_M_JpsiLConstr)
RooDataSet::ds_xi_Run2(Lb_DTF_M_JpsiLConstr,GB_WT)
RooDataSet::ds_xi_wt_Run2(Lb_DTF_M_JpsiLConstr)
RooDataSet::ds_jpsiks_Run1(Lb_DTF_M_JpsiLConstr)
RooDataSet::ds_jpsiks_Run2(Lb_DTF_M_JpsiLConstr)
RooDataHist::ds1(Lb_DTF_M_JpsiLConstr)
RooDataHist::ds2(Lb_DTF_M_JpsiLConstr)
RooDataHist::combData(sample,Lb_DTF_M_JpsiLConstr)

#######################################
[#1] INFO:Eval -- RooRealVar::setRange(Lb_DTF_M_JpsiLConstr) new range named 'signal_window' created with bounds [5365,5600]
[#1] INFO:Eval -- RooRealVar::setRange(Lb_DTF_M_JpsiLConstr) new range named 'sideband_window' created with bounds [5800,6200]
[#1] INFO:Eval -- RooRealVar::setRange(Lb_DTF_M_JpsiLConstr) new range named 'simFit_window' created with bounds [5500,5740]
@@@@@@@@@@@@@@@@@@@@@@@@@@@@@@@@@@@@@@@
Get Xib Normalization
@@@@@@@@@@@@@@@@@@@@@@@@@@@@@@@@@@@@@@@
xibYield = 36.361+/-7.75666+/-3.27249
UNWEIGHTED Xib->JpsiXi Eff = 0.0631 % +/- 0.0014 %
WEIGHTED Xib->JpsiXi Eff = 0.0728 % +/- 0.0015 %
UNWEIGHTED Xib->JpsiLambda Eff = 0.0091 % +/-0.0005 %
WEIGHTED Xib->JpsiLambda Eff = 0.0162 % +/-0.0007 %
UNWEIGTED Norm = 10.0889675112+/-2.1522150308+/-1.25899543271
WEIGHTED Norm = 15.5557422241+/-3.31840718022+/-1.8582131981
BREAKUP OF SYSTEMATICS:
Overall Syst     = 11.9455129259%
*Tracking        = 5.0%
*Xi Vtx          = 1.4%
*Xib Yield       = 9.0%
*Xib->JpsiL eff  = 4.40885555207%
*Xib->JpsiXi eff = 2.08057811171%
*tauXib-/tauXib0 = 3.3118675253%
************************************************
The UNWEIGHTED LL Xib normalization for Run 1 is 10.089 +/- 2.15222 +/- 1.259
The WEIGHTED LL Xib normalization for Run 1 is 15.5557 +/- 3.31841 +/- 1.85821
************************************************
xibYield = 173.281+/-16.4207+/-10.39686
UNWEIGHTED Xib->JpsiXi Eff = 0.0650 % +/- 0.0014 %
WEIGHTED Xib->JpsiXi Eff = 0.0725 % +/- 0.0015 %
UNWEIGHTED Xib->JpsiLambda Eff = 0.0141 % +/-0.0006 %
WEIGHTED Xib->JpsiLambda Eff = 0.0186 % +/-0.0008 %
UNWEIGTED Norm = 72.157455068+/-6.83788714536+/-7.17445906102
WEIGHTED Norm = 85.2071625007+/-8.07452203805+/-8.29193922834
BREAKUP OF SYSTEMATICS:
Overall Syst     = 9.73150494042%
*Tracking        = 5.0%
*Xi Vtx          = 1.4%
*Xib Yield       = 6.0%
*Xib->JpsiL eff  = 4.04483189405%
*Xib->JpsiXi eff = 2.10072769515%
*tauXib-/tauXib0 = 3.3118675253%
************************************************
The UNWEIGHTED LL Xib normalization for Run 2 is 72.1575 +/- 6.83789 +/- 7.17446
The WEIGHTED LL Xib normalization for Run 2 is 85.2072 +/- 8.07452 +/- 8.29194
************************************************
@@@@@@@@@@@@@@@@@@@@@@@@@@@@@@@@@@@@@@@
Get Lb -> J/psi Lambda efficiency
@@@@@@@@@@@@@@@@@@@@@@@@@@@@@@@@@@@@@@@
************************************************
Run 1 UNWEIGHTED Jpsi Lambda Eff = 0.0876339 % +/- 0.00115303 %
Run 1 WEIGHTED Jpsi Lambda Eff = 0.102852 % +/- 0.00130557 %
************************************************
************************************************
Run 2 UNWEIGHTED Jpsi Lambda Eff = 0.106736 % +/- 0.000789972 %
Run 2 WEIGHTED Jpsi Lambda Eff = 0.103827 % +/- 0.000814952 %
************************************************
@@@@@@@@@@@@@@@@@@@@@@@@@@@@@@@@@@@@@@@
Get Lb -> J/psi Sigma efficiency and shape
@@@@@@@@@@@@@@@@@@@@@@@@@@@@@@@@@@@@@@@
************************************************
Run 1 UNWEIGHTED Jpsi Sigma Eff = 0.0709897 % +/- 0.00158284 %
Run 1 WEIGHTED Jpsi Sigma Eff = 0.0827005 % +/- 0.00180715 %
************************************************
***************************************
Run 1 UNWEIGHTED Lambda/Sigma efficiency ratio = 1.23446 +/- 0.0319594
Run 1 WEIGHTED Lambda/Sigma efficiency ratio   = 1.24367 +/- 0.0314288
***************************************
Done importing Jpsi Sigma shape
************************************************
Run 2 UNWEIGHTED Jpsi Sigma Eff = 0.0978501 % +/- 0.000988294 %
Run 2 WEIGHTED Jpsi Sigma Eff = 0.0970133 % +/- 0.00104798 %
************************************************
***************************************
Run 2 UNWEIGHTED Lambda/Sigma efficiency ratio = 1.09081 +/- 0.0136587
Run 2 WEIGHTED Lambda/Sigma efficiency ratio   = 1.07024 +/- 0.0142908
***************************************
Done importing Jpsi Sigma shape
@@@@@@@@@@@@@@@@@@@@@@@@@@@@@@@@@@@@@@@
Get Lb -> J/psi Lst(1405) efficiency and shape
@@@@@@@@@@@@@@@@@@@@@@@@@@@@@@@@@@@@@@@
************************************************
Run 1 UNWEIGHTED Jpsi /(1405) Eff = 0.0512295 % +/- 0.0004554 %
Run 1 WEIGHTED Jpsi /(1405) Eff = 0.052034 % +/- 0.000452231 %
************************************************
***************************************
Run 1 UNWEIGHTED /(1405)/Lambda efficiency ratio = 0.498089 +/- 0.00771878
Run 1 WEIGHTED /(1405)/Lambda efficiency ratio   = 0.505911 +/- 0.00778288
***************************************
Done importing Jpsi Lst(1405) shape
************************************************
Run 2 UNWEIGHTED Jpsi /(1405) Eff = 0.0624761 % +/- 0.000762434 %
Run 2 WEIGHTED Jpsi /(1405) Eff = 0.0627803 % +/- 0.000762573 %
************************************************
***************************************
Run 2 UNWEIGHTED /(1405)/Lambda efficiency ratio = 0.60173 +/- 0.00873103
Run 2 WEIGHTED /(1405)/Lambda efficiency ratio   = 0.60466 +/- 0.00874462
***************************************
Done importing Jpsi Lst(1405) shape
************************************************
Run 1 UNWEIGHTED Jpsi /(1520) Eff = 0.0426047 % +/- 0.000422415 %
Run 1 WEIGHTED Jpsi /(1520) Eff = 0.0432957 % +/- 0.0004195 %
************************************************
***************************************
Run 1 UNWEIGHTED /(1520)/Lambda efficiency ratio = 0.414233 +/- 0.006672
Run 1 WEIGHTED /(1520)/Lambda efficiency ratio   = 0.420951 +/- 0.00672217
***************************************
Done importing Jpsi Lst(1520) shape
************************************************
Run 2 UNWEIGHTED Jpsi /(1520) Eff = 0.0517298 % +/- 0.000824316 %
Run 2 WEIGHTED Jpsi /(1520) Eff = 0.0519584 % +/- 0.000825129 %
************************************************
***************************************
Run 2 UNWEIGHTED /(1520)/Lambda efficiency ratio = 0.498229 +/- 0.00885017
Run 2 WEIGHTED /(1520)/Lambda efficiency ratio   = 0.500431 +/- 0.00886484
***************************************
Done importing Jpsi Lst(1520) shape
************************************************
Run 1 UNWEIGHTED Jpsi /(1600) Eff = 0.0372576 % +/- 0.000376655 %
Run 1 WEIGHTED Jpsi /(1600) Eff = 0.037857 % +/- 0.000373975 %
************************************************
***************************************
Run 1 UNWEIGHTED /(1600)/Lambda efficiency ratio = 0.362244 +/- 0.0058783
Run 1 WEIGHTED /(1600)/Lambda efficiency ratio   = 0.368072 +/- 0.00592031
***************************************
Done importing Jpsi Lst(1600) shape
************************************************
Run 2 UNWEIGHTED Jpsi /(1600) Eff = 0.0437374 % +/- 0.000592258 %
Run 2 WEIGHTED Jpsi /(1600) Eff = 0.0439218 % +/- 0.000591497 %
************************************************
***************************************
Run 2 UNWEIGHTED /(1600)/Lambda efficiency ratio = 0.421251 +/- 0.00659326
Run 2 WEIGHTED /(1600)/Lambda efficiency ratio   = 0.423027 +/- 0.00659393
***************************************
Done importing Jpsi Lst(1600) shape
***************************************
Get J/psi Xi shape from MC
***************************************
Done importing Xib shape
Done importing Xib shape
***************************************
Get J/psi Ks shape from MC
***************************************
Done importing Xib shape
Done defining J/psi Lambda Hypatia shapes
*****UING EXPONENTIAL BKG SHAPE*****
Done defining cont. bkg exp. shapes
Done defining Misc Lambda* Gaussian shapes
RooDataSet::ds_sim1[Lb_DTF_M_JpsiLConstr,GB_WT,wt_tau] = 6361 entries
RooDataSet::ds_sim_wt1[Lb_DTF_M_JpsiLConstr,weight:totWt] = 6361 entries (6898.35 weighted)
mcNentries = 6898.35
RooDataSet::ds_sim2[Lb_DTF_M_JpsiLConstr,GB_WT,wt_tau] = 22806 entries
RooDataSet::ds_sim_wt2[Lb_DTF_M_JpsiLConstr,weight:totWt] = 22806 entries (19725.2 weighted)
mcNentries = 19725.2
reduceEng varSubset = (Lb_DTF_M_JpsiLConstr) _wgtVar = totWt
 **********
 **    1 **SET PRINT           1
 **********
 **********
 **    2 **SET NOGRAD
 **********
 PARAMETER DEFINITIONS:
    NO.   NAME         VALUE      STEP SIZE      LIMITS
     1 a1_Run1      1.80000e+00  1.00000e-01    1.00000e+00  2.00000e+00
     2 a2_Run1      1.70000e+00  4.00000e-02    1.50000e+00  1.90000e+00
     3 lambda_Run1  -2.59000e+00  8.00000e-02   -2.80000e+00 -2.00000e+00
     4 mcnbkg_run1   3.44967e+03  6.89735e+02    1.00000e+00  6.89835e+03
     5 mcnsig_run1   6.89335e+03  2.50000e+00    3.44917e+03  6.89835e+03
     6 mean_Run1    5.61960e+03  2.00000e-01    5.61900e+03  5.62100e+03
     7 sigma_Run1   1.50000e+01  6.00000e-01    1.20000e+01  1.80000e+01
     8 tau_run1    -1.00000e-07  4.95000e-08   -1.00000e-05 -1.00000e-09
 **********
 **    3 **SET ERR         0.5
 **********
 **********
 **    4 **SET PRINT           1
 **********
 **********
 **    5 **SET STR           2
 **********
 NOW USING STRATEGY  2: MAKE SURE MINIMUM TRUE, ERRORS CORRECT  
 **********
 **    6 **MIGRAD        4000           1
 **********
 FIRST CALL TO USER FUNCTION AT NEW START POINT, WITH IFLAG=4.
 START MIGRAD MINIMIZATION.  STRATEGY  2.  CONVERGENCE WHEN EDM .LT. 1.00e-03
 MINUIT WARNING IN HESSE   
 ============== Negative diagonal element 5 in Error Matrix
 MINUIT WARNING IN HESSE   
 ============== 168.2 added to diagonal of error matrix
 COVARIANCE MATRIX CALCULATED SUCCESSFULLY
 FCN=-26745.2 FROM HESSE     STATUS=OK             85 CALLS          86 TOTAL
                     EDM=11822.7    STRATEGY= 2      ERROR MATRIX ACCURATE 
  EXT PARAMETER                                   STEP         FIRST   
  NO.   NAME      VALUE            ERROR          SIZE      DERIVATIVE 
   1  a1_Run1      1.80000e+00   2.86396e-02   5.00000e-01  -1.36775e+01
   2  a2_Run1      1.70000e+00   1.51990e-02   5.00000e-01  -9.03938e+00
   3  lambda_Run1  -2.59000e+00   2.28168e-02   3.59660e-01   7.19627e+01
   4  mcnbkg_run1   3.44967e+03   1.87718e+02   2.35110e-01   2.73387e+03
   5  mcnsig_run1   6.89335e+03   2.23579e+03   2.76451e-01   1.35161e+01
   6  mean_Run1    5.61960e+03   5.96329e-02   4.26787e-01  -2.31982e+01
   7  sigma_Run1   1.50000e+01   1.61931e-01   2.36650e-01   9.66337e+01
   8  tau_run1    -1.00000e-07   7.62582e-08   5.00000e-01  -9.12191e-04
                               ERR DEF= 0.5
 MINUIT WARNING IN MIGRAD  
 ============== Negative diagonal element 4 in Error Matrix
 MINUIT WARNING IN MIGRAD  
 ============== Negative diagonal element 5 in Error Matrix
 MINUIT WARNING IN MIGRAD  
 ============== 2.45065 added to diagonal of error matrix
 MINUIT WARNING IN MIGRAD  
 ============== Negative diagonal element 7 in Error Matrix
 MINUIT WARNING IN MIGRAD  
 ============== 1.01821 added to diagonal of error matrix
 MIGRAD FAILS TO FIND IMPROVEMENT
 COVARIANCE MATRIX CALCULATED SUCCESSFULLY
 FCN=-29155.8 FROM HESSE     STATUS=OK             73 CALLS         707 TOTAL
                     EDM=0.0231557    STRATEGY= 2      ERROR MATRIX ACCURATE 
  EXT PARAMETER                                   STEP         FIRST   
  NO.   NAME      VALUE            ERROR          SIZE      DERIVATIVE 
   1  a1_Run1      1.51334e+00   9.98039e-02   2.12809e-02  -1.18568e-01
   2  a2_Run1      1.50001e+00   5.24747e-02   8.86297e-02   1.64457e-02
   3  lambda_Run1  -2.79425e+00   4.15892e-02   5.00000e-01   4.55101e-01
   4  mcnbkg_run1   7.31220e+00   1.06312e+01   5.15996e-03  -5.56292e-02
   5  mcnsig_run1   6.89701e+03   2.14391e+02   2.11419e-01   5.87370e-02
   6  mean_Run1    5.61988e+03   9.71643e-02   1.15225e-02  -2.43727e-01
   7  sigma_Run1   1.65792e+01   1.93736e-01   8.40017e-03  -1.39548e-01
   8  tau_run1    -9.63660e-08   9.60227e-06   5.00000e-01  -1.19122e-04
                               ERR DEF= 0.5
 MIGRAD FAILS TO FIND IMPROVEMENT
 MIGRAD MINIMIZATION HAS CONVERGED.
 MIGRAD WILL VERIFY CONVERGENCE AND ERROR MATRIX.
 COVARIANCE MATRIX CALCULATED SUCCESSFULLY
 FCN=-29156.5 FROM MIGRAD    STATUS=CONVERGED    1082 CALLS        1083 TOTAL
                     EDM=0.000199216    STRATEGY= 2      ERROR MATRIX ACCURATE 
  EXT PARAMETER                                   STEP         FIRST   
  NO.   NAME      VALUE            ERROR          SIZE      DERIVATIVE 
   1  a1_Run1      1.59785e+00   1.39229e-01   2.51530e-02  -1.98646e-02
   2  a2_Run1      1.50000e+00   3.31686e-01   2.06826e-01   1.01055e-03
   3  lambda_Run1  -2.62004e+00   1.28454e-01   1.37864e-02   3.97135e-02
   4  mcnbkg_run1   1.00055e+00   1.90546e+01   1.22884e-02** at limit **
   5  mcnsig_run1   6.89779e+03   6.70882e+02   9.77478e-02  -2.66168e-03
   6  mean_Run1    5.61987e+03   9.73596e-02   1.15366e-02   2.24934e-02
   7  sigma_Run1   1.59116e+01   5.41207e-01   7.35682e-03   3.05502e-03
   8  tau_run1    -2.00809e-09   9.94886e-06   5.00000e-01  -1.36883e-06
                               ERR DEF= 0.5
 EXTERNAL ERROR MATRIX.    NDIM=  25    NPAR=  8    ERR DEF=0.5
  1.993e-02 -4.616e-05  1.201e-02 -2.617e-04 -2.394e-03  1.261e-03 -4.284e-02 -1.175e-09 
 -4.616e-05  1.941e-06 -6.040e-05  7.363e-06  6.744e-05  1.150e-06  2.095e-04 -3.818e-12 
  1.201e-02 -6.040e-05  1.738e-02  3.243e-03  2.970e-02  9.178e-04 -6.762e-02 -1.773e-09 
 -2.617e-04  7.363e-06  3.243e-03  4.167e-02  3.246e-01  6.592e-05 -1.224e-02 -1.124e-08 
 -2.394e-03  6.744e-05  2.970e-02  3.246e-01  1.595e+03  6.038e-04 -1.121e-01 -1.030e-07 
  1.261e-03  1.150e-06  9.178e-04  6.592e-05  6.038e-04  9.509e-03 -3.639e-03 -7.281e-11 
 -4.284e-02  2.095e-04 -6.762e-02 -1.224e-02 -1.121e-01 -3.639e-03  2.965e-01  6.610e-09 
 -1.175e-09 -3.818e-12 -1.773e-09 -1.124e-08 -1.030e-07 -7.281e-11  6.610e-09  1.508e-10 
 PARAMETER  CORRELATION COEFFICIENTS  
       NO.  GLOBAL      1      2      3      4      5      6      7      8
        1  0.67037   1.000 -0.235  0.645 -0.009 -0.000  0.092 -0.557 -0.001
        2  0.35159  -0.235  1.000 -0.329  0.026  0.001  0.008  0.276 -0.000
        3  0.95525   0.645 -0.329  1.000  0.120  0.006  0.071 -0.942 -0.001
        4  0.18670  -0.009  0.026  0.120  1.000  0.040  0.003 -0.110 -0.004
        5  0.03984  -0.000  0.001  0.006  0.040  1.000  0.000 -0.005 -0.000
        6  0.10037   0.092  0.008  0.071  0.003  0.000  1.000 -0.069 -0.000
        7  0.94489  -0.557  0.276 -0.942 -0.110 -0.005 -0.069  1.000  0.001
        8  0.00456  -0.001 -0.000 -0.001 -0.004 -0.000 -0.000  0.001  1.000
 **********
 **    7 **SET ERR         0.5
 **********
 **********
 **    8 **SET PRINT           1
 **********
 **********
 **    9 **HESSE        4000
 **********
 COVARIANCE MATRIX CALCULATED SUCCESSFULLY
 FCN=-29156.5 FROM HESSE     STATUS=OK             89 CALLS        1172 TOTAL
                     EDM=0.00027387    STRATEGY= 2      ERROR MATRIX ACCURATE 
  EXT PARAMETER                                INTERNAL      INTERNAL  
  NO.   NAME      VALUE            ERROR       STEP SIZE       VALUE   
   1  a1_Run1      1.59785e+00   1.62433e-01   2.01224e-04   2.94463e+00
   2  a2_Run1      1.50000e+00   3.33048e-01   5.00000e-01  -1.56712e+00
   3  lambda_Run1  -2.62004e+00   1.68605e-01   5.51456e-04  -1.03090e+02
   4  mcnbkg_run1   1.00055e+00   3.99360e+00   1.65994e-01   4.71295e+00
                                 WARNING -   - ABOVE PARAMETER IS AT LIMIT.
   5  mcnsig_run1   6.89779e+03   3.29437e+01   5.00000e-01  -3.12563e+02
   6  mean_Run1    5.61987e+03   9.73395e-02   2.30732e-03  -1.27859e-01
   7  sigma_Run1   1.59116e+01   6.87805e-01   2.94273e-04   1.34780e+02
   8  tau_run1    -2.00809e-09   7.88663e-06   1.00000e-01   1.55071e+00
                               ERR DEF= 0.5
 EXTERNAL ERROR MATRIX.    NDIM=  25    NPAR=  8    ERR DEF=0.5
  2.741e-02 -1.225e-04  2.100e-02 -1.287e-03 -1.552e-02  1.176e-03 -7.611e-02  1.368e-10 
 -1.225e-04  1.970e-06 -1.468e-04  2.015e-05  2.436e-04  1.612e-06  5.226e-04 -4.747e-12 
  2.100e-02 -1.468e-04  3.124e-02  4.131e-03  4.982e-02  9.575e-04 -1.184e-01 -9.496e-10 
 -1.287e-03  2.015e-05  4.131e-03  8.727e-03  1.040e-01  1.312e-04 -1.540e-02 -1.827e-09 
 -1.552e-02  2.436e-04  4.982e-02  1.040e-01  7.324e+01  1.585e-03 -1.857e-01 -2.212e-08 
  1.176e-03  1.612e-06  9.575e-04  1.312e-04  1.585e-03  9.506e-03 -3.862e-03 -3.430e-11 
 -7.611e-02  5.226e-04 -1.184e-01 -1.540e-02 -1.857e-01 -3.862e-03  4.825e-01  3.545e-09 
  1.368e-10 -4.747e-12 -9.496e-10 -1.827e-09 -2.212e-08 -3.430e-11  3.545e-09  1.478e-10 
 PARAMETER  CORRELATION COEFFICIENTS  
       NO.  GLOBAL      1      2      3      4      5      6      7      8
        1  0.77688   1.000 -0.527  0.718 -0.083 -0.011  0.073 -0.662  0.000
        2  0.68382  -0.527  1.000 -0.592  0.154  0.020  0.012  0.536 -0.000
        3  0.97535   0.718 -0.592  1.000  0.250  0.033  0.056 -0.964 -0.000
        4  0.56926  -0.083  0.154  0.250  1.000  0.130  0.014 -0.237 -0.002
        5  0.13011  -0.011  0.020  0.033  0.130  1.000  0.002 -0.031 -0.000
        6  0.09859   0.073  0.012  0.056  0.014  0.002  1.000 -0.057 -0.000
        7  0.96652  -0.662  0.536 -0.964 -0.237 -0.031 -0.057  1.000  0.000
        8  0.00161   0.000 -0.000 -0.000 -0.002 -0.000 -0.000  0.000  1.000
 **********
 **   10 **SET ERR         0.5
 **********
 **********
 **   11 **SET PRINT           1
 **********
 **********
 **   12 **HESSE        4000
 **********
 COVARIANCE MATRIX CALCULATED SUCCESSFULLY
 FCN=-40694.9 FROM HESSE     STATUS=OK             99 CALLS        1271 TOTAL
                     EDM=0.26944    STRATEGY= 2      ERROR MATRIX ACCURATE 
  EXT PARAMETER                                INTERNAL      INTERNAL  
  NO.   NAME      VALUE            ERROR       STEP SIZE       VALUE   
   1  a1_Run1      1.59785e+00   1.17347e-01   4.10496e-03   2.94463e+00
   2  a2_Run1      1.50000e+00   8.89353e-02   5.00000e-01  -1.56712e+00
   3  lambda_Run1  -2.62004e+00   1.21044e-01   1.12497e-02  -1.03090e+02
   4  mcnbkg_run1   1.00055e+00   2.51622e+00   2.10110e-01   4.71295e+00
                                 WARNING -   - ABOVE PARAMETER IS AT LIMIT.
   5  mcnsig_run1   6.89779e+03   2.37112e+01   5.00000e-01  -3.12563e+02
   6  mean_Run1    5.61987e+03   8.22271e-02   4.70693e-02  -1.27859e-01
   7  sigma_Run1   1.59116e+01   4.98670e-01   6.00317e-03   1.34780e+02
   8  tau_run1    -2.00809e-09   9.01651e-06   5.00000e-01   1.55071e+00
                               ERR DEF= 0.5
 EXTERNAL ERROR MATRIX.    NDIM=  25    NPAR=  8    ERR DEF=0.5
  1.404e-02 -2.793e-05  9.072e-03 -3.225e-04 -4.461e-03  7.454e-04 -3.294e-02 -6.202e-11 
 -2.793e-05  5.201e-07 -3.360e-05  6.372e-06  8.969e-05  7.513e-07  1.186e-04 -1.038e-11 
  9.072e-03 -3.360e-05  1.534e-02  3.358e-03  4.716e-02  6.332e-04 -5.904e-02 -5.395e-09 
 -3.225e-04  6.372e-06  3.358e-03  5.498e-03  7.631e-02  9.209e-05 -1.218e-02 -8.122e-09 
 -4.461e-03  8.969e-05  4.716e-02  7.631e-02  5.267e+01  1.297e-03 -1.712e-01 -1.146e-07 
  7.454e-04  7.513e-07  6.332e-04  9.209e-05  1.297e-03  6.777e-03 -2.650e-03 -1.589e-10 
 -3.294e-02  1.186e-04 -5.904e-02 -1.218e-02 -1.712e-01 -2.650e-03  2.512e-01  1.964e-08 
 -6.202e-11 -1.038e-11 -5.395e-09 -8.122e-09 -1.146e-07 -1.589e-10  1.964e-08  7.092e-11 
 PARAMETER  CORRELATION COEFFICIENTS  
       NO.  GLOBAL      1      2      3      4      5      6      7      8
        1  0.69229   1.000 -0.327  0.618 -0.037 -0.005  0.076 -0.555 -0.000
        2  0.48191  -0.327  1.000 -0.376  0.119  0.017  0.013  0.328 -0.002
        3  0.96401   0.618 -0.376  1.000  0.366  0.052  0.062 -0.951 -0.005
        4  0.57250  -0.037  0.119  0.366  1.000  0.142  0.015 -0.328 -0.013
        5  0.14182  -0.005  0.017  0.052  0.142  1.000  0.002 -0.047 -0.002
        6  0.09303   0.076  0.013  0.062  0.015  0.002  1.000 -0.064 -0.000
        7  0.95348  -0.555  0.328 -0.951 -0.328 -0.047 -0.064  1.000  0.005
        8  0.01302  -0.000 -0.002 -0.005 -0.013 -0.002 -0.000  0.005  1.000
reduceEng varSubset = (Lb_DTF_M_JpsiLConstr) _wgtVar = totWt
 **********
 **   13 **SET PRINT           1
 **********
 **********
 **   14 **SET NOGRAD
 **********
 PARAMETER DEFINITIONS:
    NO.   NAME         VALUE      STEP SIZE      LIMITS
     1 a1_Run2      2.00000e+00  1.00000e-01    1.50000e+00  2.50000e+00
     2 a2_Run2      1.75000e+00  2.00000e-01    1.00000e+00  3.00000e+00
     3 lambda_Run2  -2.30000e+00  8.00000e-02   -2.80000e+00 -2.00000e+00
     4 mcnbkg_run2   9.86311e+03  1.97242e+03    1.00000e+00  1.97252e+04
     5 mcnsig_run2   1.97202e+04  2.50000e+00    9.86261e+03  1.97252e+04
     6 mean_Run2    5.61960e+03  2.00000e-01    5.61900e+03  5.62100e+03
     7 sigma_Run2   1.40000e+01  6.00000e-01    1.10000e+01  1.70000e+01
     8 tau_run2    -1.00000e-07  4.95000e-08   -1.00000e-05 -1.00000e-09
 **********
 **   15 **SET ERR         0.5
 **********
 **********
 **   16 **SET PRINT           1
 **********
 **********
 **   17 **SET STR           2
 **********
 NOW USING STRATEGY  2: MAKE SURE MINIMUM TRUE, ERRORS CORRECT  
 **********
 **   18 **MIGRAD        4000           1
 **********
 FIRST CALL TO USER FUNCTION AT NEW START POINT, WITH IFLAG=4.
 START MIGRAD MINIMIZATION.  STRATEGY  2.  CONVERGENCE WHEN EDM .LT. 1.00e-03
 MINUIT WARNING IN HESSE   
 ============== Negative diagonal element 5 in Error Matrix
 MINUIT WARNING IN HESSE   
 ============== 540.924 added to diagonal of error matrix
 COVARIANCE MATRIX CALCULATED SUCCESSFULLY
 FCN=-96312.2 FROM HESSE     STATUS=OK             83 CALLS          84 TOTAL
                     EDM=24994.8    STRATEGY= 2      ERROR MATRIX ACCURATE 
  EXT PARAMETER                                   STEP         FIRST   
  NO.   NAME      VALUE            ERROR          SIZE      DERIVATIVE 
   1  a1_Run2      2.00000e+00   2.06758e-02   5.00000e-01  -3.96916e+01
   2  a2_Run2      1.75000e+00   3.36377e-02   3.98506e-01  -1.41277e+02
   3  lambda_Run2  -2.30000e+00   1.52814e-02   4.69095e-01   2.03927e+02
   4  mcnbkg_run2   9.86311e+03   2.82367e+02   2.49518e-01   7.67102e+03
   5  mcnsig_run2   1.97202e+04   6.18045e+03   1.18911e-01   2.46118e+01
   6  mean_Run2    5.61960e+03   3.47765e-02   5.00000e-01  -1.31513e+02
   7  sigma_Run2   1.40000e+01   9.05825e-02   2.50285e-01   1.70771e+02
   8  tau_run2    -1.00000e-07   4.25532e-08   5.00000e-01  -4.96357e-04
                               ERR DEF= 0.5
 MIGRAD FAILS TO FIND IMPROVEMENT
 MIGRAD MINIMIZATION HAS CONVERGED.
 MIGRAD WILL VERIFY CONVERGENCE AND ERROR MATRIX.
 MINUIT WARNING IN HESSE   
 ============== Negative diagonal element 8 in Error Matrix
 MINUIT WARNING IN HESSE   
 ============== 1.00001 added to diagonal of error matrix
 COVARIANCE MATRIX CALCULATED SUCCESSFULLY
 FCN=-103130 FROM HESSE     STATUS=OK             73 CALLS         950 TOTAL
                     EDM=0.014952    STRATEGY= 2      ERROR MATRIX ACCURATE 
  EXT PARAMETER                                   STEP         FIRST   
  NO.   NAME      VALUE            ERROR          SIZE      DERIVATIVE 
   1  a1_Run2      2.02201e+00   1.41587e-01   4.45111e-02   8.95132e-02
   2  a2_Run2      2.19574e+00   1.84851e-01   2.97417e-02   9.73988e-03
   3  lambda_Run2  -2.06835e+00   7.03242e-02   1.81780e-02  -3.93279e-01
   4  mcnbkg_run2   1.05221e+00   5.14774e+00   7.17068e-03  -3.08956e+00
   5  mcnsig_run2   1.97139e+04   2.26811e+02   7.03341e-02   1.75961e-01
   6  mean_Run2    5.62013e+03   5.95180e-02   1.33172e-02  -7.86375e-02
   7  sigma_Run2   1.43783e+01   3.27219e-01   7.28333e-03  -1.58488e-01
   8  tau_run2    -1.00657e-07   2.25244e-06   5.00000e-01   1.49492e-06
                               ERR DEF= 0.5
 MIGRAD FAILS TO FIND IMPROVEMENT
 MIGRAD MINIMIZATION HAS CONVERGED.
 MIGRAD WILL VERIFY CONVERGENCE AND ERROR MATRIX.
 MINUIT WARNING IN HESSE   
 ============== Negative diagonal element 8 in Error Matrix
 MINUIT WARNING IN HESSE   
 ============== 1.00001 added to diagonal of error matrix
 COVARIANCE MATRIX CALCULATED SUCCESSFULLY
 FCN=-103130 FROM MIGRAD    STATUS=CONVERGED    1143 CALLS        1144 TOTAL
                     EDM=4.40622e-05    STRATEGY= 2      ERROR MATRIX ACCURATE 
  EXT PARAMETER                                   STEP         FIRST   
  NO.   NAME      VALUE            ERROR          SIZE      DERIVATIVE 
   1  a1_Run2      2.06433e+00   1.49139e-01   4.98659e-02  -8.88496e-03
   2  a2_Run2      2.24312e+00   1.82130e-01   3.12633e-02  -1.17044e-02
   3  lambda_Run2  -2.04343e+00   6.29552e-02   2.21419e-02   1.14449e-02
   4  mcnbkg_run2   1.00003e+00   5.29467e+00   7.28449e-03** at limit **
   5  mcnsig_run2   1.97252e+04   3.60492e+02   1.39421e-01** at limit **
   6  mean_Run2    5.62013e+03   5.95101e-02   1.33116e-02  -5.01507e-03
   7  sigma_Run2   1.42685e+01   2.96138e-01   7.21593e-03   2.00634e-02
   8  tau_run2    -1.00666e-07   2.25244e-06   5.00000e-01   1.48277e-06
                               ERR DEF= 0.5
 EXTERNAL ERROR MATRIX.    NDIM=  25    NPAR=  8    ERR DEF=0.5
  2.295e-02  1.311e-02 -6.654e-03 -1.239e-04 -1.037e-04 -3.105e-04  2.689e-02 -7.171e-14 
  1.311e-02  3.357e-02 -7.822e-03 -1.610e-04 -1.348e-04  3.083e-04  3.187e-02  8.331e-14 
 -6.654e-03 -7.822e-03  4.134e-03  8.463e-06  7.088e-06 -8.241e-06 -1.796e-02  6.959e-16 
 -1.239e-04 -1.610e-04  8.463e-06  7.149e-04  3.257e-04  5.363e-07 -3.402e-05  1.116e-14 
 -1.037e-04 -1.348e-04  7.088e-06  3.257e-04  3.132e+00  4.489e-07 -2.849e-05  9.441e-15 
 -3.105e-04  3.083e-04 -8.241e-06  5.363e-07  4.489e-07  3.546e-03  9.450e-05  1.218e-15 
  2.689e-02  3.187e-02 -1.796e-02 -3.402e-05 -2.849e-05  9.450e-05  8.799e-02 -1.303e-15 
 -7.171e-14  8.331e-14  6.959e-16  1.116e-14  9.441e-15  1.218e-15 -1.303e-15  9.866e-13 
 PARAMETER  CORRELATION COEFFICIENTS  
       NO.  GLOBAL      1      2      3      4      5      6      7      8
        1  0.69735   1.000  0.472 -0.683 -0.031 -0.000 -0.034  0.598 -0.000
        2  0.67509   0.472  1.000 -0.664 -0.033 -0.000  0.028  0.587  0.000
        3  0.95986  -0.683 -0.664  1.000  0.005  0.000 -0.002 -0.941  0.000
        4  0.05539  -0.031 -0.033  0.005  1.000  0.007  0.000 -0.004  0.000
        5  0.00689  -0.000 -0.000  0.000  0.007  1.000  0.000 -0.000  0.000
        6  0.06228  -0.034  0.028 -0.002  0.000  0.000  1.000  0.005  0.000
        7  0.94477   0.598  0.587 -0.941 -0.004 -0.000  0.005  1.000 -0.000
        8  0.00000  -0.000  0.000  0.000  0.000  0.000  0.000 -0.000  1.000
 **********
 **   19 **SET ERR         0.5
 **********
 **********
 **   20 **SET PRINT           1
 **********
 **********
 **   21 **HESSE        4000
 **********
 MINUIT WARNING IN HESSE   
 ============== Negative diagonal element 8 in Error Matrix
 MINUIT WARNING IN HESSE   
 ============== 1.00001 added to diagonal of error matrix
 COVARIANCE MATRIX CALCULATED SUCCESSFULLY
 FCN=-103130 FROM HESSE     STATUS=OK             69 CALLS        1213 TOTAL
                     EDM=6.96381e-05    STRATEGY= 2      ERROR MATRIX ACCURATE 
  EXT PARAMETER                                INTERNAL      INTERNAL  
  NO.   NAME      VALUE            ERROR       STEP SIZE       VALUE   
   1  a1_Run2      2.06433e+00   1.75400e-01   1.99464e-03   3.01257e+00
   2  a2_Run2      2.24312e+00   2.11162e-01   2.50106e-04   2.89601e+00
   3  lambda_Run2  -2.04343e+00   8.49007e-02   1.77135e-04   7.38366e+00
   4  mcnbkg_run2   1.00003e+00   5.30301e+00   1.45690e-03  -1.27235e+02
                                 WARNING -   - ABOVE PARAMETER IS AT LIMIT.
   5  mcnsig_run2   1.97252e+04   3.23153e+01   5.00000e-01  -1.13569e+03
                                 WARNING -   - ABOVE PARAMETER IS AT LIMIT.
   6  mean_Run2    5.62013e+03   5.95005e-02   5.32462e-04   3.01310e+00
   7  sigma_Run2   1.42685e+01   4.06634e-01   2.88637e-04   1.89392e+01
   8  tau_run2    -1.00666e-07   2.25244e-06   1.00000e-01   1.37079e+00
                               ERR DEF= 0.5
 EXTERNAL ERROR MATRIX.    NDIM=  25    NPAR=  8    ERR DEF=0.5
  3.214e-02  2.362e-02 -1.247e-02 -2.240e-05 -1.582e-05 -3.080e-04  5.383e-02  2.393e-13 
  2.362e-02  4.531e-02 -1.450e-02 -2.858e-05 -2.018e-05  2.847e-04  6.296e-02 -2.189e-13 
 -1.247e-02 -1.450e-02  7.807e-03  1.473e-06  1.042e-06 -7.170e-06 -3.495e-02 -1.899e-14 
 -2.240e-05 -2.858e-05  1.473e-06  7.161e-04  1.919e-05  1.242e-07 -6.331e-06 -6.083e-15 
 -1.582e-05 -2.018e-05  1.042e-06  1.919e-05  2.776e-01  8.768e-08 -4.480e-06 -4.325e-15 
 -3.080e-04  2.847e-04 -7.170e-06  1.242e-07  8.768e-08  3.545e-03  8.779e-05 -3.683e-15 
  5.383e-02  6.296e-02 -3.495e-02 -6.331e-06 -4.480e-06  8.779e-05  1.664e-01  7.986e-14 
  2.393e-13 -2.189e-13 -1.899e-14 -6.083e-15 -4.325e-15 -3.683e-15  7.986e-14  9.866e-13 
 PARAMETER  CORRELATION COEFFICIENTS  
       NO.  GLOBAL      1      2      3      4      5      6      7      8
        1  0.79539   1.000  0.619 -0.787 -0.005 -0.000 -0.029  0.736  0.000
        2  0.77698   0.619  1.000 -0.771 -0.005 -0.000  0.022  0.725 -0.000
        3  0.97895  -0.787 -0.771  1.000  0.001  0.000 -0.001 -0.970 -0.000
        4  0.01003  -0.005 -0.005  0.001  1.000  0.001  0.000 -0.001 -0.000
        5  0.00140  -0.000 -0.000  0.000  0.001  1.000  0.000 -0.000 -0.000
        6  0.06020  -0.029  0.022 -0.001  0.000  0.000  1.000  0.004 -0.000
        7  0.97119   0.736  0.725 -0.970 -0.001 -0.000  0.004  1.000  0.000
        8  0.00000   0.000 -0.000 -0.000 -0.000 -0.000 -0.000  0.000  1.000
 **********
 **   22 **SET ERR         0.5
 **********
 **********
 **   23 **SET PRINT           1
 **********
 **********
 **   24 **HESSE        4000
 **********
 MINUIT WARNING IN HESSE   
 ============== Negative diagonal element 8 in Error Matrix
 MINUIT WARNING IN HESSE   
 ============== 1.00002 added to diagonal of error matrix
 COVARIANCE MATRIX CALCULATED SUCCESSFULLY
 FCN=-118290 FROM HESSE     STATUS=OK             99 CALLS        1312 TOTAL
                     EDM=23.8647    STRATEGY= 2      ERROR MATRIX ACCURATE 
  EXT PARAMETER                                INTERNAL      INTERNAL  
  NO.   NAME      VALUE            ERROR       STEP SIZE       VALUE   
   1  a1_Run2      2.06433e+00   2.64532e-01   4.06906e-02   3.01257e+00
   2  a2_Run2      2.24312e+00   3.80738e-01   5.00000e-01   2.89601e+00
   3  lambda_Run2  -2.04343e+00   7.97995e-02   3.61355e-03   7.38366e+00
   4  mcnbkg_run2   1.00003e+00   7.27432e+00   1.85880e-01  -1.27235e+02
                                 WARNING -   - ABOVE PARAMETER IS AT LIMIT.
   5  mcnsig_run2   1.97252e+04   2.91746e+01   5.00000e-01  -1.13569e+03
                                 WARNING -   - ABOVE PARAMETER IS AT LIMIT.
   6  mean_Run2    5.62013e+03   5.56772e-02   1.08622e-02   3.01310e+00
   7  sigma_Run2   1.42685e+01   3.37738e-01   5.88820e-03   1.89392e+01
   8  tau_run2    -1.00666e-07   2.25244e-06   5.00000e-01   1.37079e+00
                               ERR DEF= 0.5
 EXTERNAL ERROR MATRIX.    NDIM=  25    NPAR=  8    ERR DEF=0.5
  7.786e-02  9.420e-02 -2.002e-02 -6.778e-03 -1.989e-02  4.507e-04  7.555e-02 -3.046e-12 
  9.420e-02  1.531e-01 -2.953e-02 -9.432e-03 -2.767e-02  1.660e-03  1.124e-01 -4.002e-12 
 -2.002e-02 -2.953e-02  6.828e-03  1.702e-03  4.992e-03 -2.805e-04 -2.681e-02  7.335e-13 
 -6.778e-03 -9.432e-03  1.702e-03  9.823e-04  2.877e-03 -7.175e-05 -6.523e-03  4.305e-13 
 -1.989e-02 -2.767e-02  4.992e-03  2.877e-03  2.506e-01 -2.104e-04 -1.913e-02  1.264e-12 
  4.507e-04  1.660e-03 -2.805e-04 -7.175e-05 -2.104e-04  3.103e-03  1.142e-03 -2.777e-14 
  7.555e-02  1.124e-01 -2.681e-02 -6.523e-03 -1.913e-02  1.142e-03  1.146e-01 -2.806e-12 
 -3.046e-12 -4.002e-12  7.335e-13  4.305e-13  1.264e-12 -2.777e-14 -2.806e-12  9.866e-13 
 PARAMETER  CORRELATION COEFFICIENTS  
       NO.  GLOBAL      1      2      3      4      5      6      7      8
        1  0.91494   1.000  0.863 -0.868 -0.775 -0.142  0.029  0.800 -0.000
        2  0.94412   0.863  1.000 -0.913 -0.769 -0.141  0.076  0.849 -0.000
        3  0.98205  -0.868 -0.913  1.000  0.657  0.121 -0.061 -0.959  0.000
        4  0.83550  -0.775 -0.769  0.657  1.000  0.183 -0.041 -0.615  0.000
        5  0.18335  -0.142 -0.141  0.121  0.183  1.000 -0.008 -0.113  0.000
        6  0.10585   0.029  0.076 -0.061 -0.041 -0.008  1.000  0.061 -0.000
        7  0.96317   0.800  0.849 -0.959 -0.615 -0.113  0.061  1.000 -0.000
        8  0.00001  -0.000 -0.000  0.000  0.000  0.000 -0.000 -0.000  1.000
Importing Run 1 data
Done making RooDataHist
RooDataHist::ds1[Lb_DTF_M_JpsiLConstr] = 375 bins (5552 weights)
Done importing Run 1 data
Importing Run 2 data
Done making RooDataHist
RooDataHist::ds2[Lb_DTF_M_JpsiLConstr] = 375 bins (21812 weights)
Done importing Run 2 data
before sb fit
 **********
 **    1 **SET PRINT           1
 **********
 **********
 **    2 **SET NOGRAD
 **********
 PARAMETER DEFINITIONS:
    NO.   NAME         VALUE      STEP SIZE      LIMITS
     1 slope_Run2  -2.00000e+00  2.50000e-01   -5.00000e+00  0.00000e+00
 **********
 **    3 **SET ERR         0.5
 **********
 **********
 **    4 **SET PRINT           1
 **********
 **********
 **    5 **SET STR           1
 **********
 NOW USING STRATEGY  1: TRY TO BALANCE SPEED AGAINST RELIABILITY
 **********
 **    6 **MIGRAD         500           1
 **********
 FIRST CALL TO USER FUNCTION AT NEW START POINT, WITH IFLAG=4.
 START MIGRAD MINIMIZATION.  STRATEGY  1.  CONVERGENCE WHEN EDM .LT. 1.00e-03
 FCN=84.5803 FROM MIGRAD    STATUS=INITIATE        4 CALLS           5 TOTAL
                     EDM= unknown      STRATEGY= 1      NO ERROR MATRIX       
  EXT PARAMETER               CURRENT GUESS       STEP         FIRST   
  NO.   NAME      VALUE            ERROR          SIZE      DERIVATIVE 
   1  slope_Run2  -2.00000e+00   2.50000e-01   1.02263e-01   1.07132e+01
                               ERR DEF= 0.5
 MIGRAD MINIMIZATION HAS CONVERGED.
 MIGRAD WILL VERIFY CONVERGENCE AND ERROR MATRIX.
 COVARIANCE MATRIX CALCULATED SUCCESSFULLY
 FCN=84.4175 FROM MIGRAD    STATUS=CONVERGED      14 CALLS          15 TOTAL
                     EDM=4.83138e-05    STRATEGY= 1      ERROR MATRIX ACCURATE 
  EXT PARAMETER                                   STEP         FIRST   
  NO.   NAME      VALUE            ERROR          SIZE      DERIVATIVE 
   1  slope_Run2  -2.07814e+00   1.47573e-01   3.22093e-04   1.15994e-01
                               ERR DEF= 0.5
 EXTERNAL ERROR MATRIX.    NDIM=  25    NPAR=  1    ERR DEF=0.5
  2.180e-02 
 **********
 **    7 **SET ERR         0.5
 **********
 **********
 **    8 **SET PRINT           1
 **********
 **********
 **    9 **HESSE         500
 **********
 COVARIANCE MATRIX CALCULATED SUCCESSFULLY
 FCN=84.4175 FROM HESSE     STATUS=OK              5 CALLS          20 TOTAL
                     EDM=4.8312e-05    STRATEGY= 1      ERROR MATRIX ACCURATE 
  EXT PARAMETER                                INTERNAL      INTERNAL  
  NO.   NAME      VALUE            ERROR       STEP SIZE       VALUE   
   1  slope_Run2  -2.07814e+00   1.47573e-01   6.44185e-05   1.69557e-01
                               ERR DEF= 0.5
 EXTERNAL ERROR MATRIX.    NDIM=  25    NPAR=  1    ERR DEF=0.5
  2.180e-02 
RooDataHist::combData[sample,Lb_DTF_M_JpsiLConstr] = 750 bins (27364 weights)
Done importing combData and simPdf
**********Printing w after all imports***********

RooWorkspace(w) w contents

variables
---------
(Lb_DTF_M_JpsiLConstr,R,R_1405,R_1520,R_1600,a1_Run1,a1_Run2,a2_Run1,a2_Run2,eff_ratio1,eff_ratio2,eff_ratio_1405_1,eff_ratio_1405_2,eff_ratio_1520_1,eff_ratio_1520_2,eff_ratio_1600_1,eff_ratio_1600_2,geff_ratio1,geff_ratio2,geff_ratio_1405_1,geff_ratio_1405_2,geff_ratio_1520_1,geff_ratio_1520_2,geff_ratio_1600_1,geff_ratio_1600_2,gnXib1,gnXib2,gshift_Xib,lambda_Run1,lambda_Run2,mcnbkg_run1,mcnbkg_run2,mcnsig_run1,mcnsig_run2,mean_Run1,mean_Run2,miscLstMean_Run1,miscLstMean_Run2,miscLstSigma_Run1,miscLstSigma_Run2,nBkg_Run1,nBkg_Run2,nJpsiKs_Run1,nJpsiKs_Run2,nLb_Run1,nLb_Run2,nMiscLst_Run1,nMiscLst_Run2,nXib1,nXib2,nXib_JpsiLambda_Run1,nXib_JpsiLambda_Run2,sample,shift_Xib,sigma_Run1,sigma_Run2,slope_Run1,slope_Run2,tau_run1,tau_run2)

p.d.f.s
-------
RooExponential::Bkg_Run1[ x=Lb_DTF_M_JpsiLConstr c=Bkg_Run1_2 ] = 2.14265e-24
RooExponential::Bkg_Run2[ x=Lb_DTF_M_JpsiLConstr c=Bkg_Run2_2 ] = 1.69155e-20
RooKeysPdf::JPSIKS_RUN1[ x=Lb_DTF_M_JpsiLConstr ] = 0.00478771
RooKeysPdf::JPSIKS_RUN2[ x=Lb_DTF_M_JpsiLConstr ] = 0.00462161
RooKeysPdf::LST1405_Run1[ x=Lb_DTF_M_JpsiLConstr ] = 0.00020524
RooKeysPdf::LST1405_Run2[ x=Lb_DTF_M_JpsiLConstr ] = 0.000224123
RooKeysPdf::LST1520_Run1[ x=Lb_DTF_M_JpsiLConstr ] = 9.38995e-05
RooKeysPdf::LST1520_Run2[ x=Lb_DTF_M_JpsiLConstr ] = 8.89106e-05
RooKeysPdf::LST1600_Run1[ x=Lb_DTF_M_JpsiLConstr ] = 6.06945e-05
RooKeysPdf::LST1600_Run2[ x=Lb_DTF_M_JpsiLConstr ] = 6.25745e-05
RooHypatia2::Lb_Run1[ x=Lb_DTF_M_JpsiLConstr l=lambda_Run1 zeta=0 fb=0 sigma=sigma_Run1 mu=mean_Run1 a=a1_Run1 n=2 a2=a2_Run1 n2=2 ] = 0.000101452
RooHypatia2::Lb_Run2[ x=Lb_DTF_M_JpsiLConstr l=lambda_Run2 zeta=0 fb=0 sigma=sigma_Run2 mu=mean_Run2 a=a1_Run2 n=2 a2=a2_Run2 n2=2 ] = 0.000124732
RooKeysPdf::SIG_Run1[ x=Lb_DTF_M_JpsiLConstr ] = 0.00406596
RooKeysPdf::SIG_Run2[ x=Lb_DTF_M_JpsiLConstr ] = 0.00416572
RooKeysPdf::XIB_RUN1[ x=Lb_DTF_M_JpsiLConstr ] = 0.00193892
RooKeysPdf::XIB_RUN2[ x=Lb_DTF_M_JpsiLConstr ] = 0.00200585
RooHypatia2::Xib_Run1[ x=Lb_DTF_M_JpsiLConstr l=lambda_Run1 zeta=0 fb=0 sigma=sigma_Run1 mu=XibMean_Run1 a=a1_Run1 n=2 a2=a2_Run1 n2=2 ] = 2.28466e-05
RooHypatia2::Xib_Run2[ x=Lb_DTF_M_JpsiLConstr l=lambda_Run2 zeta=0 fb=0 sigma=sigma_Run2 mu=XibMean_Run2 a=a1_Run2 n=2 a2=a2_Run2 n2=2 ] = 2.79342e-05
RooGaussian::eff_ratio_1405_constraint1[ x=geff_ratio_1405_1 mean=eff_ratio_1405_1 sigma=0.007783 ] = 1
RooGaussian::eff_ratio_1405_constraint2[ x=geff_ratio_1405_2 mean=eff_ratio_1405_2 sigma=0.008745 ] = 1
RooGaussian::eff_ratio_1520_constraint1[ x=geff_ratio_1520_1 mean=eff_ratio_1520_1 sigma=0.006722 ] = 1
RooGaussian::eff_ratio_1520_constraint2[ x=geff_ratio_1520_2 mean=eff_ratio_1520_2 sigma=0.008865 ] = 1
