Info in <TCanvas::Print>: pdf file ../plots/ANA/JpsiSigma_Fit_Run1.pdf has been created
Info in <TCanvas::Print>: pdf file ../plots/ANA/JpsiSigma_Fit_Run2.pdf has been created
Info in <TCanvas::Print>: pdf file ../plots/ANA/Lst1405_Fit_Run1.pdf has been created
Info in <TCanvas::Print>: pdf file ../plots/ANA/Lst1405_Fit_Run2.pdf has been created
Info in <TCanvas::Print>: pdf file ../plots/ANA/Lst1520_Fit_Run1.pdf has been created
Info in <TCanvas::Print>: pdf file ../plots/ANA/Lst1520_Fit_Run2.pdf has been created
Info in <TCanvas::Print>: pdf file ../plots/ANA/Lst1600_Fit_Run1.pdf has been created
Info in <TCanvas::Print>: pdf file ../plots/ANA/Lst1600_Fit_Run2.pdf has been created
Info in <TCanvas::Print>: pdf file ../plots/ANA/Fit_run1_HypatiaSig_ExpBkg_4700_6200_4MeVBins.pdf has been created
Info in <TCanvas::Print>: pdf file ../plots/ANA/Fit_run2_HypatiaSig_ExpBkg_4700_6200_4MeVBins.pdf has been created
Info in <TCanvas::Print>: pdf file ../plots/ANA/Fit_run1_HypatiaSig_ExpBkg_4700_6200_4MeVBins_zoom.pdf has been created
Info in <TCanvas::Print>: pdf file ../plots/ANA/Fit_run2_HypatiaSig_ExpBkg_4700_6200_4MeVBins_zoom.pdf has been created
.0%
*Xib->JpsiL eff  = 4.44734110941%
*Xib->JpsiXi eff = 2.45191914805%
*tauXib-/tauXib0 = 3.3118675253%
************************************************
The UNWEIGHTED LL Xib normalization for Run 1 is 14.3143 +/- 3.05359 +/- 1.72748
The WEIGHTED LL Xib normalization for Run 1 is 21.2298 +/- 4.52882 +/- 2.55393
************************************************
[?1034hxibYield = 173.281+/-16.4207+/-10.39686
UNWEIGHTED Xib->JpsiXi Eff = 0.0670 % +/- 0.0014 %
WEIGHTED Xib->JpsiXi Eff = 0.0681 % +/- 0.0015 %
UNWEIGHTED Xib->JpsiLambda Eff = 0.0181 % +/-0.0007 %
WEIGHTED Xib->JpsiLambda Eff = 0.0207 % +/-0.0008 %
UNWEIGTED Norm = 89.7773695281+/-8.5076104813+/-8.71921600823
WEIGHTED Norm = 100.90130394+/-9.56175253838+/-9.74875428014
BREAKUP OF SYSTEMATICS:
Overall Syst     = 9.6616732386%
*Tracking        = 5.0%
*Xi Vtx          = 1.4%
*Xib Yield       = 6.0%
*Xib->JpsiL eff  = 3.83635145816%
*Xib->JpsiXi eff = 2.16837975312%
*tauXib-/tauXib0 = 3.3118675253%
************************************************
The UNWEIGHTED LL Xib normalization for Run 2 is 89.7774 +/- 8.50761 +/- 8.71922
The WEIGHTED LL Xib normalization for Run 2 is 100.901 +/- 9.56175 +/- 9.74875
************************************************
@@@@@@@@@@@@@@@@@@@@@@@@@@@@@@@@@@@@@@@
Get Lb -> J/psi Lambda efficiency
@@@@@@@@@@@@@@@@@@@@@@@@@@@@@@@@@@@@@@@
************************************************
Run 1 UNWEIGHTED Jpsi Lambda Eff = 0.100249 % +/- 0.00124174 %
Run 1 WEIGHTED Jpsi Lambda Eff = 0.105871 % +/- 0.00130147 %
************************************************
************************************************
Run 2 UNWEIGHTED Jpsi Lambda Eff = 0.117008 % +/- 0.000835118 %
Run 2 WEIGHTED Jpsi Lambda Eff = 0.118177 % +/- 0.000859431 %
************************************************
@@@@@@@@@@@@@@@@@@@@@@@@@@@@@@@@@@@@@@@
Get Lb -> J/psi Sigma efficiency and shape
@@@@@@@@@@@@@@@@@@@@@@@@@@@@@@@@@@@@@@@
************************************************
Run 1 UNWEIGHTED Jpsi Sigma Eff = 0.0821023 % +/- 0.00170517 %
Run 1 WEIGHTED Jpsi Sigma Eff = 0.0919435 % +/- 0.00192509 %
************************************************
***************************************
Run 1 UNWEIGHTED Lambda/Sigma efficiency ratio = 1.22103 +/- 0.0295269
Run 1 WEIGHTED Lambda/Sigma efficiency ratio   = 1.15148 +/- 0.0279576
***************************************
RooDataSet::ds_sig_Run1[Lb_DTF_M_JpsiLConstr,gb_wts_new,wt_tau] = 2376 entries
RooDataSet::ds_sig_wt_Run1[Lb_DTF_M_JpsiLConstr,weight:totWt] = 2376 entries (2338.48 weighted)
Done importing Jpsi Sigma shape
************************************************
Run 2 UNWEIGHTED Jpsi Sigma Eff = 0.107677 % +/- 0.0010408 %
Run 2 WEIGHTED Jpsi Sigma Eff = 0.11434 % +/- 0.00114223 %
************************************************
***************************************
Run 2 UNWEIGHTED Lambda/Sigma efficiency ratio = 1.08665 +/- 0.0130566
Run 2 WEIGHTED Lambda/Sigma efficiency ratio   = 1.03356 +/- 0.0127712
***************************************
RooDataSet::ds_sig_Run2[Lb_DTF_M_JpsiLConstr,gb_wts,wt_tau] = 11683 entries
RooDataSet::ds_sig_wt_Run2[Lb_DTF_M_JpsiLConstr,weight:totWt] = 11683 entries (10876.1 weighted)
Done importing Jpsi Sigma shape
@@@@@@@@@@@@@@@@@@@@@@@@@@@@@@@@@@@@@@@
Get Lb -> J/psi Lst(1405) efficiency and shape
@@@@@@@@@@@@@@@@@@@@@@@@@@@@@@@@@@@@@@@
************************************************
Run 1 UNWEIGHTED Jpsi /(1405) Eff = 0.0588416 % +/- 0.000489617 %
Run 1 WEIGHTED Jpsi /(1405) Eff = 0.0594936 % +/- 0.000485135 %
************************************************
***************************************
Run 1 UNWEIGHTED /(1405)/Lambda efficiency ratio = 0.555787 +/- 0.00825033
Run 1 WEIGHTED /(1405)/Lambda efficiency ratio   = 0.561945 +/- 0.00828965
***************************************
***************************************
Get J/psi Lambda(1405) shape from MC
***************************************
RooDataSet::ds_1405_Run1[Lb_DTF_M_JpsiLConstr] = 15130 entries
Done importing Jpsi Lst(1405) shape
************************************************
Run 2 UNWEIGHTED Jpsi /(1405) Eff = 0.0717816 % +/- 0.000846775 %
Run 2 WEIGHTED Jpsi /(1405) Eff = 0.0720741 % +/- 0.000846693 %
************************************************
***************************************
Run 2 UNWEIGHTED /(1405)/Lambda efficiency ratio = 0.607405 +/- 0.00841747
Run 2 WEIGHTED /(1405)/Lambda efficiency ratio   = 0.60988 +/- 0.00842633
***************************************
***************************************
Get J/psi Lambda(1405) shape from MC
***************************************
RooDataSet::ds_1405_Run2[Lb_DTF_M_JpsiLConstr] = 15196 entries
Done importing Jpsi Lst(1405) shape
************************************************
Run 1 UNWEIGHTED Jpsi /(1520) Eff = 0.0487328 % +/- 0.000452863 %
Run 1 WEIGHTED Jpsi /(1520) Eff = 0.0492372 % +/- 0.000448439 %
************************************************
***************************************
Run 1 UNWEIGHTED /(1520)/Lambda efficiency ratio = 0.460304 +/- 0.00709338
Run 1 WEIGHTED /(1520)/Lambda efficiency ratio   = 0.465068 +/- 0.00711523
***************************************
***************************************
Get J/psi Lambda(1520) shape from MC
***************************************
RooDataSet::ds_1520_Run1[Lb_DTF_M_JpsiLConstr] = 11999 entries
Done importing Jpsi Lst(1520) shape
************************************************
Run 2 UNWEIGHTED Jpsi /(1520) Eff = 0.060883 % +/- 0.000941963 %
Run 2 WEIGHTED Jpsi /(1520) Eff = 0.0610969 % +/- 0.000942506 %
************************************************
***************************************
Run 2 UNWEIGHTED /(1520)/Lambda efficiency ratio = 0.515183 +/- 0.00880738
Run 2 WEIGHTED /(1520)/Lambda efficiency ratio   = 0.516993 +/- 0.00881714
***************************************
***************************************
Get J/psi Lambda(1520) shape from MC
***************************************
RooDataSet::ds_1520_Run2[Lb_DTF_M_JpsiLConstr] = 12126 entries
Done importing Jpsi Lst(1520) shape
Run 1 Lst1600 Generator Effs = 15.467 % +/- 0.027 %
Run 1 UNWEIGHTED /(1600) Recons. Effs = 0.271459 % +/- 0.00254592 %
Run 1 WEIGHTED /(1600) Recons. Effs = 0.27418 % +/- 0.00251843 %
************************************************
Run 1 UNWEIGHTED Jpsi /(1600) Eff = 0.0419865 % +/- 0.000400541 %
Run 1 WEIGHTED Jpsi /(1600) Eff = 0.0424074 % +/- 0.000396498 %
************************************************
***************************************
Run 1 UNWEIGHTED /(1600)/Lambda efficiency ratio = 0.396583 +/- 0.00617098
Run 1 WEIGHTED /(1600)/Lambda efficiency ratio   = 0.400558 +/- 0.00618646
***************************************
***************************************
Get J/psi Lambda(1600) shape from MC
***************************************
RooDataSet::ds_1600_Run1[Lb_DTF_M_JpsiLConstr] = 11011 entries
Done importing Jpsi Lst(1600) shape
Run 2 Lst1600 Generator Effs = 16.66 % +/- 0.14 %
Run 2 UNWEIGHTED /(1600) Recons. Effs = 0.31215 % +/- 0.00303891 %
Run 2 WEIGHTED /(1600) Recons. Effs = 0.313199 % +/- 0.0030232 %
************************************************
Run 2 UNWEIGHTED Jpsi /(1600) Eff = 0.0520042 % +/- 0.000668805 %
Run 2 WEIGHTED Jpsi /(1600) Eff = 0.0521789 % +/- 0.000667789 %
************************************************
***************************************
Run 2 UNWEIGHTED /(1600)/Lambda efficiency ratio = 0.440052 +/- 0.0065015
Run 2 WEIGHTED /(1600)/Lambda efficiency ratio   = 0.44153 +/- 0.00649932
***************************************
***************************************
Get J/psi Lambda(1600) shape from MC
***************************************
RooDataSet::ds_1600_Run2[Lb_DTF_M_JpsiLConstr] = 10192 entries
Done importing Jpsi Lst(1600) shape
RooDataSet::ds_xi_Run1[Lb_DTF_M_JpsiLConstr,gb_wts] = 446 entries
RooDataSet::ds_xi_wt_Run1[Lb_DTF_M_JpsiLConstr,weight:gb_wts] = 446 entries (360.048 weighted)
Done importing Xib shape
RooDataSet::ds_xi_Run2[Lb_DTF_M_JpsiLConstr,gb_wts] = 430 entries
RooDataSet::ds_xi_wt_Run2[Lb_DTF_M_JpsiLConstr,weight:gb_wts] = 430 entries (420.311 weighted)
Done importing Xib shape
RooDataSet::ds_jpsiks_Run1[Lb_DTF_M_JpsiLConstr] = 8272 entries
RooDataSet::ds_jpsiks_Run2[Lb_DTF_M_JpsiLConstr] = 8533 entries
Done importing Xib shape
Done defining J/psi Lambda Hypatia shapes
*****UING EXPONENTIAL BKG SHAPE*****
Done defining cont. bkg exp. shapes
Done defining Misc Lambda* Gaussian shapes
RooDataSet::ds_sim1[Lb_DTF_M_JpsiLConstr,gb_wts_new,wt_tau] = 7278 entries
RooDataSet::ds_sim_wt1[Lb_DTF_M_JpsiLConstr,weight:totWt] = 7278 entries (7415.34 weighted)
mcNentries = 7415.34
RooDataSet::ds_sim2[Lb_DTF_M_JpsiLConstr,gb_wts,wt_tau] = 24998 entries
RooDataSet::ds_sim_wt2[Lb_DTF_M_JpsiLConstr,weight:totWt] = 24998 entries (23846.4 weighted)
mcNentries = 23846.4
reduceEng varSubset = (Lb_DTF_M_JpsiLConstr) _wgtVar = totWt
 **********
 **    1 **SET PRINT           1
 **********
 **********
 **    2 **SET NOGRAD
 **********
 PARAMETER DEFINITIONS:
    NO.   NAME         VALUE      STEP SIZE      LIMITS
     1 a1_Run1      1.80000e+00  1.00000e-01    1.00000e+00  2.00000e+00
     2 a2_Run1      1.70000e+00  4.00000e-02    1.50000e+00  1.90000e+00
     3 lambda_Run1  -2.59000e+00  8.00000e-02   -2.80000e+00 -2.00000e+00
     4 mcnbkg_run1   3.70817e+03  7.41434e+02    1.00000e+00  7.41534e+03
     5 mcnsig_run1   7.41034e+03  2.50000e+00    3.70767e+03  7.41534e+03
     6 mean_Run1    5.61960e+03  2.00000e-01    5.61900e+03  5.62100e+03
     7 sigma_Run1   1.50000e+01  6.00000e-01    1.20000e+01  1.80000e+01
     8 tau_run1    -1.00000e-07  4.95000e-08   -1.00000e-05 -1.00000e-09
 **********
 **    3 **SET ERR         0.5
 **********
 **********
 **    4 **SET PRINT           1
 **********
 **********
 **    5 **SET STR           2
 **********
 NOW USING STRATEGY  2: MAKE SURE MINIMUM TRUE, ERRORS CORRECT  
 **********
 **    6 **MIGRAD        4000           1
 **********
 FIRST CALL TO USER FUNCTION AT NEW START POINT, WITH IFLAG=4.
 START MIGRAD MINIMIZATION.  STRATEGY  2.  CONVERGENCE WHEN EDM .LT. 1.00e-03
 MINUIT WARNING IN HESSE   
 ============== Negative diagonal element 5 in Error Matrix
 MINUIT WARNING IN HESSE   
 ============== 174.799 added to diagonal of error matrix
 COVARIANCE MATRIX CALCULATED SUCCESSFULLY
 FCN=-29425 FROM HESSE     STATUS=OK             85 CALLS          86 TOTAL
                     EDM=14309.8    STRATEGY= 2      ERROR MATRIX ACCURATE 
  EXT PARAMETER                                   STEP         FIRST   
  NO.   NAME      VALUE            ERROR          SIZE      DERIVATIVE 
   1  a1_Run1      1.80000e+00   2.79894e-02   5.00000e-01  -1.50115e+01
   2  a2_Run1      1.70000e+00   1.49033e-02   5.00000e-01  -9.73571e+00
   3  lambda_Run1  -2.59000e+00   2.19641e-02   3.52678e-01   8.86247e+01
   4  mcnbkg_run1   3.70817e+03   2.04771e+02   2.45437e-01   2.96182e+03
   5  mcnsig_run1   7.41034e+03   2.42599e+03   2.83702e-01   1.35972e+01
   6  mean_Run1    5.61960e+03   5.81068e-02   4.28954e-01  -2.65600e+01
   7  sigma_Run1   1.50000e+01   1.59035e-01   2.43400e-01   1.31863e+02
   8  tau_run1    -1.00000e-07   7.48077e-08   5.00000e-01  -8.73990e-04
                               ERR DEF= 0.5
 MIGRAD FAILS TO FIND IMPROVEMENT
 COVARIANCE MATRIX CALCULATED SUCCESSFULLY
 FCN=-32054.2 FROM HESSE     STATUS=OK             71 CALLS         826 TOTAL
                     EDM=0.0252481    STRATEGY= 2      ERROR MATRIX ACCURATE 
  EXT PARAMETER                                   STEP         FIRST   
  NO.   NAME      VALUE            ERROR          SIZE      DERIVATIVE 
   1  a1_Run1      1.89431e+00   2.46843e-01   6.22142e-02   6.46379e-02
   2  a2_Run1      1.78246e+00   3.27457e-01   9.43776e-02   1.06525e-01
   3  lambda_Run1  -2.46955e+00   1.99722e-01   1.14662e-02   3.49884e-02
   4  mcnbkg_run1   1.72370e+01   1.44169e+01   3.42393e-03  -1.10372e-01
   5  mcnsig_run1   7.41066e+03   6.74439e+01   3.57633e-01   2.22611e-01
   6  mean_Run1    5.61988e+03   9.13655e-02   1.13765e-02   3.25097e-02
   7  sigma_Run1   1.50355e+01   8.12218e-01   6.64420e-03   2.81112e-02
   8  tau_run1    -9.97408e-08   9.09508e-06   5.00000e-01  -1.65869e-04
                               ERR DEF= 0.5
 MIGRAD MINIMIZATION HAS CONVERGED.
 MIGRAD WILL VERIFY CONVERGENCE AND ERROR MATRIX.
 COVARIANCE MATRIX CALCULATED SUCCESSFULLY
 FCN=-32054.3 FROM HESSE     STATUS=OK             75 CALLS        1012 TOTAL
                     EDM=0.000742069    STRATEGY= 2      ERROR MATRIX ACCURATE 
  EXT PARAMETER                                   STEP         FIRST   
  NO.   NAME      VALUE            ERROR          SIZE      DERIVATIVE 
   1  a1_Run1      1.79693e+00   8.97893e-01   4.71897e-02   1.45159e-02
   2  a2_Run1      1.67733e+00   3.09901e-01   8.54481e-02  -3.37423e-03
   3  lambda_Run1  -2.53696e+00   5.23313e-01   1.22554e-02   3.50087e-02
   4  mcnbkg_run1   1.43375e+01   3.38858e+01   3.75217e-03  -1.04804e-01
   5  mcnsig_run1   7.40250e+03   1.58135e+02   4.81929e-02   4.39975e-02
   6  mean_Run1    5.61988e+03   9.22977e-02   1.13874e-02   7.93188e-03
   7  sigma_Run1   1.52821e+01   1.88214e+00   6.81023e-03   5.94633e-02
   8  tau_run1    -1.01324e-09   7.15140e-06   5.00000e-01  -1.53314e-06
                               ERR DEF= 0.5
 MIGRAD FAILS TO FIND IMPROVEMENT
 MIGRAD MINIMIZATION HAS CONVERGED.
 MIGRAD WILL VERIFY CONVERGENCE AND ERROR MATRIX.
 COVARIANCE MATRIX CALCULATED SUCCESSFULLY
 FCN=-32054.3 FROM MIGRAD    STATUS=CONVERGED    1144 CALLS        1145 TOTAL
                     EDM=0.000119203    STRATEGY= 2      ERROR MATRIX ACCURATE 
  EXT PARAMETER                                   STEP         FIRST   
  NO.   NAME      VALUE            ERROR          SIZE      DERIVATIVE 
   1  a1_Run1      1.77537e+00   2.44948e-01   4.21502e-02  -6.55747e-03
   2  a2_Run1      1.65671e+00   2.76079e-01   7.34178e-02  -1.21033e-02
   3  lambda_Run1  -2.55030e+00   1.81698e-01   1.24846e-02   8.92866e-02
   4  mcnbkg_run1   1.35906e+01   1.57612e+01   3.86265e-03  -2.24830e-01
   5  mcnsig_run1   7.40189e+03   1.33803e+02   4.72946e-02   4.13764e-03
   6  mean_Run1    5.61988e+03   9.16160e-02   1.13829e-02  -4.50713e-03
   7  sigma_Run1   1.53295e+01   7.12183e-01   6.81508e-03   1.25203e-01
   8  tau_run1    -1.45931e-09   9.53157e-06   5.00000e-01   8.53848e-06
                               ERR DEF= 0.5
 EXTERNAL ERROR MATRIX.    NDIM=  25    NPAR=  8    ERR DEF=0.5
  6.853e-02  4.118e-02  3.330e-02 -2.028e+00 -1.563e+00 -3.150e-04 -1.161e-01 -1.199e-09 
  4.118e-02  4.945e-02  2.748e-02 -1.875e+00 -1.445e+00  9.542e-04 -9.468e-02 -3.242e-09 
  3.330e-02  2.748e-02  3.606e-02 -1.087e-02 -8.086e-03  6.551e-06 -1.326e-01  1.748e-11 
 -2.028e+00 -1.875e+00 -1.087e-02  2.486e+02  1.810e+02 -3.224e-02 -2.471e-01  2.806e-07 
 -1.563e+00 -1.445e+00 -8.086e-03  1.810e+02  7.310e+03 -2.484e-02 -1.913e-01  2.162e-07 
 -3.150e-04  9.542e-04  6.551e-06 -3.224e-02 -2.484e-02  8.417e-03  2.112e-04 -8.801e-11 
 -1.161e-01 -9.468e-02 -1.326e-01 -2.471e-01 -1.913e-01  2.112e-04  5.172e-01 -5.010e-10 
 -1.199e-09 -3.242e-09  1.748e-11  2.806e-07  2.162e-07 -8.801e-11 -5.010e-10  7.434e-12 
 PARAMETER  CORRELATION COEFFICIENTS  
       NO.  GLOBAL      1      2      3      4      5      6      7      8
        1  0.83466   1.000  0.707  0.670 -0.491 -0.070 -0.013 -0.617 -0.002
        2  0.84900   0.707  1.000  0.651 -0.535 -0.076  0.047 -0.592 -0.005
        3  0.98043   0.670  0.651  1.000 -0.004 -0.000  0.000 -0.971  0.000
        4  0.79710  -0.491 -0.535 -0.004  1.000  0.134 -0.022 -0.022  0.007
        5  0.13464  -0.070 -0.076 -0.000  0.134  1.000 -0.003 -0.003  0.001
        6  0.08211  -0.013  0.047  0.000 -0.022 -0.003  1.000  0.003 -0.000
        7  0.97355  -0.617 -0.592 -0.971 -0.022 -0.003  0.003  1.000 -0.000
        8  0.00792  -0.002 -0.005  0.000  0.007  0.001 -0.000 -0.000  1.000
 **********
 **    7 **SET ERR         0.5
 **********
 **********
 **    8 **SET PRINT           1
 **********
 **********
 **    9 **HESSE        4000
 **********
 COVARIANCE MATRIX CALCULATED SUCCESSFULLY
 FCN=-32054.3 FROM HESSE     STATUS=OK             89 CALLS        1234 TOTAL
                     EDM=0.000106206    STRATEGY= 2      ERROR MATRIX ACCURATE 
  EXT PARAMETER                                INTERNAL      INTERNAL  
  NO.   NAME      VALUE            ERROR       STEP SIZE       VALUE   
   1  a1_Run1      1.77537e+00   1.50722e-01   5.00000e-01   5.83244e-01
   2  a2_Run1      1.65671e+00   2.72860e-01   5.00000e-01  -2.18187e-01
   3  lambda_Run1  -2.55030e+00   1.44835e-01   2.49691e-03  -3.85197e-01
   4  mcnbkg_run1   1.35906e+01   1.50658e+01   1.54506e-04  -1.65324e+00
   5  mcnsig_run1   7.40189e+03   3.78871e+01   5.00000e-01  -1.73993e+01
   6  mean_Run1    5.61988e+03   9.15661e-02   4.55315e-04  -1.17478e-01
   7  sigma_Run1   1.53295e+01   5.87453e-01   1.36302e-03   1.10039e-01
   8  tau_run1    -1.45931e-09   9.53201e-06   5.00000e-01   1.58435e+00
                               ERR DEF= 0.5
 EXTERNAL ERROR MATRIX.    NDIM=  25    NPAR=  8    ERR DEF=0.5
  2.378e-02  1.364e-02  7.682e-03 -8.012e-01  1.679e-01  6.617e-05 -2.727e-02 -7.591e-10 
  1.364e-02  3.963e-02  1.266e-02 -1.427e+00  2.991e-01  1.247e-03 -4.401e-02 -3.853e-09 
  7.682e-03  1.266e-02  2.214e-02  6.585e-01 -1.380e-01  1.725e-04 -8.437e-02  2.220e-10 
 -8.012e-01 -1.427e+00  6.585e-01  2.272e+02 -4.476e+01 -4.879e-02 -2.537e+00  3.068e-07 
  1.679e-01  2.991e-01 -1.380e-01 -4.476e+01  1.449e+03  1.022e-02  5.317e-01 -6.430e-08 
  6.617e-05  1.247e-03  1.725e-04 -4.879e-02  1.022e-02  8.408e-03 -4.377e-04 -1.072e-10 
 -2.727e-02 -4.401e-02 -8.437e-02 -2.537e+00  5.317e-01 -4.377e-04  3.497e-01 -1.115e-09 
 -7.591e-10 -3.853e-09  2.220e-10  3.068e-07 -6.430e-08 -1.072e-10 -1.115e-09  7.434e-12 
 PARAMETER  CORRELATION COEFFICIENTS  
       NO.  GLOBAL      1      2      3      4      5      6      7      8
        1  0.57663   1.000  0.444  0.335 -0.345  0.029  0.005 -0.299 -0.002
        2  0.77071   0.444  1.000  0.427 -0.476  0.039  0.068 -0.374 -0.007
        3  0.96792   0.335  0.427  1.000  0.294 -0.024  0.013 -0.959  0.001
        4  0.77524  -0.345 -0.476  0.294  1.000 -0.078 -0.035 -0.285  0.007
        5  0.07824   0.029  0.039 -0.024 -0.078  1.000  0.003  0.024 -0.001
        6  0.07548   0.005  0.068  0.013 -0.035  0.003  1.000 -0.008 -0.000
        7  0.96062  -0.299 -0.374 -0.959 -0.285  0.024 -0.008  1.000 -0.001
        8  0.00882  -0.002 -0.007  0.001  0.007 -0.001 -0.000 -0.001  1.000
 **********
 **   10 **SET ERR         0.5
 **********
 **********
 **   11 **SET PRINT           1
 **********
 **********
 **   12 **HESSE        4000
 **********
 COVARIANCE MATRIX CALCULATED SUCCESSFULLY
 FCN=-40161.1 FROM HESSE     STATUS=OK             85 CALLS        1319 TOTAL
                     EDM=23.2206    STRATEGY= 2      ERROR MATRIX ACCURATE 
  EXT PARAMETER                                INTERNAL      INTERNAL  
  NO.   NAME      VALUE            ERROR       STEP SIZE       VALUE   
   1  a1_Run1      1.77537e+00   9.90936e-02   5.00000e-01   5.83244e-01
   2  a2_Run1      1.65671e+00   1.28565e-01   5.00000e-01  -2.18187e-01
   3  lambda_Run1  -2.55030e+00   6.95112e-02   5.09370e-02  -3.85197e-01
   4  mcnbkg_run1   1.35906e+01   9.25970e+00   3.15192e-03  -1.65324e+00
   5  mcnsig_run1   7.40189e+03   1.05951e+02   1.21498e-02  -1.73993e+01
   6  mean_Run1    5.61988e+03   8.13779e-02   9.28843e-03  -1.17478e-01
   7  sigma_Run1   1.53295e+01   3.24150e-01   2.78055e-02   1.10039e-01
   8  tau_run1    -1.45931e-09   5.02831e-06   5.00000e-01   1.58435e+00
                               ERR DEF= 0.5
 EXTERNAL ERROR MATRIX.    NDIM=  25    NPAR=  8    ERR DEF=0.5
  1.001e-02  3.003e-03  1.552e-03 -2.199e-01 -1.901e-01 -5.293e-05 -5.597e-03 -8.015e-11 
  3.003e-03  1.970e-02  3.275e-03 -5.867e-01 -5.069e-01  5.825e-04 -1.088e-02 -1.606e-09 
  1.552e-03  3.275e-03  4.890e-03  7.819e-02  6.767e-02  1.764e-05 -1.988e-02 -1.622e-11 
 -2.199e-01 -5.867e-01  7.819e-02  8.577e+01  6.413e+01 -1.796e-02 -2.784e-01  1.079e-07 
 -1.901e-01 -5.069e-01  6.767e-02  6.413e+01  5.774e+03 -1.552e-02 -2.408e-01  9.320e-08 
 -5.293e-05  5.825e-04  1.764e-05 -1.796e-02 -1.552e-02  6.637e-03 -2.282e-06 -3.376e-11 
 -5.597e-03 -1.088e-02 -1.988e-02 -2.784e-01 -2.408e-01 -2.282e-06  1.055e-01 -8.308e-12 
 -8.015e-11 -1.606e-09 -1.622e-11  1.079e-07  9.320e-08 -3.376e-11 -8.308e-12  4.581e-12 
 PARAMETER  CORRELATION COEFFICIENTS  
       NO.  GLOBAL      1      2      3      4      5      6      7      8
        1  0.35072   1.000  0.214  0.222 -0.237 -0.025 -0.006 -0.172 -0.000
        2  0.61109   0.214  1.000  0.334 -0.451 -0.048  0.051 -0.239 -0.005
        3  0.89556   0.222  0.334  1.000  0.121  0.013  0.003 -0.875 -0.000
        4  0.57987  -0.237 -0.451  0.121  1.000  0.091 -0.024 -0.093  0.005
        5  0.09168  -0.025 -0.048  0.013  0.091  1.000 -0.003 -0.010  0.001
        6  0.05529  -0.006  0.051  0.003 -0.024 -0.003  1.000 -0.000 -0.000
        7  0.87892  -0.172 -0.239 -0.875 -0.093 -0.010 -0.000  1.000 -0.000
        8  0.00649  -0.000 -0.005 -0.000  0.005  0.001 -0.000 -0.000  1.000
reduceEng varSubset = (Lb_DTF_M_JpsiLConstr) _wgtVar = totWt
 **********
 **   13 **SET PRINT           1
 **********
 **********
 **   14 **SET NOGRAD
 **********
 PARAMETER DEFINITIONS:
    NO.   NAME         VALUE      STEP SIZE      LIMITS
     1 a1_Run2      2.00000e+00  1.00000e-01    1.50000e+00  2.50000e+00
     2 a2_Run2      1.75000e+00  2.00000e-01    1.00000e+00  3.00000e+00
     3 lambda_Run2  -2.30000e+00  8.00000e-02   -2.80000e+00 -2.00000e+00
     4 mcnbkg_run2   1.19237e+04  2.38454e+03    1.00000e+00  2.38464e+04
     5 mcnsig_run2   2.38414e+04  2.50000e+00    1.19232e+04  2.38464e+04
     6 mean_Run2    5.61960e+03  2.00000e-01    5.61900e+03  5.62100e+03
     7 sigma_Run2   1.40000e+01  6.00000e-01    1.10000e+01  1.70000e+01
     8 tau_run2    -1.00000e-07  4.95000e-08   -1.00000e-05 -1.00000e-09
 **********
 **   15 **SET ERR         0.5
 **********
 **********
 **   16 **SET PRINT           1
 **********
 **********
 **   17 **SET STR           2
 **********
 NOW USING STRATEGY  2: MAKE SURE MINIMUM TRUE, ERRORS CORRECT  
 **********
 **   18 **MIGRAD        4000           1
 **********
 FIRST CALL TO USER FUNCTION AT NEW START POINT, WITH IFLAG=4.
 START MIGRAD MINIMIZATION.  STRATEGY  2.  CONVERGENCE WHEN EDM .LT. 1.00e-03
 MINUIT WARNING IN HESSE   
 ============== Negative diagonal element 5 in Error Matrix
 MINUIT WARNING IN HESSE   
 ============== 619.056 added to diagonal of error matrix
 COVARIANCE MATRIX CALCULATED SUCCESSFULLY
 FCN=-121677 FROM HESSE     STATUS=OK             85 CALLS          86 TOTAL
                     EDM=34093.6    STRATEGY= 2      ERROR MATRIX ACCURATE 
  EXT PARAMETER                                   STEP         FIRST   
  NO.   NAME      VALUE            ERROR          SIZE      DERIVATIVE 
   1  a1_Run2      2.00000e+00   1.92648e-02   5.00000e-01  -4.93726e+01
   2  a2_Run2      1.75000e+00   3.08950e-02   4.01866e-01  -1.75804e+02
   3  lambda_Run2  -2.30000e+00   1.43065e-02   4.85700e-01   3.05005e+02
   4  mcnbkg_run2   1.19237e+04   3.26105e+02   2.72260e-01   9.41905e+03
   5  mcnsig_run2   2.38414e+04   7.46273e+03   1.08144e-01   2.55837e+01
   6  mean_Run2    5.61960e+03   3.21958e-02   5.00000e-01  -1.62273e+02
   7  sigma_Run2   1.40000e+01   8.43359e-02   2.59466e-01   3.21178e+02
   8  tau_run2    -1.00000e-07   3.97790e-08   5.00000e-01  -5.78621e-06
                               ERR DEF= 0.5
 MIGRAD MINIMIZATION HAS CONVERGED.
 MIGRAD WILL VERIFY CONVERGENCE AND ERROR MATRIX.
 COVARIANCE MATRIX CALCULATED SUCCESSFULLY
 FCN=-130216 FROM MIGRAD    STATUS=CONVERGED    1383 CALLS        1384 TOTAL
                     EDM=0.000596997    STRATEGY= 2      ERROR MATRIX ACCURATE 
  EXT PARAMETER                                   STEP         FIRST   
  NO.   NAME      VALUE            ERROR          SIZE      DERIVATIVE 
   1  a1_Run2      2.34705e+00   1.43291e-01   8.65538e-02   1.74895e-02
   2  a2_Run2      2.99999e+00   1.38646e+00   3.14770e-01  -1.60273e-03
   3  lambda_Run2  -2.03418e+00   4.58947e-02   2.55605e-02   7.43412e-02
   4  mcnbkg_run2   1.00013e+00   8.99807e+00   9.61743e-03** at limit **
   5  mcnsig_run2   2.38463e+04   7.60271e+02   1.03804e-01   1.13844e-03
   6  mean_Run2    5.62012e+03   5.25274e-02   1.31924e-02   2.13448e-02
   7  sigma_Run2   1.38357e+01   2.24431e-01   7.04066e-03   3.86629e-02
   8  tau_run2    -1.00010e-07   9.94168e-06   5.00000e-01  -1.21749e-06
                               ERR DEF= 0.5
 EXTERNAL ERROR MATRIX.    NDIM=  25    NPAR=  8    ERR DEF=0.5
  2.172e-02 -1.449e-04  3.597e-03  3.429e-04  1.203e-03 -1.270e-04 -1.516e-02  1.573e-08 
 -1.449e-04  3.310e-05 -8.233e-05 -2.186e-05 -7.676e-05 -3.969e-06  3.370e-04  6.059e-10 
  3.597e-03 -8.233e-05  2.165e-03 -1.260e-04 -4.421e-04  5.683e-06 -9.673e-03  2.040e-09 
  3.429e-04 -2.186e-05 -1.260e-04  4.618e-03  1.318e-02 -2.500e-06  4.890e-04 -6.739e-09 
  1.203e-03 -7.676e-05 -4.421e-04  1.318e-02  2.579e+02 -8.771e-06  1.716e-03 -2.362e-08 
 -1.270e-04 -3.969e-06  5.683e-06 -2.500e-06 -8.771e-06  2.762e-03 -4.979e-05  1.221e-10 
 -1.516e-02  3.370e-04 -9.673e-03  4.890e-04  1.716e-03 -4.979e-05  5.046e-02 -8.678e-09 
  1.573e-08  6.059e-10  2.040e-09 -6.739e-09 -2.362e-08  1.221e-10 -8.678e-09  1.658e-07 
 PARAMETER  CORRELATION COEFFICIENTS  
       NO.  GLOBAL      1      2      3      4      5      6      7      8
        1  0.53275   1.000 -0.171  0.525  0.034  0.001 -0.016 -0.458  0.000
        2  0.32165  -0.171  1.000 -0.308 -0.056 -0.001 -0.013  0.261  0.000
        3  0.93458   0.525 -0.308  1.000 -0.040 -0.001  0.002 -0.925  0.000
        4  0.10713   0.034 -0.056 -0.040  1.000  0.012 -0.001  0.032 -0.000
        5  0.01208   0.001 -0.001 -0.001  0.012  1.000 -0.000  0.000 -0.000
        6  0.02513  -0.016 -0.013  0.002 -0.001 -0.000  1.000 -0.004  0.000
        7  0.92631  -0.458  0.261 -0.925  0.032  0.000 -0.004  1.000 -0.000
        8  0.00047   0.000  0.000  0.000 -0.000 -0.000  0.000 -0.000  1.000
 **********
 **   19 **SET ERR         0.5
 **********
 **********
 **   20 **SET PRINT           1
 **********
 **********
 **   21 **HESSE        4000
 **********
 COVARIANCE MATRIX CALCULATED SUCCESSFULLY
 FCN=-130216 FROM HESSE     STATUS=OK             93 CALLS        1477 TOTAL
                     EDM=0.00117597    STRATEGY= 2      ERROR MATRIX ACCURATE 
  EXT PARAMETER                                INTERNAL      INTERNAL  
  NO.   NAME      VALUE            ERROR       STEP SIZE       VALUE   
   1  a1_Run2      2.34705e+00   1.63698e-01   7.06279e-02   7.67165e-01
   2  a2_Run2      2.99999e+00   1.32467e+00   5.00000e-01   1.56649e+00
   3  lambda_Run2  -2.03418e+00   6.54966e-02   1.02242e-03   1.15440e+00
   4  mcnbkg_run2   1.00013e+00   2.82893e+00   1.43398e-01  -7.85413e+00
                                 WARNING -   - ABOVE PARAMETER IS AT LIMIT.
   5  mcnsig_run2   2.38463e+04   3.29246e+01   5.00000e-01  -5.49831e+01
   6  mean_Run2    5.62012e+03   5.25326e-02   5.27694e-04   1.23740e-01
   7  sigma_Run2   1.38357e+01   3.17687e-01   2.81626e-04  -5.48066e-02
   8  tau_run2    -1.00010e-07   6.03851e-06   1.00000e-01   1.37145e+00
                               ERR DEF= 0.5
 EXTERNAL ERROR MATRIX.    NDIM=  25    NPAR=  8    ERR DEF=0.5
  2.888e-02 -3.280e-04  7.291e-03  6.458e-04  4.504e-03 -8.940e-05 -3.248e-02 -1.042e-07 
 -3.280e-04  2.701e-05 -1.643e-04 -3.684e-05 -2.576e-04 -5.233e-06  7.231e-04  1.681e-09 
  7.291e-03 -1.643e-04  4.547e-03 -5.200e-04 -3.618e-03  3.099e-05 -2.067e-02  4.442e-08 
  6.458e-04 -3.684e-05 -5.200e-04  1.452e-03  1.003e-02 -4.307e-06  2.102e-03 -1.342e-07 
  4.504e-03 -2.576e-04 -3.618e-03  1.003e-02  1.094e+01 -2.989e-05  1.463e-02 -9.245e-07 
 -8.940e-05 -5.233e-06  3.099e-05 -4.307e-06 -2.989e-05  2.762e-03 -1.664e-04  2.533e-10 
 -3.248e-02  7.231e-04 -2.067e-02  2.102e-03  1.463e-02 -1.664e-04  1.013e-01 -1.776e-07 
 -1.042e-07  1.681e-09  4.442e-08 -1.342e-07 -9.245e-07  2.533e-10 -1.776e-07  1.626e-07 
 PARAMETER  CORRELATION COEFFICIENTS  
       NO.  GLOBAL      1      2      3      4      5      6      7      8
        1  0.68092   1.000 -0.371  0.636  0.100  0.008 -0.010 -0.600 -0.002
        2  0.55523  -0.371  1.000 -0.469 -0.186 -0.015 -0.019  0.437  0.001
        3  0.96938   0.636 -0.469  1.000 -0.202 -0.016  0.009 -0.963  0.002
        4  0.47790   0.100 -0.186 -0.202  1.000  0.080 -0.002  0.173 -0.009
        5  0.07962   0.008 -0.015 -0.016  0.080  1.000 -0.000  0.014 -0.001
        6  0.02981  -0.010 -0.019  0.009 -0.002 -0.000  1.000 -0.010  0.000
        7  0.96400  -0.600  0.437 -0.963  0.173  0.014 -0.010  1.000 -0.001
        8  0.00884  -0.002  0.001  0.002 -0.009 -0.001  0.000 -0.001  1.000
 **********
 **   22 **SET ERR         0.5
 **********
 **********
 **   23 **SET PRINT           1
 **********
 **********
 **   24 **HESSE        4000
 **********
 MINUIT WARNING IN HESSE   
 ============== Negative diagonal element 3 in Error Matrix
 MINUIT WARNING IN HESSE   
 ============== Negative diagonal element 8 in Error Matrix
 MINUIT WARNING IN HESSE   
 ============== 44.3594 added to diagonal of error matrix
 EIGENVALUES OF SECOND-DERIVATIVE MATRIX:
        -8.5662e+00  9.0336e-01  9.9240e-01  9.9908e-01  1.0000e+00  1.0046e+00  1.0530e+00  1.0614e+01
 MINUIT WARNING IN HESSE   
 ============== MATRIX FORCED POS-DEF BY ADDING 8.576827 TO DIAGONAL.
 FCN=-154720 FROM HESSE     STATUS=NOT POSDEF     99 CALLS        1576 TOTAL
                     EDM=178763    STRATEGY= 2      ERR MATRIX NOT POS-DEF
  EXT PARAMETER                APPROXIMATE     INTERNAL      INTERNAL  
  NO.   NAME      VALUE            ERROR       STEP SIZE       VALUE   
   1  a1_Run2      2.34705e+00   3.40393e-02   5.00000e-01   7.67165e-01
   2  a2_Run2      2.99999e+00   1.42130e-03   5.00000e-01   1.56649e+00
   3  lambda_Run2  -2.03418e+00   4.75995e-01   2.08574e-02   1.15440e+00
   4  mcnbkg_run2   1.00013e+00   2.77759e+00   1.27966e-01  -7.85413e+00
                                 WARNING -   - ABOVE PARAMETER IS AT LIMIT.
   5  mcnsig_run2   2.38463e+04   2.05141e+00   5.00000e-01  -5.49831e+01
   6  mean_Run2    5.62012e+03   1.47192e-02   1.07650e-02   1.23740e-01
   7  sigma_Run2   1.38357e+01   5.27964e-01   5.74517e-03  -5.48066e-02
   8  tau_run2    -1.00010e-07   4.80156e-08   5.00000e-01   1.37145e+00
                               ERR DEF= 0.5
 EXTERNAL ERROR MATRIX.    NDIM=  25    NPAR=  8    ERR DEF=0.5
  1.162e-03 -3.966e-06  3.378e-02 -1.115e-03 -5.429e-04 -5.445e-05 -1.610e-02 -1.934e-15 
 -3.966e-06  5.261e-08 -1.452e-04  4.795e-06  2.334e-06  2.329e-07  6.922e-05  8.339e-18 
  3.378e-02 -1.452e-04  1.237e+00 -4.087e-02 -1.989e-02 -1.988e-03 -5.895e-01 -7.097e-14 
 -1.115e-03  4.795e-06 -4.087e-02  1.425e-03  6.893e-04  6.576e-05  1.948e-02  2.465e-15 
 -5.429e-04  2.334e-06 -1.989e-02  6.893e-04  6.810e-01  3.201e-05  9.483e-03  1.198e-15 
 -5.445e-05  2.329e-07 -1.988e-03  6.576e-05  3.201e-05  2.167e-04  9.471e-04  1.145e-16 
 -1.610e-02  6.922e-05 -5.895e-01  1.948e-02  9.483e-03  9.471e-04  2.817e-01  3.383e-14 
 -1.934e-15  8.339e-18 -7.097e-14  2.465e-15  1.198e-15  1.145e-16  3.383e-14  2.307e-15 
ERR MATRIX NOT POS-DEF
 PARAMETER  CORRELATION COEFFICIENTS  
       NO.  GLOBAL      1      2      3      4      5      6      7      8
        1  0.89095   1.000 -0.507  0.891 -0.867 -0.019 -0.109 -0.890 -0.000
        2  0.56933  -0.507  1.000 -0.569  0.554  0.012  0.069  0.569  0.000
        3  0.99889   0.891 -0.569  1.000 -0.973 -0.022 -0.121 -0.999 -0.000
        4  0.97345  -0.867  0.554 -0.973  1.000  0.022  0.118  0.972  0.000
        5  0.02213  -0.019  0.012 -0.022  0.022  1.000  0.003  0.022  0.000
        6  0.12149  -0.109  0.069 -0.121  0.118  0.003  1.000  0.121  0.000
        7  0.99883  -0.890  0.569 -0.999  0.972  0.022  0.121  1.000  0.000
        8  0.00000  -0.000  0.000 -0.000  0.000  0.000  0.000  0.000  1.000
 ERR MATRIX NOT POS-DEF
[#0] ERROR:Plotting -- RooAbsPdf::plotOn(mcFit_Run1) ERROR: component selection expression 'mcbkg_Run1' does not select any components of p.d.f.
[#0] ERROR:Plotting -- RooAbsPdf::plotOn(mcFit_Run2) ERROR: component selection expression 'mcbkg_Run2' does not select any components of p.d.f.
Importing Run 1 data
Run 1 nentries = 6745
Done making RooDataHist
RooDataHist::ds1[Lb_DTF_M_JpsiLConstr] = 375 bins (6745 weights)
Done importing Run 1 data
Importing Run 2 data
Run 2 nentries = 25146
Done making RooDataHist
RooDataHist::ds2[Lb_DTF_M_JpsiLConstr] = 375 bins (25146 weights)
Done importing Run 2 data
before sb fit
 **********
 **    1 **SET PRINT           1
 **********
 **********
 **    2 **SET NOGRAD
 **********
 PARAMETER DEFINITIONS:
    NO.   NAME         VALUE      STEP SIZE      LIMITS
     1 slope_Run2  -2.00000e+00  2.50000e-01   -5.00000e+00  0.00000e+00
 **********
 **    3 **SET ERR         0.5
 **********
 **********
 **    4 **SET PRINT           1
 **********
 **********
 **    5 **SET STR           1
 **********
 NOW USING STRATEGY  1: TRY TO BALANCE SPEED AGAINST RELIABILITY
 **********
 **    6 **MIGRAD         500           1
 **********
 FIRST CALL TO USER FUNCTION AT NEW START POINT, WITH IFLAG=4.
 START MIGRAD MINIMIZATION.  STRATEGY  1.  CONVERGENCE WHEN EDM .LT. 1.00e-03
 FCN=136.834 FROM MIGRAD    STATUS=INITIATE        4 CALLS           5 TOTAL
                     EDM= unknown      STRATEGY= 1      NO ERROR MATRIX       
  EXT PARAMETER               CURRENT GUESS       STEP         FIRST   
  NO.   NAME      VALUE            ERROR          SIZE      DERIVATIVE 
   1  slope_Run2  -2.00000e+00   2.50000e-01   1.02263e-01   5.67202e+01
                               ERR DEF= 0.5
 MIGRAD MINIMIZATION HAS CONVERGED.
 MIGRAD WILL VERIFY CONVERGENCE AND ERROR MATRIX.
 COVARIANCE MATRIX CALCULATED SUCCESSFULLY
 FCN=134.185 FROM MIGRAD    STATUS=CONVERGED      21 CALLS          22 TOTAL
                     EDM=6.5434e-06    STRATEGY= 1      ERROR MATRIX ACCURATE 
  EXT PARAMETER                                   STEP         FIRST   
  NO.   NAME      VALUE            ERROR          SIZE      DERIVATIVE 
   1  slope_Run2  -2.29175e+00   1.69189e-01   5.22382e-04   3.76378e-02
                               ERR DEF= 0.5
 EXTERNAL ERROR MATRIX.    NDIM=  25    NPAR=  1    ERR DEF=0.5
  2.867e-02 
 **********
 **    7 **SET ERR         0.5
 **********
 **********
 **    8 **SET PRINT           1
 **********
 **********
 **    9 **HESSE         500
 **********
 COVARIANCE MATRIX CALCULATED SUCCESSFULLY
 FCN=134.185 FROM HESSE     STATUS=OK              5 CALLS          27 TOTAL
                     EDM=6.54147e-06    STRATEGY= 1      ERROR MATRIX ACCURATE 
  EXT PARAMETER                                INTERNAL      INTERNAL  
  NO.   NAME      VALUE            ERROR       STEP SIZE       VALUE   
   1  slope_Run2  -2.29175e+00   1.69189e-01   1.04476e-04   8.33985e-02
                               ERR DEF= 0.5
 EXTERNAL ERROR MATRIX.    NDIM=  25    NPAR=  1    ERR DEF=0.5
  2.867e-02 
RooDataHist::combData[sample,Lb_DTF_M_JpsiLConstr] = 750 bins (31891 weights)
Done importing combData and simPdf
**********Printing w after all imports***********

RooWorkspace(w) w contents

variables
---------
(Lb_DTF_M_JpsiLConstr,R,R_1405,R_1520,R_1600,a1_Run1,a1_Run2,a2_Run1,a2_Run2,eff_ratio1,eff_ratio2,eff_ratio_1405_1,eff_ratio_1405_2,eff_ratio_1520_1,eff_ratio_1520_2,eff_ratio_1600_1,eff_ratio_1600_2,geff_ratio1,geff_ratio2,geff_ratio_1405_1,geff_ratio_1405_2,geff_ratio_1520_1,geff_ratio_1520_2,geff_ratio_1600_1,geff_ratio_1600_2,gnXib1,gnXib2,gshift_Xib,lambda_Run1,lambda_Run2,mcnbkg_run1,mcnbkg_run2,mcnsig_run1,mcnsig_run2,mean_Run1,mean_Run2,miscLstMean_Run1,miscLstMean_Run2,miscLstSigma_Run1,miscLstSigma_Run2,nBkg_Run1,nBkg_Run2,nJpsiKs_Run1,nJpsiKs_Run2,nLb_Run1,nLb_Run2,nMiscLst_Run1,nMiscLst_Run2,nXib1,nXib2,nXib_JpsiLambda_Run1,nXib_JpsiLambda_Run2,sample,shift_Xib,sigma_Run1,sigma_Run2,slope_Run1,slope_Run2,tau_run1,tau_run2)

p.d.f.s
-------
RooExponential::Bkg_Run1[ x=Lb_DTF_M_JpsiLConstr c=Bkg_Run1_2 ] = 2.14265e-24
RooExponential::Bkg_Run2[ x=Lb_DTF_M_JpsiLConstr c=Bkg_Run2_2 ] = 8.12359e-13
RooKeysPdf::JPSIKS_RUN1[ x=Lb_DTF_M_JpsiLConstr ] = 0.00494437
RooKeysPdf::JPSIKS_RUN2[ x=Lb_DTF_M_JpsiLConstr ] = 0.00470502
RooKeysPdf::LST1405_Run1[ x=Lb_DTF_M_JpsiLConstr ] = 0.000207799
RooKeysPdf::LST1405_Run2[ x=Lb_DTF_M_JpsiLConstr ] = 0.000197721
RooKeysPdf::LST1520_Run1[ x=Lb_DTF_M_JpsiLConstr ] = 8.8015e-05
RooKeysPdf::LST1520_Run2[ x=Lb_DTF_M_JpsiLConstr ] = 8.00039e-05
RooKeysPdf::LST1600_Run1[ x=Lb_DTF_M_JpsiLConstr ] = 5.44639e-05
RooKeysPdf::LST1600_Run2[ x=Lb_DTF_M_JpsiLConstr ] = 5.98347e-05
RooHypatia2::Lb_Run1[ x=Lb_DTF_M_JpsiLConstr l=lambda_Run1 zeta=0 fb=0 sigma=sigma_Run1 mu=mean_Run1 a=a1_Run1 n=2 a2=a2_Run1 n2=2 ] = 7.53421e-05
RooHypatia2::Lb_Run2[ x=Lb_DTF_M_JpsiLConstr l=lambda_Run2 zeta=0 fb=0 sigma=sigma_Run2 mu=mean_Run2 a=a1_Run2 n=2 a2=a2_Run2 n2=2 ] = 8.52192e-05
RooKeysPdf::SIG_Run1[ x=Lb_DTF_M_JpsiLConstr ] = 0.0042467
RooKeysPdf::SIG_Run2[ x=Lb_DTF_M_JpsiLConstr ] = 0.0042938
RooKeysPdf::XIB_RUN1[ x=Lb_DTF_M_JpsiLConstr ] = 0.0024143
RooKeysPdf::XIB_RUN2[ x=Lb_DTF_M_JpsiLConstr ] = 0.00186557
RooHypatia2::Xib_Run1[ x=Lb_DTF_M_JpsiLConstr l=lambda_Run1 zeta=0 fb=0 sigma=sigma_Run1 mu=XibMean_Run1 a=a1_Run1 n=2 a2=a2_Run1 n2=2 ] = 1.68098e-05
RooHypatia2::Xib_Run2[ x=Lb_DTF_M_JpsiLConstr l=lambda_Run2 zeta=0 fb=0 sigma=sigma_Run2 mu=XibMean_Run2 a=a1_Run2 n=2 a2=a2_Run2 n2=2 ] = 1.88013e-05
RooGaussian::eff_ratio_1405_constraint1[ x=geff_ratio_1405_1 mean=eff_ratio_1405_1 sigma=0.00825 ] = 1
RooGaussian::eff_ratio_1405_constraint2[ x=geff_ratio_1405_2 mean=eff_ratio_1405_2 sigma=0.008417 ] = 1
RooGaussian::eff_ratio_1520_constraint1[ x=geff_ratio_1520_1 mean=eff_ratio_1520_1 sigma=0.007093 ] = 1
RooGaussian::eff_ratio_1520_constraint2[ x=geff_ratio_1520_2 mean=eff_ratio_1520_2 sigma=0.008807 ] = 1
RooGaussian::eff_ratio_1600_constraint1[ x=geff_ratio_1600_1 mean=eff_ratio_1600_1 sigma=0.006171 ] = 1
RooGaussian::eff_ratio_1600_constraint2[ x=geff_ratio_1600_2 mean=eff_ratio_1600_2 sigma=0.006502 ] = 1
RooGaussian::eff_ratio_constraint1[ x=geff_ratio1 mean=eff_ratio1 sigma=0.029527 ] = 1
RooGaussian::eff_ratio_constraint2[ x=geff_ratio2 mean=eff_ratio2 sigma=0.013057 ] = 1
RooGaussian::lstLump_Run1[ x=Lb_DTF_M_JpsiLConstr mean=miscLstMean_Run1 sigma=miscLstSigma_Run1 ] = 1.8585e-12
RooGaussian::lstLump_Run2[ x=Lb_DTF_M_JpsiLConstr mean=miscLstMean_Run2 sigma=miscLstSigma_Run2 ] = 1.8585e-12
RooAddPdf::mcFit_Run1[ mcnsig_run1 * Lb_Run1 + mcnbkg_run1 * mcbkg_run1 ] = 0.00190792
RooAddPdf::mcFit_Run2[ mcnsig_run2 * Lb_Run2 + mcnbkg_run2 * mcbkg_run2 ] = 0.000127132
