************************
************************
************************
************************
************************
************************
************************
************************
************************
************************
Wed Aug 21 22:56:03 EDT 2019
-------------------------
Set LHCb Style - Feb 2012
-------------------------
inputFlag = 0
[#1] INFO:Eval -- RooRealVar::setRange(Lb_DTF_M_JpsiLConstr) new range named 'signal_window' created with bounds [5365,5600]
[#1] INFO:Eval -- RooRealVar::setRange(Lb_DTF_M_JpsiLConstr) new range named 'sideband_window' created with bounds [5800,6000]
[#1] INFO:Eval -- RooRealVar::setRange(Lb_DTF_M_JpsiLConstr) new range named 'simFit_window' created with bounds [5500,5740]
@@@@@@@@@@@@@@@@@@@@@@@@@@@@@@@@@@@@@@@
Get Xib Normalization
@@@@@@@@@@@@@@@@@@@@@@@@@@@@@@@@@@@@@@@
xibYield = 36.361+/-7.75666+/-3.27249
UNWEIGHTED Xib->JpsiXi Eff = 0.0631 % +/- 0.0014 %
WEIGHTED Xib->JpsiXi Eff = 0.0728 % +/- 0.0015 %
UNWEIGHTED Xib->JpsiLambda Eff = 0.0239 % +/-0.0008 %
WEIGHTED Xib->JpsiLambda Eff = 0.0335 % +/-0.0010 %
UNWEIGTED Norm = 26.471374563+/-5.64696934127+/-3.08507164223
WEIGHTED Norm = 32.1557966148+/-6.859590808+/-3.70363044246
BREAKUP OF SYSTEMATICS:
Overall Syst     = 11.5177692123%
*Tracking        = 5.0%
*Xi Vtx          = 1.4%
*Xib Yield       = 9.0%
*Xib->JpsiL eff  = 3.06622501516%
*Xib->JpsiXi eff = 2.08057811171%
*tauXib-/tauXib0 = 3.3118675253%
************************************************
The UNWEIGHTED LL Xib normalization for Run 1 is 26.4714 +/- 5.64697 +/- 3.08507
The WEIGHTED LL Xib normalization for Run 1 is 32.1558 +/- 6.85959 +/- 3.70363
************************************************
xibYield = 173.281+/-16.4207+/-10.39686
UNWEIGHTED Xib->JpsiXi Eff = 0.0650 % +/- 0.0014 %
WEIGHTED Xib->JpsiXi Eff = 0.0725 % +/- 0.0015 %
UNWEIGHTED Xib->JpsiLambda Eff = 0.0238 % +/-0.0008 %
WEIGHTED Xib->JpsiLambda Eff = 0.0304 % +/-0.0010 %
UNWEIGTED Norm = 121.691773609+/-11.5319285259+/-11.5778576436
WEIGHTED Norm = 139.592654354+/-13.2282771876+/-13.1192491111
BREAKUP OF SYSTEMATICS:
Overall Syst     = 9.3982374444%
*Tracking        = 5.0%
*Xi Vtx          = 1.4%
*Xib Yield       = 6.0%
*Xib->JpsiL eff  = 3.15995944707%
*Xib->JpsiXi eff = 2.10072769515%
*tauXib-/tauXib0 = 3.3118675253%
************************************************
The UNWEIGHTED LL Xib normalization for Run 2 is 121.692 +/- 11.5319 +/- 11.5779
The WEIGHTED LL Xib normalization for Run 2 is 139.593 +/- 13.2283 +/- 13.1192
************************************************
@@@@@@@@@@@@@@@@@@@@@@@@@@@@@@@@@@@@@@@
Get Lb -> J/psi Lambda efficiency
@@@@@@@@@@@@@@@@@@@@@@@@@@@@@@@@@@@@@@@
************************************************
Run 1 UNWEIGHTED Jpsi Lambda Eff = 0.131979 % +/- 0.00144902 %
Run 1 WEIGHTED Jpsi Lambda Eff = 0.155475 % +/- 0.00164691 %
************************************************
************************************************
Run 2 UNWEIGHTED Jpsi Lambda Eff = 0.132659 % +/- 0.00090205 %
Run 2 WEIGHTED Jpsi Lambda Eff = 0.130108 % +/- 0.000932746 %
************************************************
@@@@@@@@@@@@@@@@@@@@@@@@@@@@@@@@@@@@@@@
Get Lb -> J/psi Sigma efficiency and shape
@@@@@@@@@@@@@@@@@@@@@@@@@@@@@@@@@@@@@@@
************************************************
Run 1 UNWEIGHTED Jpsi Sigma Eff = 0.114577 % +/- 0.0020245 %
Run 1 WEIGHTED Jpsi Sigma Eff = 0.134067 % +/- 0.00231714 %
************************************************
***************************************
Run 1 UNWEIGHTED Lambda/Sigma efficiency ratio = 1.15187 +/- 0.023962
Run 1 WEIGHTED Lambda/Sigma efficiency ratio   = 1.15968 +/- 0.0235081
***************************************
RooDataSet::ds_sig_Run1[Lb_DTF_M_JpsiLConstr,GB_WT,wt_tau] = 3313 entries
RooDataSet::ds_sig_wt_Run1[Lb_DTF_M_JpsiLConstr,weight:totWt] = 3313 entries (3469.52 weighted)
Done importing Jpsi Sigma shape
************************************************
Run 2 UNWEIGHTED Jpsi Sigma Eff = 0.126596 % +/- 0.00113696 %
Run 2 WEIGHTED Jpsi Sigma Eff = 0.1265 % +/- 0.00120899 %
************************************************
***************************************
Run 2 UNWEIGHTED Lambda/Sigma efficiency ratio = 1.04789 +/- 0.0118043
Run 2 WEIGHTED Lambda/Sigma efficiency ratio   = 1.02853 +/- 0.012288
***************************************
RooDataSet::ds_sig_Run2[Lb_DTF_M_JpsiLConstr,GB_WT,wt_tau] = 13732 entries
RooDataSet::ds_sig_wt_Run2[Lb_DTF_M_JpsiLConstr,weight:totWt] = 13732 entries (11970 weighted)
Done importing Jpsi Sigma shape
@@@@@@@@@@@@@@@@@@@@@@@@@@@@@@@@@@@@@@@
Get Lb -> J/psi Lst(1405) efficiency and shape
@@@@@@@@@@@@@@@@@@@@@@@@@@@@@@@@@@@@@@@
************************************************
Run 1 UNWEIGHTED Jpsi /(1405) Eff = 0.0954823 % +/- 0.000633257 %
Run 1 WEIGHTED Jpsi /(1405) Eff = 0.0966358 % +/- 0.000628187 %
************************************************
***************************************
Run 1 UNWEIGHTED /(1405)/Lambda efficiency ratio = 0.614133 +/- 0.00767525
Run 1 WEIGHTED /(1405)/Lambda efficiency ratio   = 0.621552 +/- 0.00772487
***************************************
***************************************
Get J/psi Lambda(1405) shape from MC
***************************************
RooDataSet::ds_1405_Run1[Lb_DTF_M_JpsiLConstr] = 24245 entries
Done importing Jpsi Lst(1405) shape
************************************************
Run 2 UNWEIGHTED Jpsi /(1405) Eff = 0.0947067 % +/- 0.00105156 %
Run 2 WEIGHTED Jpsi /(1405) Eff = 0.0952298 % +/- 0.0010533 %
************************************************
***************************************
Run 2 UNWEIGHTED /(1405)/Lambda efficiency ratio = 0.727907 +/- 0.00962043
Run 2 WEIGHTED /(1405)/Lambda efficiency ratio   = 0.731928 +/- 0.00964738
***************************************
***************************************
Get J/psi Lambda(1405) shape from MC
***************************************
RooDataSet::ds_1405_Run2[Lb_DTF_M_JpsiLConstr] = 19768 entries
Done importing Jpsi Lst(1405) shape
************************************************
Run 1 UNWEIGHTED Jpsi /(1520) Eff = 0.083295 % +/- 0.000600028 %
Run 1 WEIGHTED Jpsi /(1520) Eff = 0.0843215 % +/- 0.000595127 %
************************************************
***************************************
Run 1 UNWEIGHTED /(1520)/Lambda efficiency ratio = 0.535745 +/- 0.00686296
Run 1 WEIGHTED /(1520)/Lambda efficiency ratio   = 0.542348 +/- 0.00690337
***************************************
***************************************
Get J/psi Lambda(1520) shape from MC
***************************************
RooDataSet::ds_1520_Run1[Lb_DTF_M_JpsiLConstr] = 20477 entries
Done importing Jpsi Lst(1520) shape
************************************************
Run 2 UNWEIGHTED Jpsi /(1520) Eff = 0.0820436 % +/- 0.00121181 %
Run 2 WEIGHTED Jpsi /(1520) Eff = 0.0824511 % +/- 0.00121468 %
************************************************
***************************************
Run 2 UNWEIGHTED /(1520)/Lambda efficiency ratio = 0.63058 +/- 0.0103529
Run 2 WEIGHTED /(1520)/Lambda efficiency ratio   = 0.633712 +/- 0.0103827
***************************************
***************************************
Get J/psi Lambda(1520) shape from MC
***************************************
RooDataSet::ds_1520_Run2[Lb_DTF_M_JpsiLConstr] = 16323 entries
Done importing Jpsi Lst(1520) shape
************************************************
Run 1 UNWEIGHTED Jpsi /(1600) Eff = 0.0728562 % +/- 0.000533576 %
Run 1 WEIGHTED Jpsi /(1600) Eff = 0.0737297 % +/- 0.000528989 %
************************************************
***************************************
Run 1 UNWEIGHTED /(1600)/Lambda efficiency ratio = 0.468604 +/- 0.00603468
Run 1 WEIGHTED /(1600)/Lambda efficiency ratio   = 0.474222 +/- 0.00606713
***************************************
***************************************
Get J/psi Lambda(1600) shape from MC
***************************************
RooDataSet::ds_1600_Run1[Lb_DTF_M_JpsiLConstr] = 18634 entries
Done importing Jpsi Lst(1600) shape
************************************************
Run 2 UNWEIGHTED Jpsi /(1600) Eff = 0.0693044 % +/- 0.000824873 %
Run 2 WEIGHTED Jpsi /(1600) Eff = 0.0696501 % +/- 0.000825126 %
************************************************
***************************************
Run 2 UNWEIGHTED /(1600)/Lambda efficiency ratio = 0.532667 +/- 0.00740113
Run 2 WEIGHTED /(1600)/Lambda efficiency ratio   = 0.535324 +/- 0.00741264
***************************************
***************************************
Get J/psi Lambda(1600) shape from MC
***************************************
RooDataSet::ds_1600_Run2[Lb_DTF_M_JpsiLConstr] = 13482 entries
Done importing Jpsi Lst(1600) shape
***************************************
Get J/psi Xi shape from MC
***************************************
RooDataSet::ds_xi_Run1[Lb_DTF_M_JpsiLConstr,GB_WT] = 794 entries
RooDataSet::ds_xi_wt_Run1[Lb_DTF_M_JpsiLConstr,weight:GB_WT] = 794 entries (809.457 weighted)
Done importing Xib shape
RooDataSet::ds_xi_Run2[Lb_DTF_M_JpsiLConstr,GB_WT] = 724 entries
RooDataSet::ds_xi_wt_Run2[Lb_DTF_M_JpsiLConstr,weight:GB_WT] = 724 entries (701.147 weighted)
Done importing Xib shape
***************************************
Get J/psi Ks shape from MC
***************************************
RooDataSet::ds_jpsiks_Run1[Lb_DTF_M_JpsiLConstr] = 12884 entries
RooDataSet::ds_jpsiks_Run2[Lb_DTF_M_JpsiLConstr] = 9930 entries
Done importing Xib shape
Done defining J/psi Lambda Hypatia shapes
*****UING EXPONENTIAL BKG SHAPE*****
Done defining cont. bkg exp. shapes
Done defining Misc Lambda* Gaussian shapes
RooDataSet::ds_sim1[Lb_DTF_M_JpsiLConstr,GB_WT,wt_tau] = 9574 entries
RooDataSet::ds_sim_wt1[Lb_DTF_M_JpsiLConstr,weight:totWt] = 9574 entries (10421 weighted)
mcNentries = 10421
RooDataSet::ds_sim2[Lb_DTF_M_JpsiLConstr,GB_WT,wt_tau] = 28331 entries
RooDataSet::ds_sim_wt2[Lb_DTF_M_JpsiLConstr,weight:totWt] = 28331 entries (24706.7 weighted)
mcNentries = 24706.7
reduceEng varSubset = (Lb_DTF_M_JpsiLConstr) _wgtVar = totWt
 **********
 **    1 **SET PRINT           1
 **********
 **********
 **    2 **SET NOGRAD
 **********
 PARAMETER DEFINITIONS:
    NO.   NAME         VALUE      STEP SIZE      LIMITS
     1 a1_Run1      1.80000e+00  1.00000e-01    1.00000e+00  2.00000e+00
     2 a2_Run1      1.70000e+00  4.00000e-02    1.50000e+00  1.90000e+00
     3 lambda_Run1  -2.59000e+00  8.00000e-02   -2.80000e+00 -2.00000e+00
     4 mcnbkg_run1   5.21099e+03  1.04200e+03    1.00000e+00  1.04210e+04
     5 mcnsig_run1   1.04160e+04  2.50000e+00    5.21049e+03  1.04210e+04
     6 mean_Run1    5.61960e+03  2.00000e-01    5.61900e+03  5.62100e+03
     7 sigma_Run1   1.50000e+01  6.00000e-01    1.20000e+01  1.80000e+01
     8 tau_run1    -1.00000e-07  4.95000e-08   -1.00000e-05 -1.00000e-09
 **********
 **    3 **SET ERR         0.5
 **********
 **********
 **    4 **SET PRINT           1
 **********
 **********
 **    5 **SET STR           2
 **********
 NOW USING STRATEGY  2: MAKE SURE MINIMUM TRUE, ERRORS CORRECT  
 **********
 **    6 **MIGRAD        4000           1
 **********
 FIRST CALL TO USER FUNCTION AT NEW START POINT, WITH IFLAG=4.
 START MIGRAD MINIMIZATION.  STRATEGY  2.  CONVERGENCE WHEN EDM .LT. 1.00e-03
 MINUIT WARNING IN HESSE   
 ============== Negative diagonal element 5 in Error Matrix
 MINUIT WARNING IN HESSE   
 ============== Negative diagonal element 8 in Error Matrix
 MINUIT WARNING IN HESSE   
 ============== 279.136 added to diagonal of error matrix
 COVARIANCE MATRIX CALCULATED SUCCESSFULLY
 FCN=-44448.8 FROM HESSE     STATUS=OK             83 CALLS          84 TOTAL
                     EDM=13050.1    STRATEGY= 2      ERROR MATRIX ACCURATE 
  EXT PARAMETER                                   STEP         FIRST   
  NO.   NAME      VALUE            ERROR          SIZE      DERIVATIVE 
   1  a1_Run1      1.80000e+00   2.24343e-02   5.00000e-01  -1.99552e+01
   2  a2_Run1      1.70000e+00   1.18212e-02   5.00000e-01  -1.32537e+01
   3  lambda_Run1  -2.59000e+00   1.81209e-02   3.89313e-01   9.64068e+01
   4  mcnbkg_run1   5.21099e+03   2.03769e+02   2.29972e-01   4.06607e+03
   5  mcnsig_run1   1.04160e+04   3.28236e+03   1.63633e-01   1.76427e+01
   6  mean_Run1    5.61960e+03   4.69264e-02   4.47159e-01  -3.00827e+01
   7  sigma_Run1   1.50000e+01   1.28140e-01   2.49422e-01   1.23494e+02
   8  tau_run1    -1.00000e-07   5.92200e-08   5.00000e-01   8.60828e-05
                               ERR DEF= 0.5
 MIGRAD FAILS TO FIND IMPROVEMENT
 MIGRAD MINIMIZATION HAS CONVERGED.
 MIGRAD WILL VERIFY CONVERGENCE AND ERROR MATRIX.
 COVARIANCE MATRIX CALCULATED SUCCESSFULLY
 FCN=-47943.7 FROM HESSE     STATUS=OK             71 CALLS         689 TOTAL
                     EDM=0.00103132    STRATEGY= 2      ERROR MATRIX ACCURATE 
  EXT PARAMETER                                   STEP         FIRST   
  NO.   NAME      VALUE            ERROR          SIZE      DERIVATIVE 
   1  a1_Run1      1.61383e+00   1.66182e-01   2.41759e-02  -4.48889e-02
   2  a2_Run1      1.73295e+00   3.02357e-01   7.99671e-02  -6.44638e-03
   3  lambda_Run1  -2.30344e+00   1.58992e-01   1.09761e-02  -8.35272e-02
   4  mcnbkg_run1   1.55734e+01   2.23644e+01   5.05158e-03  -4.86855e-01
   5  mcnsig_run1   1.04059e+04   1.75447e+02   5.36719e-02  -1.52085e-02
   6  mean_Run1    5.61984e+03   8.02844e-02   1.22695e-02  -4.54108e-02
   7  sigma_Run1   1.49345e+01   6.64085e-01   7.01772e-03  -1.83988e-01
   8  tau_run1    -9.98238e-08   5.12571e-06   5.00000e-01  -1.05499e-04
                               ERR DEF= 0.5
 MIGRAD MINIMIZATION HAS CONVERGED.
 MIGRAD WILL VERIFY CONVERGENCE AND ERROR MATRIX.
 COVARIANCE MATRIX CALCULATED SUCCESSFULLY
 FCN=-47943.7 FROM MIGRAD    STATUS=CONVERGED     782 CALLS         783 TOTAL
                     EDM=9.1132e-05    STRATEGY= 2      ERROR MATRIX ACCURATE 
  EXT PARAMETER                                   STEP         FIRST   
  NO.   NAME      VALUE            ERROR          SIZE      DERIVATIVE 
   1  a1_Run1      1.61923e+00   1.68035e-01   9.67035e-03  -2.78665e-03
   2  a2_Run1      1.74093e+00   3.06017e-01   3.19869e-02  -1.93457e-03
   3  lambda_Run1  -2.30083e+00   1.61516e-01   1.09758e-02  -1.21208e-02
   4  mcnbkg_run1   1.65009e+01   2.18408e+01   4.89666e-03   9.79380e-02
   5  mcnsig_run1   1.04043e+04   1.59793e+02   4.29375e-03   5.92529e-03
   6  mean_Run1    5.61984e+03   8.02807e-02   1.22695e-02  -2.23783e-03
   7  sigma_Run1   1.49260e+01   6.73659e-01   7.01801e-03   4.34745e-03
   8  tau_run1    -1.03853e-09   6.94912e-06   5.00000e-01   2.20156e-06
                               ERR DEF= 0.5
 EXTERNAL ERROR MATRIX.    NDIM=  25    NPAR=  8    ERR DEF=0.5
  2.944e-02  3.290e-02  2.306e-02  1.662e+00  1.711e+00 -3.487e-04 -8.943e-02 -3.517e-10 
  3.290e-02  5.823e-02  3.059e-02  2.866e+00  2.952e+00  4.962e-04 -1.182e-01 -1.127e-09 
  2.306e-02  3.059e-02  2.776e-02  3.571e-01  3.680e-01 -1.222e-04 -1.106e-01 -1.828e-10 
  1.662e+00  2.866e+00  3.571e-01  4.775e+02  4.752e+02  2.631e-02 -1.263e+00 -1.212e-07 
  1.711e+00  2.952e+00  3.680e-01  4.752e+02  1.082e+04  2.711e-02 -1.302e+00 -1.249e-07 
 -3.487e-04  4.962e-04 -1.222e-04  2.631e-02  2.711e-02  6.459e-03  5.437e-04 -1.649e-11 
 -8.943e-02 -1.182e-01 -1.106e-01 -1.263e+00 -1.302e+00  5.437e-04  4.617e-01  6.643e-10 
 -3.517e-10 -1.127e-09 -1.828e-10 -1.212e-07 -1.249e-07 -1.649e-11  6.643e-10  7.003e-13 
 PARAMETER  CORRELATION COEFFICIENTS  
       NO.  GLOBAL      1      2      3      4      5      6      7      8
        1  0.88983   1.000  0.794  0.807  0.443  0.096 -0.025 -0.767 -0.002
        2  0.89940   0.794  1.000  0.761  0.544  0.118  0.026 -0.721 -0.006
        3  0.98560   0.807  0.761  1.000  0.098  0.021 -0.009 -0.977 -0.001
        4  0.80357   0.443  0.544  0.098  1.000  0.209  0.015 -0.085 -0.007
        5  0.20923   0.096  0.118  0.021  0.209  1.000  0.003 -0.018 -0.001
        6  0.07967  -0.025  0.026 -0.009  0.015  0.003  1.000  0.010 -0.000
        7  0.97882  -0.767 -0.721 -0.977 -0.085 -0.018  0.010  1.000  0.001
        8  0.00781  -0.002 -0.006 -0.001 -0.007 -0.001 -0.000  0.001  1.000
 **********
 **    7 **SET ERR         0.5
 **********
 **********
 **    8 **SET PRINT           1
 **********
 **********
 **    9 **HESSE        4000
 **********
 COVARIANCE MATRIX CALCULATED SUCCESSFULLY
 FCN=-47943.7 FROM HESSE     STATUS=OK             63 CALLS         846 TOTAL
                     EDM=0.000123461    STRATEGY= 2      ERROR MATRIX ACCURATE 
  EXT PARAMETER                                INTERNAL      INTERNAL  
  NO.   NAME      VALUE            ERROR       STEP SIZE       VALUE   
   1  a1_Run1      1.61923e+00   1.97800e-01   3.86814e-04   2.40776e-01
   2  a2_Run1      1.74093e+00   3.14218e-01   1.27947e-03   2.06104e-01
   3  lambda_Run1  -2.30083e+00   1.96455e-01   4.39033e-04   2.50530e-01
   4  mcnbkg_run1   1.65009e+01   2.15443e+01   1.95866e-04  -1.49364e+00
   5  mcnsig_run1   1.04043e+04   1.59187e+02   1.71750e-04  -1.08823e+01
   6  mean_Run1    5.61984e+03   8.02815e-02   4.90782e-04  -1.59430e-01
   7  sigma_Run1   1.49260e+01   8.25134e-01   2.80720e-04  -2.46841e-02
   8  tau_run1    -1.03853e-09   6.94904e-06   5.00000e-01   1.57472e+00
                               ERR DEF= 0.5
 EXTERNAL ERROR MATRIX.    NDIM=  25    NPAR=  8    ERR DEF=0.5
  4.150e-02  4.813e-02  3.664e-02  1.890e+00  1.880e+00 -3.368e-04 -1.441e-01 -4.500e-10 
  4.813e-02  7.745e-02  4.769e-02  3.152e+00  3.136e+00  5.209e-04 -1.868e-01 -1.255e-09 
  3.664e-02  4.769e-02  4.245e-02  7.112e-01  7.075e-01 -1.261e-04 -1.697e-01 -3.063e-10 
  1.890e+00  3.152e+00  7.112e-01  4.646e+02  4.459e+02  2.951e-02 -2.694e+00 -1.214e-07 
  1.880e+00  3.136e+00  7.075e-01  4.459e+02  1.078e+04  2.933e-02 -2.680e+00 -1.208e-07 
 -3.368e-04  5.209e-04 -1.261e-04  2.951e-02  2.933e-02  6.459e-03  5.663e-04 -1.766e-11 
 -1.441e-01 -1.868e-01 -1.697e-01 -2.694e+00 -2.680e+00  5.663e-04  6.988e-01  1.156e-09 
 -4.500e-10 -1.255e-09 -3.063e-10 -1.214e-07 -1.208e-07 -1.766e-11  1.156e-09  7.003e-13 
 PARAMETER  CORRELATION COEFFICIENTS  
       NO.  GLOBAL      1      2      3      4      5      6      7      8
        1  0.92372   1.000  0.849  0.873  0.430  0.089 -0.021 -0.846 -0.003
        2  0.92520   0.849  1.000  0.832  0.525  0.109  0.023 -0.803 -0.005
        3  0.99061   0.873  0.832  1.000  0.160  0.033 -0.008 -0.985 -0.002
        4  0.79745   0.430  0.525  0.160  1.000  0.199  0.017 -0.150 -0.007
        5  0.19944   0.089  0.109  0.033  0.199  1.000  0.004 -0.031 -0.001
        6  0.08010  -0.021  0.023 -0.008  0.017  0.004  1.000  0.008 -0.000
        7  0.98606  -0.846 -0.803 -0.985 -0.150 -0.031  0.008  1.000  0.002
        8  0.00791  -0.003 -0.005 -0.002 -0.007 -0.001 -0.000  0.002  1.000
 **********
 **   10 **SET ERR         0.5
 **********
 **********
 **   11 **SET PRINT           1
 **********
 **********
 **   12 **HESSE        4000
 **********
 EIGENVALUES OF SECOND-DERIVATIVE MATRIX:
        -1.2147e-03  1.0133e-01  9.1935e-01  9.8413e-01  9.9999e-01  1.0691e+00  1.2295e+00  2.6978e+00
 MINUIT WARNING IN HESSE   
 ============== MATRIX FORCED POS-DEF BY ADDING 0.003913 TO DIAGONAL.
 FCN=-67053.1 FROM HESSE     STATUS=NOT POSDEF     79 CALLS         925 TOTAL
                     EDM=3.71875    STRATEGY= 2      ERR MATRIX NOT POS-DEF
  EXT PARAMETER                APPROXIMATE     INTERNAL      INTERNAL  
  NO.   NAME      VALUE            ERROR       STEP SIZE       VALUE   
   1  a1_Run1      1.61923e+00   3.64319e-01   7.89100e-03   2.40776e-01
   2  a2_Run1      1.74093e+00   2.10776e-01   2.61013e-02   2.06104e-01
   3  lambda_Run1  -2.30083e+00   2.75321e-01   8.95628e-03   2.50530e-01
   4  mcnbkg_run1   1.65009e+01   5.50169e+01   3.99568e-03  -1.49364e+00
   5  mcnsig_run1   1.04043e+04   1.57343e+02   3.50370e-03  -1.08823e+01
   6  mean_Run1    5.61984e+03   6.82555e-02   1.00119e-02  -1.59430e-01
   7  sigma_Run1   1.49260e+01   1.13825e+00   5.72669e-03  -2.46841e-02
   8  tau_run1    -1.03853e-09   7.89834e-06   5.00000e-01   1.57472e+00
                               ERR DEF= 0.5
 EXTERNAL ERROR MATRIX.    NDIM=  25    NPAR=  8    ERR DEF=0.5
  1.697e-01  2.886e-01  1.218e-01  2.118e+01  2.192e+01  2.552e-03 -4.588e-01 -6.593e-09 
  2.886e-01  5.149e-01  2.101e-01  3.776e+01  3.908e+01  5.395e-03 -7.901e-01 -1.202e-08 
  1.218e-01  2.101e-01  9.376e-02  1.451e+01  1.502e+01  1.911e-03 -3.555e-01 -4.615e-09 
  2.118e+01  3.776e+01  1.451e+01  3.046e+03  3.141e+03  3.995e-01 -5.444e+01 -9.416e-07 
  2.192e+01  3.908e+01  1.502e+01  3.141e+03  1.066e+04  4.135e-01 -5.634e+01 -9.746e-07 
  2.552e-03  5.395e-03  1.911e-03  3.995e-01  4.135e-01  4.666e-03 -7.111e-03 -1.302e-10 
 -4.588e-01 -7.901e-01 -3.555e-01 -5.444e+01 -5.634e+01 -7.111e-03  1.363e+00  1.731e-08 
 -6.593e-09 -1.202e-08 -4.615e-09 -9.416e-07 -9.746e-07 -1.302e-10  1.731e-08  3.395e-13 
ERR MATRIX NOT POS-DEF
 PARAMETER  CORRELATION COEFFICIENTS  
       NO.  GLOBAL      1      2      3      4      5      6      7      8
        1  0.98668   1.000  0.976  0.966  0.932  0.515  0.091 -0.954 -0.027
        2  0.99090   0.976  1.000  0.956  0.953  0.528  0.110 -0.943 -0.029
        3  0.99702   0.966  0.956  1.000  0.859  0.475  0.091 -0.994 -0.026
        4  0.97807   0.932  0.953  0.859  1.000  0.551  0.106 -0.845 -0.029
        5  0.55133   0.515  0.528  0.475  0.551  1.000  0.059 -0.467 -0.016
        6  0.13464   0.091  0.110  0.091  0.106  0.059  1.000 -0.089 -0.003
        7  0.99495  -0.954 -0.943 -0.994 -0.845 -0.467 -0.089  1.000  0.025
        8  0.02954  -0.027 -0.029 -0.026 -0.029 -0.016 -0.003  0.025  1.000
 ERR MATRIX NOT POS-DEF
reduceEng varSubset = (Lb_DTF_M_JpsiLConstr) _wgtVar = totWt
 **********
 **   13 **SET PRINT           1
 **********
 **********
 **   14 **SET NOGRAD
 **********
 PARAMETER DEFINITIONS:
    NO.   NAME         VALUE      STEP SIZE      LIMITS
     1 a1_Run2      2.00000e+00  1.00000e-01    1.50000e+00  2.50000e+00
     2 a2_Run2      1.75000e+00  2.00000e-01    1.00000e+00  3.00000e+00
     3 lambda_Run2  -2.30000e+00  8.00000e-02   -2.80000e+00 -2.00000e+00
     4 mcnbkg_run2   1.23538e+04  2.47057e+03    1.00000e+00  2.47067e+04
     5 mcnsig_run2   2.47017e+04  2.50000e+00    1.23533e+04  2.47067e+04
     6 mean_Run2    5.61960e+03  2.00000e-01    5.61900e+03  5.62100e+03
     7 sigma_Run2   1.40000e+01  6.00000e-01    1.10000e+01  1.70000e+01
     8 tau_run2    -1.00000e-07  4.95000e-08   -1.00000e-05 -1.00000e-09
 **********
 **   15 **SET ERR         0.5
 **********
 **********
 **   16 **SET PRINT           1
 **********
 **********
 **   17 **SET STR           2
 **********
 NOW USING STRATEGY  2: MAKE SURE MINIMUM TRUE, ERRORS CORRECT  
 **********
 **   18 **MIGRAD        4000           1
 **********
 FIRST CALL TO USER FUNCTION AT NEW START POINT, WITH IFLAG=4.
 START MIGRAD MINIMIZATION.  STRATEGY  2.  CONVERGENCE WHEN EDM .LT. 1.00e-03
 MINUIT WARNING IN HESSE   
 ============== Negative diagonal element 5 in Error Matrix
 MINUIT WARNING IN HESSE   
 ============== 693.787 added to diagonal of error matrix
 COVARIANCE MATRIX CALCULATED SUCCESSFULLY
 FCN=-125913 FROM HESSE     STATUS=OK             87 CALLS          88 TOTAL
                     EDM=29896.1    STRATEGY= 2      ERROR MATRIX ACCURATE 
  EXT PARAMETER                                   STEP         FIRST   
  NO.   NAME      VALUE            ERROR          SIZE      DERIVATIVE 
   1  a1_Run2      2.00000e+00   1.82840e-02   5.00000e-01  -4.91803e+01
   2  a2_Run2      1.75000e+00   2.99442e-02   4.13636e-01  -1.74058e+02
   3  lambda_Run2  -2.30000e+00   1.34911e-02   4.77115e-01   2.32338e+02
   4  mcnbkg_run2   1.23538e+04   3.10147e+02   2.49046e-01   9.55026e+03
   5  mcnsig_run2   2.47017e+04   7.72846e+03   1.06244e-01   2.81417e+01
   6  mean_Run2    5.61960e+03   3.07331e-02   5.00000e-01  -1.50995e+02
   7  sigma_Run2   1.40000e+01   8.01512e-02   2.54603e-01   1.69411e+02
   8  tau_run2    -1.00000e-07   3.75766e-08   5.00000e-01  -7.07838e-05
                               ERR DEF= 0.5
 MIGRAD FAILS TO FIND IMPROVEMENT
 MACHINE ACCURACY LIMITS FURTHER IMPROVEMENT.
 MIGRAD MINIMIZATION HAS CONVERGED.
 MIGRAD WILL VERIFY CONVERGENCE AND ERROR MATRIX.
 MINUIT WARNING IN HESSE   
 ============== Negative diagonal element 8 in Error Matrix
 MINUIT WARNING IN HESSE   
 ============== 1 added to diagonal of error matrix
 EIGENVALUES OF SECOND-DERIVATIVE MATRIX:
        -3.2286e-01  7.8508e-01  9.4479e-01  9.9552e-01  1.0000e+00  1.0191e+00  1.0611e+00  2.5174e+00
 MINUIT WARNING IN HESSE   
 ============== MATRIX FORCED POS-DEF BY ADDING 0.325374 TO DIAGONAL.
 FCN=-134337 FROM HESSE     STATUS=NOT POSDEF     75 CALLS         753 TOTAL
                     EDM=0.00167844    STRATEGY= 2      ERR MATRIX NOT POS-DEF
  EXT PARAMETER                APPROXIMATE        STEP         FIRST   
  NO.   NAME      VALUE            ERROR          SIZE      DERIVATIVE 
   1  a1_Run2      2.04076e+00   3.41873e-01   4.54018e-02   1.22998e-01
   2  a2_Run2      2.28005e+00   4.62008e-01   3.25988e-02   2.89149e-01
   3  lambda_Run2  -2.00142e+00   4.57263e-01   1.07827e-01  -4.84999e-02
   4  mcnbkg_run2   1.00000e+00   6.76775e+00   9.44015e-03** at limit **
   5  mcnsig_run2   2.47064e+04   4.13717e+02   1.09572e-01   1.54222e-03
   6  mean_Run2    5.62009e+03   4.67032e-02   1.36763e-02   3.14290e-01
   7  sigma_Run2   1.42503e+01   1.05961e+00   7.37205e-03   1.39299e+00
   8  tau_run2    -9.99867e-08   1.73537e-06   5.00000e-01   5.68398e-07
                               ERR DEF= 0.5
 MIGRAD MINIMIZATION HAS CONVERGED.
 MIGRAD WILL VERIFY CONVERGENCE AND ERROR MATRIX.
 MINUIT WARNING IN HESSE   
 ============== Negative diagonal element 5 in Error Matrix
 MINUIT WARNING IN HESSE   
 ============== Negative diagonal element 8 in Error Matrix
 MINUIT WARNING IN HESSE   
 ============== 1.04695 added to diagonal of error matrix
 COVARIANCE MATRIX CALCULATED SUCCESSFULLY
 FCN=-134337 FROM MIGRAD    STATUS=CONVERGED     849 CALLS         850 TOTAL
                     EDM=9.12218e-05    STRATEGY= 2      ERROR MATRIX ACCURATE 
  EXT PARAMETER                                   STEP         FIRST   
  NO.   NAME      VALUE            ERROR          SIZE      DERIVATIVE 
   1  a1_Run2      2.03829e+00   1.05250e-01   4.36532e-02  -6.60889e-03
   2  a2_Run2      2.27470e+00   1.43200e-01   3.18730e-02  -1.70034e-03
   3  lambda_Run2  -2.00143e+00   5.07156e-01   8.62614e-03  -1.06574e-02
   4  mcnbkg_run2   1.00007e+00   8.43433e+00   9.46095e-03** at limit **
   5  mcnsig_run2   2.47064e+04   7.61969e+03   1.75315e-03   1.55384e-03
   6  mean_Run2    5.62009e+03   5.37784e-02   1.36758e-02  -2.34040e-03
   7  sigma_Run2   1.42461e+01   2.11506e-01   7.37126e-03   4.41381e-02
   8  tau_run2    -9.99872e-08   2.15993e-06   5.00000e-01   6.14818e-07
                               ERR DEF= 0.5
 EXTERNAL ERROR MATRIX.    NDIM=  25    NPAR=  8    ERR DEF=0.5
  1.125e-02  4.749e-03 -2.321e-03  2.305e-04 -1.321e-03 -2.051e-04 -9.930e-03  4.584e-14 
  4.749e-03  2.066e-02 -2.999e-03  3.733e-04 -2.140e-03  2.193e-04 -1.298e-02 -7.117e-14 
 -2.321e-03 -2.999e-03  1.578e-03  9.602e-06 -5.540e-05 -3.362e-06  7.627e-03  7.585e-16 
  2.305e-04  3.733e-04  9.602e-06  2.329e-03 -1.077e-02 -9.496e-07  4.224e-05  1.519e-14 
 -1.321e-03 -2.140e-03 -5.540e-05 -1.077e-02  3.084e+03  5.546e-06 -2.442e-04 -1.813e-12 
 -2.051e-04  2.193e-04 -3.362e-06 -9.496e-07  5.546e-06  2.895e-03 -5.065e-05 -6.603e-16 
 -9.930e-03 -1.298e-02  7.627e-03  4.224e-05 -2.442e-04 -5.065e-05  4.481e-02  4.071e-15 
  4.584e-14 -7.117e-14  7.585e-16  1.519e-14 -1.813e-12 -6.603e-16  4.071e-15  9.360e-13 
 PARAMETER  CORRELATION COEFFICIENTS  
       NO.  GLOBAL      1      2      3      4      5      6      7      8
        1  0.57085   1.000  0.312 -0.551  0.045 -0.000 -0.036 -0.442  0.000
        2  0.54242   0.312  1.000 -0.525  0.054 -0.000  0.028 -0.426 -0.000
        3  0.93158  -0.551 -0.525  1.000  0.005 -0.000 -0.002  0.907  0.000
        4  0.08874   0.045  0.054  0.005  1.000 -0.004 -0.000  0.004  0.000
        5  0.00402  -0.000 -0.000 -0.000 -0.004  1.000  0.000 -0.000 -0.000
        6  0.05576  -0.036  0.028 -0.002 -0.000  0.000  1.000 -0.004 -0.000
        7  0.91160  -0.442 -0.426  0.907  0.004 -0.000 -0.004  1.000  0.000
        8  0.00000   0.000 -0.000  0.000  0.000 -0.000 -0.000  0.000  1.000
 **********
 **   19 **SET ERR         0.5
 **********
 **********
 **   20 **SET PRINT           1
 **********
 **********
 **   21 **HESSE        4000
 **********
 MINUIT WARNING IN HESSE   
 ============== Negative diagonal element 8 in Error Matrix
 MINUIT WARNING IN HESSE   
 ============== 1 added to diagonal of error matrix
 COVARIANCE MATRIX CALCULATED SUCCESSFULLY
 FCN=-134337 FROM HESSE     STATUS=OK             79 CALLS         929 TOTAL
                     EDM=6.27088e-05    STRATEGY= 2      ERROR MATRIX ACCURATE 
  EXT PARAMETER                                INTERNAL      INTERNAL  
  NO.   NAME      VALUE            ERROR       STEP SIZE       VALUE   
   1  a1_Run2      2.03829e+00   1.00232e-01   5.00000e-01   7.66506e-02
   2  a2_Run2      2.27470e+00   1.34841e-01   2.54984e-04   2.78278e-01
   3  lambda_Run2  -2.00143e+00   1.63366e-01   3.45045e-04   1.65529e+00
   4  mcnbkg_run2   1.00007e+00   8.47727e+00   1.89219e-03  -3.29868e+01
                                 WARNING -   - ABOVE PARAMETER IS AT LIMIT.
   5  mcnsig_run2   2.47064e+04   3.23307e+01   5.00000e-01  -3.31447e+02
   6  mean_Run2    5.62009e+03   5.37638e-02   5.47032e-04   8.94335e-02
   7  sigma_Run2   1.42461e+01   1.72870e-01   2.94850e-04   6.36530e+00
   8  tau_run2    -9.99872e-08   2.25275e-06   1.00000e-01   1.37147e+00
                               ERR DEF= 0.5
 EXTERNAL ERROR MATRIX.    NDIM=  25    NPAR=  8    ERR DEF=0.5
  1.018e-02  2.630e-03 -1.265e-03  4.581e-05  9.925e-05 -1.600e-04 -4.783e-03 -8.010e-14 
  2.630e-03  1.830e-02 -1.890e-03  6.793e-05  1.472e-04  2.385e-04 -7.386e-03  3.456e-13 
 -1.265e-03 -1.890e-03  1.006e-03  1.651e-06  3.588e-06 -1.518e-05  4.710e-03 -5.771e-14 
  4.581e-05  6.793e-05  1.651e-06  2.341e-03  6.193e-04 -4.169e-09  5.667e-06 -9.082e-15 
  9.925e-05  1.472e-04  3.588e-06  6.193e-04  3.231e+01 -9.305e-09  1.233e-05 -1.912e-14 
 -1.600e-04  2.385e-04 -1.518e-05 -4.169e-09 -9.305e-09  2.893e-03 -1.006e-04 -4.983e-17 
 -4.783e-03 -7.386e-03  4.710e-03  5.667e-06  1.233e-05 -1.006e-04  2.992e-02 -2.669e-13 
 -8.010e-14  3.456e-13 -5.771e-14 -9.082e-15 -1.912e-14 -4.983e-17 -2.669e-13  9.800e-13 
 PARAMETER  CORRELATION COEFFICIENTS  
       NO.  GLOBAL      1      2      3      4      5      6      7      8
        1  0.41644   1.000  0.193 -0.395  0.009  0.000 -0.029 -0.274 -0.000
        2  0.45800   0.193  1.000 -0.440  0.010  0.000  0.033 -0.316  0.000
        3  0.88909  -0.395 -0.440  1.000  0.001  0.000 -0.009  0.859 -0.000
        4  0.01654   0.009  0.010  0.001  1.000  0.002 -0.000  0.001 -0.000
        5  0.00227   0.000  0.000  0.000  0.002  1.000 -0.000  0.000 -0.000
        6  0.04988  -0.029  0.033 -0.009 -0.000 -0.000  1.000 -0.011 -0.000
        7  0.86420  -0.274 -0.316  0.859  0.001  0.000 -0.011  1.000 -0.000
        8  0.00000  -0.000  0.000 -0.000 -0.000 -0.000 -0.000 -0.000  1.000
 **********
 **   22 **SET ERR         0.5
 **********
 **********
 **   23 **SET PRINT           1
 **********
 **********
 **   24 **HESSE        4000
 **********
 MINUIT WARNING IN HESSE   
 ============== Negative diagonal element 8 in Error Matrix
 MINUIT WARNING IN HESSE   
 ============== 1.00001 added to diagonal of error matrix
 COVARIANCE MATRIX CALCULATED SUCCESSFULLY
 FCN=-154746 FROM HESSE     STATUS=OK             99 CALLS        1028 TOTAL
                     EDM=4.67806    STRATEGY= 2      ERROR MATRIX ACCURATE 
  EXT PARAMETER                                INTERNAL      INTERNAL  
  NO.   NAME      VALUE            ERROR       STEP SIZE       VALUE   
   1  a1_Run2      2.03829e+00   1.06860e-01   5.00000e-01   7.66506e-02
   2  a2_Run2      2.27470e+00   1.38860e-01   5.09968e-05   2.78278e-01
   3  lambda_Run2  -2.00143e+00   1.02557e-02   7.03893e-03   1.65529e+00
   4  mcnbkg_run2   1.00007e+00   3.45800e+00   1.89039e-01  -3.29868e+01
                                 WARNING -   - ABOVE PARAMETER IS AT LIMIT.
   5  mcnsig_run2   2.47064e+04   2.85358e+01   5.00000e-01  -3.31447e+02
   6  mean_Run2    5.62009e+03   5.01392e-02   1.11595e-02   8.94335e-02
   7  sigma_Run2   1.42461e+01   9.10692e-02   6.01495e-03   6.36530e+00
   8  tau_run2    -9.99872e-08   2.25275e-06   5.00000e-01   1.37147e+00
                               ERR DEF= 0.5
 EXTERNAL ERROR MATRIX.    NDIM=  25    NPAR=  8    ERR DEF=0.5
  1.160e-02  3.710e-03 -9.382e-05  1.501e-03  3.262e-02 -2.072e-04  7.341e-04  6.911e-13 
  3.710e-03  1.942e-02 -1.360e-04  1.995e-03  4.334e-02  2.187e-04  7.403e-04  7.271e-13 
 -9.382e-05 -1.360e-04  5.890e-05  2.813e-07  5.912e-06 -7.762e-07  2.804e-04  3.430e-16 
  1.501e-03  1.995e-03  2.813e-07  9.548e-04  2.068e-02 -2.728e-06 -9.838e-05  3.973e-13 
  3.262e-02  4.334e-02  5.912e-06  2.068e-02  2.852e+01 -5.925e-05 -2.128e-03  8.612e-12 
 -2.072e-04  2.187e-04 -7.762e-07 -2.728e-06 -5.925e-05  2.516e-03 -2.411e-05 -2.387e-15 
  7.341e-04  7.403e-04  2.804e-04 -9.838e-05 -2.128e-03 -2.411e-05  8.296e-03 -4.067e-14 
  6.911e-13  7.271e-13  3.430e-16  3.973e-13  8.612e-12 -2.387e-15 -4.067e-14  9.800e-13 
 PARAMETER  CORRELATION COEFFICIENTS  
       NO.  GLOBAL      1      2      3      4      5      6      7      8
        1  0.49008   1.000  0.247 -0.114  0.451  0.057 -0.038  0.075  0.000
        2  0.50086   0.247  1.000 -0.127  0.463  0.058  0.031  0.058  0.000
        3  0.46839  -0.114 -0.127  1.000  0.001  0.000 -0.002  0.401  0.000
        4  0.60664   0.451  0.463  0.001  1.000  0.125 -0.002 -0.035  0.000
        5  0.12532   0.057  0.058  0.000  0.125  1.000 -0.000 -0.004  0.000
        6  0.05710  -0.038  0.031 -0.002 -0.002 -0.000  1.000 -0.005 -0.000
        7  0.45295   0.075  0.058  0.401 -0.035 -0.004 -0.005  1.000 -0.000
        8  0.00001   0.000  0.000  0.000  0.000  0.000 -0.000 -0.000  1.000
Importing Run 1 data
Run 1 nentries = 9432
Done making RooDataHist
RooDataHist::ds1[Lb_DTF_M_JpsiLConstr] = 325 bins (9432 weights)
Done importing Run 1 data
Importing Run 2 data
Run 2 nentries = 28920
Done making RooDataHist
RooDataHist::ds2[Lb_DTF_M_JpsiLConstr] = 325 bins (28920 weights)
Done importing Run 2 data
before sb fit
 **********
 **    1 **SET PRINT           1
 **********
 **********
 **    2 **SET NOGRAD
 **********
 PARAMETER DEFINITIONS:
    NO.   NAME         VALUE      STEP SIZE      LIMITS
     1 slope_Run2  -2.00000e+00  2.50000e-01   -5.00000e+00  0.00000e+00
 **********
 **    3 **SET ERR         0.5
 **********
 **********
 **    4 **SET PRINT           1
 **********
 **********
 **    5 **SET STR           1
 **********
 NOW USING STRATEGY  1: TRY TO BALANCE SPEED AGAINST RELIABILITY
 **********
 **    6 **MIGRAD         500           1
 **********
 FIRST CALL TO USER FUNCTION AT NEW START POINT, WITH IFLAG=4.
 START MIGRAD MINIMIZATION.  STRATEGY  1.  CONVERGENCE WHEN EDM .LT. 1.00e-03
 FCN=60.3971 FROM MIGRAD    STATUS=INITIATE        4 CALLS           5 TOTAL
                     EDM= unknown      STRATEGY= 1      NO ERROR MATRIX       
  EXT PARAMETER               CURRENT GUESS       STEP         FIRST   
  NO.   NAME      VALUE            ERROR          SIZE      DERIVATIVE 
   1  slope_Run2  -2.00000e+00   2.50000e-01   1.02263e-01  -7.69069e+00
                               ERR DEF= 0.5
 MIGRAD MINIMIZATION HAS CONVERGED.
 MIGRAD WILL VERIFY CONVERGENCE AND ERROR MATRIX.
 COVARIANCE MATRIX CALCULATED SUCCESSFULLY
 FCN=60.1001 FROM MIGRAD    STATUS=CONVERGED      19 CALLS          20 TOTAL
                     EDM=4.73453e-08    STRATEGY= 1      ERROR MATRIX ACCURATE 
  EXT PARAMETER                                   STEP         FIRST   
  NO.   NAME      VALUE            ERROR          SIZE      DERIVATIVE 
   1  slope_Run2  -1.83884e+00   1.80516e-01   4.23010e-04  -2.90344e-03
                               ERR DEF= 0.5
 EXTERNAL ERROR MATRIX.    NDIM=  25    NPAR=  1    ERR DEF=0.5
  3.265e-02 
 **********
 **    7 **SET ERR         0.5
 **********
 **********
 **    8 **SET PRINT           1
 **********
 **********
 **    9 **HESSE         500
 **********
 COVARIANCE MATRIX CALCULATED SUCCESSFULLY
 FCN=60.1001 FROM HESSE     STATUS=OK              5 CALLS          25 TOTAL
                     EDM=4.74259e-08    STRATEGY= 1      ERROR MATRIX ACCURATE 
  EXT PARAMETER                                INTERNAL      INTERNAL  
  NO.   NAME      VALUE            ERROR       STEP SIZE       VALUE   
   1  slope_Run2  -1.83884e+00   1.80516e-01   8.46020e-05   2.67646e-01
                               ERR DEF= 0.5
 EXTERNAL ERROR MATRIX.    NDIM=  25    NPAR=  1    ERR DEF=0.5
  3.265e-02 
RooDataHist::combData[sample,Lb_DTF_M_JpsiLConstr] = 650 bins (38352 weights)
Done importing combData and simPdf
**********Printing w after all imports***********

RooWorkspace(w) w contents

variables
---------
(Lb_DTF_M_JpsiLConstr,R,R_1405,R_1520,R_1600,a1_Run1,a1_Run2,a2_Run1,a2_Run2,eff_ratio1,eff_ratio2,eff_ratio_1405_1,eff_ratio_1405_2,eff_ratio_1520_1,eff_ratio_1520_2,eff_ratio_1600_1,eff_ratio_1600_2,geff_ratio1,geff_ratio2,geff_ratio_1405_1,geff_ratio_1405_2,geff_ratio_1520_1,geff_ratio_1520_2,geff_ratio_1600_1,geff_ratio_1600_2,gnXib1,gnXib2,gshift_Xib,lambda_Run1,lambda_Run2,mcnbkg_run1,mcnbkg_run2,mcnsig_run1,mcnsig_run2,mean_Run1,mean_Run2,miscLstMean_Run1,miscLstMean_Run2,miscLstSigma_Run1,miscLstSigma_Run2,nBkg_Run1,nBkg_Run2,nJpsiKs_Run1,nJpsiKs_Run2,nLb_Run1,nLb_Run2,nMiscLst_Run1,nMiscLst_Run2,nXib1,nXib2,nXib_JpsiLambda_Run1,nXib_JpsiLambda_Run2,sample,shift_Xib,sigma_Run1,sigma_Run2,slope_Run1,slope_Run2,tau_run1,tau_run2)

p.d.f.s
-------
RooExponential::Bkg_Run1[ x=Lb_DTF_M_JpsiLConstr c=Bkg_Run1_2 ] = 5.82432e-24
RooExponential::Bkg_Run2[ x=Lb_DTF_M_JpsiLConstr c=Bkg_Run2_2 ] = 2.11869e-34
RooKeysPdf::JPSIKS_RUN1[ x=Lb_DTF_M_JpsiLConstr ] = 3.37769e-05
RooKeysPdf::JPSIKS_RUN2[ x=Lb_DTF_M_JpsiLConstr ] = 3.19321e-05
RooKeysPdf::LST1405_Run1[ x=Lb_DTF_M_JpsiLConstr ] = 0.00174239
RooKeysPdf::LST1405_Run2[ x=Lb_DTF_M_JpsiLConstr ] = 0.00187829
RooKeysPdf::LST1520_Run1[ x=Lb_DTF_M_JpsiLConstr ] = 0.00114159
RooKeysPdf::LST1520_Run2[ x=Lb_DTF_M_JpsiLConstr ] = 0.00125866
RooKeysPdf::LST1600_Run1[ x=Lb_DTF_M_JpsiLConstr ] = 0.000695252
RooKeysPdf::LST1600_Run2[ x=Lb_DTF_M_JpsiLConstr ] = 0.000804991
RooHypatia2::Lb_Run1[ x=Lb_DTF_M_JpsiLConstr l=lambda_Run1 zeta=0 fb=0 sigma=sigma_Run1 mu=mean_Run1 a=a1_Run1 n=2 a2=a2_Run1 n2=2 ] = 5.82386e-05
RooHypatia2::Lb_Run2[ x=Lb_DTF_M_JpsiLConstr l=lambda_Run2 zeta=0 fb=0 sigma=sigma_Run2 mu=mean_Run2 a=a1_Run2 n=2 a2=a2_Run2 n2=2 ] = 5.25705e-05
RooKeysPdf::SIG_Run1[ x=Lb_DTF_M_JpsiLConstr ] = 9.61565e-05
RooKeysPdf::SIG_Run2[ x=Lb_DTF_M_JpsiLConstr ] = 6.18992e-05
RooKeysPdf::XIB_RUN1[ x=Lb_DTF_M_JpsiLConstr ] = 0.00197687
RooKeysPdf::XIB_RUN2[ x=Lb_DTF_M_JpsiLConstr ] = 0.0016554
RooHypatia2::Xib_Run1[ x=Lb_DTF_M_JpsiLConstr l=lambda_Run1 zeta=0 fb=0 sigma=sigma_Run1 mu=XibMean_Run1 a=a1_Run1 n=2 a2=a2_Run1 n2=2 ] = 2.08908e-05
RooHypatia2::Xib_Run2[ x=Lb_DTF_M_JpsiLConstr l=lambda_Run2 zeta=0 fb=0 sigma=sigma_Run2 mu=XibMean_Run2 a=a1_Run2 n=2 a2=a2_Run2 n2=2 ] = 1.87316e-05
RooGaussian::eff_ratio_1405_constraint1[ x=geff_ratio_1405_1 mean=eff_ratio_1405_1 sigma=0.007725 ] = 1
RooGaussian::eff_ratio_1405_constraint2[ x=geff_ratio_1405_2 mean=eff_ratio_1405_2 sigma=0.009647 ] = 1
RooGaussian::eff_ratio_1520_constraint1[ x=geff_ratio_1520_1 mean=eff_ratio_1520_1 sigma=0.006903 ] = 1
RooGaussian::eff_ratio_1520_constraint2[ x=geff_ratio_1520_2 mean=eff_ratio_1520_2 sigma=0.010383 ] = 1
RooGaussian::eff_ratio_1600_constraint1[ x=geff_ratio_1600_1 mean=eff_ratio_1600_1 sigma=0.006067 ] = 1
