Info in <StandardHypoTestInvDemo>: Model ModelConfig has no snapshot  - make one using model poi
Info in <StandardHypoTestInvDemo>: Using Minuit as minimizer for computing the test statistic
Info in <StandardHypoTestInvDemo>:  Doing a first fit to the observed data 
Info in <TCanvas::Print>: pdf file ../plots/ANA/CLs_Hypatia_Expo_4700_6200_config8_config1.pdf has been created
###############################
Input file exists! Hurray!
Printing contents of w1 from input file

RooWorkspace(w1) w1 contents

variables
---------
(GB_WT,Lb_DTF_M_JpsiLConstr,sample,totWt,wt_tau)

p.d.f.s
-------
RooKeysPdf::JPSIKS_RUN1[ x=Lb_DTF_M_JpsiLConstr ] = 0.004878
RooKeysPdf::JPSIKS_RUN2[ x=Lb_DTF_M_JpsiLConstr ] = 0.00465202
RooKeysPdf::LST1405_Run1[ x=Lb_DTF_M_JpsiLConstr ] = 0.000189521
RooKeysPdf::LST1405_Run2[ x=Lb_DTF_M_JpsiLConstr ] = 0.000224459
RooKeysPdf::LST1520_Run1[ x=Lb_DTF_M_JpsiLConstr ] = 8.26641e-05
RooKeysPdf::LST1520_Run2[ x=Lb_DTF_M_JpsiLConstr ] = 9.03052e-05
RooKeysPdf::LST1600_Run1[ x=Lb_DTF_M_JpsiLConstr ] = 5.63586e-05
RooKeysPdf::LST1600_Run2[ x=Lb_DTF_M_JpsiLConstr ] = 6.50797e-05
RooKeysPdf::SIG_Run1[ x=Lb_DTF_M_JpsiLConstr ] = 0.00422082
RooKeysPdf::SIG_Run2[ x=Lb_DTF_M_JpsiLConstr ] = 0.0043037
RooKeysPdf::XIB_RUN1[ x=Lb_DTF_M_JpsiLConstr ] = 0.0023874
RooKeysPdf::XIB_RUN2[ x=Lb_DTF_M_JpsiLConstr ] = 0.00194346

datasets
--------
RooDataSet::ds_sig_Run1(Lb_DTF_M_JpsiLConstr,GB_WT,wt_tau,totWt)
RooDataSet::ds_sig_wt_Run1(Lb_DTF_M_JpsiLConstr)
RooDataSet::ds_sig_Run2(Lb_DTF_M_JpsiLConstr,GB_WT,wt_tau,totWt)
RooDataSet::ds_sig_wt_Run2(Lb_DTF_M_JpsiLConstr)
RooDataSet::ds_1405_Run1(Lb_DTF_M_JpsiLConstr)
RooDataSet::ds_1405_Run2(Lb_DTF_M_JpsiLConstr)
RooDataSet::ds_1520_Run1(Lb_DTF_M_JpsiLConstr)
RooDataSet::ds_1520_Run2(Lb_DTF_M_JpsiLConstr)
RooDataSet::ds_1600_Run1(Lb_DTF_M_JpsiLConstr)
RooDataSet::ds_1600_Run2(Lb_DTF_M_JpsiLConstr)
RooDataSet::ds_xi_Run1(Lb_DTF_M_JpsiLConstr,GB_WT)
RooDataSet::ds_xi_wt_Run1(Lb_DTF_M_JpsiLConstr)
RooDataSet::ds_xi_Run2(Lb_DTF_M_JpsiLConstr,GB_WT)
RooDataSet::ds_xi_wt_Run2(Lb_DTF_M_JpsiLConstr)
RooDataSet::ds_jpsiks_Run1(Lb_DTF_M_JpsiLConstr)
RooDataSet::ds_jpsiks_Run2(Lb_DTF_M_JpsiLConstr)
RooDataHist::ds1(Lb_DTF_M_JpsiLConstr)
RooDataHist::ds2(Lb_DTF_M_JpsiLConstr)
RooDataHist::combData(sample,Lb_DTF_M_JpsiLConstr)

#######################################
[#1] INFO:Eval -- RooRealVar::setRange(Lb_DTF_M_JpsiLConstr) new range named 'signal_window' created with bounds [5365,5600]
[#1] INFO:Eval -- RooRealVar::setRange(Lb_DTF_M_JpsiLConstr) new range named 'sideband_window' created with bounds [5800,6200]
[#1] INFO:Eval -- RooRealVar::setRange(Lb_DTF_M_JpsiLConstr) new range named 'simFit_window' created with bounds [5500,5740]
@@@@@@@@@@@@@@@@@@@@@@@@@@@@@@@@@@@@@@@
Get Xib Normalization
@@@@@@@@@@@@@@@@@@@@@@@@@@@@@@@@@@@@@@@
xibYield = 36.361+/-7.75666+/-3.27249
UNWEIGHTED Xib->JpsiXi Eff = 0.0631 % +/- 0.0014 %
WEIGHTED Xib->JpsiXi Eff = 0.0728 % +/- 0.0015 %
UNWEIGHTED Xib->JpsiLambda Eff = 0.0132 % +/-0.0006 %
WEIGHTED Xib->JpsiLambda Eff = 0.0206 % +/-0.0008 %
UNWEIGTED Norm = 14.5657440917+/-3.10721719881+/-1.75902771285
WEIGHTED Norm = 19.7817735369+/-4.21991946104+/-2.32839133356
BREAKUP OF SYSTEMATICS:
Overall Syst     = 11.7703871658%
*Tracking        = 5.0%
*Xi Vtx          = 1.4%
*Xib Yield       = 9.0%
*Xib->JpsiL eff  = 3.9095705964%
*Xib->JpsiXi eff = 2.08057811171%
*tauXib-/tauXib0 = 3.3118675253%
************************************************
The UNWEIGHTED LL Xib normalization for Run 1 is 14.5657 +/- 3.10722 +/- 1.75903
The WEIGHTED LL Xib normalization for Run 1 is 19.7818 +/- 4.21992 +/- 2.32839
************************************************
xibYield = 173.281+/-16.4207+/-10.39686
UNWEIGHTED Xib->JpsiXi Eff = 0.0650 % +/- 0.0014 %
WEIGHTED Xib->JpsiXi Eff = 0.0725 % +/- 0.0015 %
UNWEIGHTED Xib->JpsiLambda Eff = 0.0135 % +/-0.0006 %
WEIGHTED Xib->JpsiLambda Eff = 0.0193 % +/-0.0008 %
UNWEIGTED Norm = 69.0523186819+/-6.54363380509+/-6.89764588014
WEIGHTED Norm = 88.7369885688+/-8.40902042458+/-8.60571592043
BREAKUP OF SYSTEMATICS:
Overall Syst     = 9.69800312049%
*Tracking        = 5.0%
*Xi Vtx          = 1.4%
*Xib Yield       = 6.0%
*Xib->JpsiL eff  = 3.96355158547%
*Xib->JpsiXi eff = 2.10072769515%
*tauXib-/tauXib0 = 3.3118675253%
************************************************
The UNWEIGHTED LL Xib normalization for Run 2 is 69.0523 +/- 6.54363 +/- 6.89765
The WEIGHTED LL Xib normalization for Run 2 is 88.737 +/- 8.40902 +/- 8.60572
************************************************
@@@@@@@@@@@@@@@@@@@@@@@@@@@@@@@@@@@@@@@
Get Lb -> J/psi Lambda efficiency
@@@@@@@@@@@@@@@@@@@@@@@@@@@@@@@@@@@@@@@
************************************************
Run 1 UNWEIGHTED Jpsi Lambda Eff = 0.104129 % +/- 0.0012682 %
Run 1 WEIGHTED Jpsi Lambda Eff = 0.122673 % +/- 0.0014399 %
************************************************
************************************************
Run 2 UNWEIGHTED Jpsi Lambda Eff = 0.104194 % +/- 0.000778626 %
Run 2 WEIGHTED Jpsi Lambda Eff = 0.101552 % +/- 0.000804386 %
************************************************
@@@@@@@@@@@@@@@@@@@@@@@@@@@@@@@@@@@@@@@
Get Lb -> J/psi Sigma efficiency and shape
@@@@@@@@@@@@@@@@@@@@@@@@@@@@@@@@@@@@@@@
************************************************
Run 1 UNWEIGHTED Jpsi Sigma Eff = 0.0852773 % +/- 0.00173868 %
Run 1 WEIGHTED Jpsi Sigma Eff = 0.100428 % +/- 0.0019963 %
************************************************
***************************************
Run 1 UNWEIGHTED Lambda/Sigma efficiency ratio = 1.22107 +/- 0.0289994
Run 1 WEIGHTED Lambda/Sigma efficiency ratio   = 1.22149 +/- 0.0281978
***************************************
Done importing Jpsi Sigma shape
************************************************
Run 2 UNWEIGHTED Jpsi Sigma Eff = 0.0947768 % +/- 0.000971455 %
Run 2 WEIGHTED Jpsi Sigma Eff = 0.0938155 % +/- 0.00102941 %
************************************************
***************************************
Run 2 UNWEIGHTED Lambda/Sigma efficiency ratio = 1.09936 +/- 0.0139452
Run 2 WEIGHTED Lambda/Sigma efficiency ratio   = 1.08246 +/- 0.0146489
***************************************
Done importing Jpsi Sigma shape
@@@@@@@@@@@@@@@@@@@@@@@@@@@@@@@@@@@@@@@
Get Lb -> J/psi Lst(1405) efficiency and shape
@@@@@@@@@@@@@@@@@@@@@@@@@@@@@@@@@@@@@@@
************************************************
Run 1 UNWEIGHTED Jpsi /(1405) Eff = 0.0667345 % +/- 0.000523883 %
Run 1 WEIGHTED Jpsi /(1405) Eff = 0.0674378 % +/- 0.000518289 %
************************************************
***************************************
Run 1 UNWEIGHTED /(1405)/Lambda efficiency ratio = 0.544005 +/- 0.00768188
Run 1 WEIGHTED /(1405)/Lambda efficiency ratio   = 0.549738 +/- 0.00771283
***************************************
Done importing Jpsi Lst(1405) shape
************************************************
Run 2 UNWEIGHTED Jpsi /(1405) Eff = 0.0619535 % +/- 0.000758227 %
Run 2 WEIGHTED Jpsi /(1405) Eff = 0.0621224 % +/- 0.000756583 %
************************************************
***************************************
Run 2 UNWEIGHTED /(1405)/Lambda efficiency ratio = 0.610069 +/- 0.00889376
Run 2 WEIGHTED /(1405)/Lambda efficiency ratio   = 0.611732 +/- 0.00888734
***************************************
Done importing Jpsi Lst(1405) shape
************************************************
Run 1 UNWEIGHTED Jpsi /(1520) Eff = 0.0558282 % +/- 0.000486057 %
Run 1 WEIGHTED Jpsi /(1520) Eff = 0.0565725 % +/- 0.000482109 %
************************************************
***************************************
Run 1 UNWEIGHTED /(1520)/Lambda efficiency ratio = 0.455099 +/- 0.00665091
Run 1 WEIGHTED /(1520)/Lambda efficiency ratio   = 0.461167 +/- 0.00668929
***************************************
Done importing Jpsi Lst(1520) shape
************************************************
Run 2 UNWEIGHTED Jpsi /(1520) Eff = 0.0505781 % +/- 0.000809454 %
Run 2 WEIGHTED Jpsi /(1520) Eff = 0.0508326 % +/- 0.000810613 %
************************************************
***************************************
Run 2 UNWEIGHTED /(1520)/Lambda efficiency ratio = 0.498054 +/- 0.00889372
Run 2 WEIGHTED /(1520)/Lambda efficiency ratio   = 0.500559 +/- 0.00891276
***************************************
Done importing Jpsi Lst(1520) shape
************************************************
Run 1 UNWEIGHTED Jpsi /(1600) Eff = 0.048693 % +/- 0.000432407 %
Run 1 WEIGHTED Jpsi /(1600) Eff = 0.0493321 % +/- 0.00042877 %
************************************************
***************************************
Run 1 UNWEIGHTED /(1600)/Lambda efficiency ratio = 0.396935 +/- 0.00584228
Run 1 WEIGHTED /(1600)/Lambda efficiency ratio   = 0.402145 +/- 0.00587348
***************************************
Done importing Jpsi Lst(1600) shape
************************************************
Run 2 UNWEIGHTED Jpsi /(1600) Eff = 0.0429117 % +/- 0.000584514 %
Run 2 WEIGHTED Jpsi /(1600) Eff = 0.0431254 % +/- 0.000584047 %
************************************************
***************************************
Run 2 UNWEIGHTED /(1600)/Lambda efficiency ratio = 0.42256 +/- 0.00665827
Run 2 WEIGHTED /(1600)/Lambda efficiency ratio   = 0.424666 +/- 0.0066627
***************************************
Done importing Jpsi Lst(1600) shape
***************************************
Get J/psi Xi shape from MC
***************************************
Done importing Xib shape
Done importing Xib shape
***************************************
Get J/psi Ks shape from MC
***************************************
Done importing Xib shape
Done defining J/psi Lambda Hypatia shapes
*****UING EXPONENTIAL BKG SHAPE*****
Done defining cont. bkg exp. shapes
Done defining Misc Lambda* Gaussian shapes
RooDataSet::ds_sim1[Lb_DTF_M_JpsiLConstr,GB_WT,wt_tau] = 7558 entries
RooDataSet::ds_sim_wt1[Lb_DTF_M_JpsiLConstr,weight:totWt] = 7558 entries (8225.93 weighted)
mcNentries = 8225.93
RooDataSet::ds_sim2[Lb_DTF_M_JpsiLConstr,GB_WT,wt_tau] = 22259 entries
RooDataSet::ds_sim_wt2[Lb_DTF_M_JpsiLConstr,weight:totWt] = 22259 entries (19287.8 weighted)
mcNentries = 19287.8
reduceEng varSubset = (Lb_DTF_M_JpsiLConstr) _wgtVar = totWt
 **********
 **    1 **SET PRINT           1
 **********
 **********
 **    2 **SET NOGRAD
 **********
 PARAMETER DEFINITIONS:
    NO.   NAME         VALUE      STEP SIZE      LIMITS
     1 a1_Run1      1.80000e+00  1.00000e-01    1.00000e+00  2.00000e+00
     2 a2_Run1      1.70000e+00  4.00000e-02    1.50000e+00  1.90000e+00
     3 lambda_Run1  -2.59000e+00  8.00000e-02   -2.80000e+00 -2.00000e+00
     4 mcnbkg_run1   4.11346e+03  8.22493e+02    1.00000e+00  8.22593e+03
     5 mcnsig_run1   8.22093e+03  2.50000e+00    4.11296e+03  8.22593e+03
     6 mean_Run1    5.61960e+03  2.00000e-01    5.61900e+03  5.62100e+03
     7 sigma_Run1   1.50000e+01  6.00000e-01    1.20000e+01  1.80000e+01
     8 tau_run1    -1.00000e-07  4.95000e-08   -1.00000e-05 -1.00000e-09
 **********
 **    3 **SET ERR         0.5
 **********
 **********
 **    4 **SET PRINT           1
 **********
 **********
 **    5 **SET STR           2
 **********
 NOW USING STRATEGY  2: MAKE SURE MINIMUM TRUE, ERRORS CORRECT  
 **********
 **    6 **MIGRAD        4000           1
 **********
 FIRST CALL TO USER FUNCTION AT NEW START POINT, WITH IFLAG=4.
 START MIGRAD MINIMIZATION.  STRATEGY  2.  CONVERGENCE WHEN EDM .LT. 1.00e-03
 MINUIT WARNING IN HESSE   
 ============== Negative diagonal element 5 in Error Matrix
 MINUIT WARNING IN HESSE   
 ============== 210.057 added to diagonal of error matrix
 COVARIANCE MATRIX CALCULATED SUCCESSFULLY
 FCN=-33263.8 FROM HESSE     STATUS=OK             81 CALLS          82 TOTAL
                     EDM=11374.3    STRATEGY= 2      ERROR MATRIX ACCURATE 
  EXT PARAMETER                                   STEP         FIRST   
  NO.   NAME      VALUE            ERROR          SIZE      DERIVATIVE 
   1  a1_Run1      1.80000e+00   2.57365e-02   5.00000e-01  -1.62212e+01
   2  a2_Run1      1.70000e+00   1.36161e-02   5.00000e-01  -1.05933e+01
   3  lambda_Run1  -2.59000e+00   2.06566e-02   3.73088e-01   8.04119e+01
   4  mcnbkg_run1   4.11346e+03   1.88510e+02   2.35568e-01   3.24492e+03
   5  mcnsig_run1   8.22093e+03   2.59804e+03   1.84199e-01   1.50397e+01
   6  mean_Run1    5.61960e+03   5.36728e-02   4.34279e-01  -2.43796e+01
   7  sigma_Run1   1.50000e+01   1.45573e-01   2.41112e-01   1.03285e+02
   8  tau_run1    -1.00000e-07   6.82525e-08   5.00000e-01  -7.01644e-04
                               ERR DEF= 0.5
 MINUIT WARNING IN MIGRAD  
 ============== Negative diagonal element 4 in Error Matrix
 MINUIT WARNING IN MIGRAD  
 ============== Negative diagonal element 5 in Error Matrix
 MINUIT WARNING IN MIGRAD  
 ============== Negative diagonal element 7 in Error Matrix
 MINUIT WARNING IN MIGRAD  
 ============== 28.2159 added to diagonal of error matrix
 MINUIT WARNING IN MIGRAD  
 ============== Negative diagonal element 2 in Error Matrix
 MINUIT WARNING IN MIGRAD  
 ============== Negative diagonal element 3 in Error Matrix
 MINUIT WARNING IN MIGRAD  
 ============== Negative diagonal element 7 in Error Matrix
 MINUIT WARNING IN MIGRAD  
 ============== 4.24282 added to diagonal of error matrix
 MIGRAD FAILS TO FIND IMPROVEMENT
 EIGENVALUES OF SECOND-DERIVATIVE MATRIX:
        -8.1689e-02  4.8212e-01  8.9328e-01  9.7857e-01  1.0000e+00  1.0397e+00  1.1338e+00  2.5542e+00
 MINUIT WARNING IN HESSE   
 ============== MATRIX FORCED POS-DEF BY ADDING 0.084243 TO DIAGONAL.
 FCN=-36114.2 FROM HESSE     STATUS=NOT POSDEF     81 CALLS         971 TOTAL
                     EDM=0.00164519    STRATEGY= 2      ERR MATRIX NOT POS-DEF
  EXT PARAMETER                APPROXIMATE        STEP         FIRST   
  NO.   NAME      VALUE            ERROR          SIZE      DERIVATIVE 
   1  a1_Run1      1.58414e+00   4.12587e-01   2.59837e-02  -2.99146e-02
   2  a2_Run1      1.50185e+00   2.00864e-01   3.17130e-01  -4.11030e-03
   3  lambda_Run1  -2.58582e+00   6.62662e-01   1.30436e-02   3.62826e-04
   4  mcnbkg_run1   1.00000e+00   3.33199e+01   1.16156e-02** at limit **
   5  mcnsig_run1   8.22504e+03   5.71281e+02   9.50897e-02  -5.95085e-04
   6  mean_Run1    5.61983e+03   1.06045e-01   1.19404e-02  -4.69058e-02
   7  sigma_Run1   1.59318e+01   1.39856e+00   7.58042e-03   9.74948e-03
   8  tau_run1    -4.12943e-08   9.00681e-06   5.00000e-01  -4.63315e-06
                               ERR DEF= 0.5
 MIGRAD FAILS TO FIND IMPROVEMENT
 EIGENVALUES OF SECOND-DERIVATIVE MATRIX:
        -4.9672e-02  5.1696e-01  8.9332e-01  9.8013e-01  1.0000e+00  1.0416e+00  1.1302e+00  2.4874e+00
 MINUIT WARNING IN HESSE   
 ============== MATRIX FORCED POS-DEF BY ADDING 0.052160 TO DIAGONAL.
 FCN=-36114.2 FROM HESSE     STATUS=NOT POSDEF     77 CALLS        1095 TOTAL
                     EDM=0.000473464    STRATEGY= 2      ERR MATRIX NOT POS-DEF
  EXT PARAMETER                APPROXIMATE        STEP         FIRST   
  NO.   NAME      VALUE            ERROR          SIZE      DERIVATIVE 
   1  a1_Run1      1.58645e+00   4.12390e-01   2.69376e-02  -1.89082e-02
   2  a2_Run1      1.50529e+00   2.01509e-01   2.53704e-01  -1.58490e-03
   3  lambda_Run1  -2.58319e+00   6.63052e-01   1.04349e-02  -3.47539e-02
   4  mcnbkg_run1   1.00043e+00   2.93492e+01   1.18843e-02** at limit **
   5  mcnsig_run1   8.22503e+03   2.91710e+03   1.52144e-02  -5.34661e-04
   6  mean_Run1    5.61983e+03   9.75540e-02   1.19412e-02  -2.57163e-02
   7  sigma_Run1   1.59244e+01   1.54577e+00   7.57544e-03   1.45515e-01
   8  tau_run1    -3.62679e-08   5.72188e-06   5.00000e-01  -4.38296e-06
                               ERR DEF= 0.5
 MINUIT WARNING IN MIGRAD  
 ============== Negative diagonal element 1 in Error Matrix
 MINUIT WARNING IN MIGRAD  
 ============== Negative diagonal element 2 in Error Matrix
 MINUIT WARNING IN MIGRAD  
 ============== Negative diagonal element 3 in Error Matrix
 MINUIT WARNING IN MIGRAD  
 ============== Negative diagonal element 5 in Error Matrix
 MINUIT WARNING IN MIGRAD  
 ============== Negative diagonal element 7 in Error Matrix
 MINUIT WARNING IN MIGRAD  
 ============== 48.3063 added to diagonal of error matrix
 EIGENVALUES OF SECOND-DERIVATIVE MATRIX:
        -1.0466e-01  9.9998e-01  1.0000e+00  1.0001e+00  1.0012e+00  1.0034e+00  1.0069e+00  2.0931e+00
 MINUIT WARNING IN MIGRAD  
 ============== MATRIX FORCED POS-DEF BY ADDING 0.106756 TO DIAGONAL.
 MIGRAD FAILS TO FIND IMPROVEMENT
 MIGRAD MINIMIZATION HAS CONVERGED.
 MIGRAD WILL VERIFY CONVERGENCE AND ERROR MATRIX.
 EIGENVALUES OF SECOND-DERIVATIVE MATRIX:
        -2.4869e-02  5.5704e-01  8.9235e-01  9.7757e-01  1.0000e+00  1.0405e+00  1.1277e+00  2.4297e+00
 MINUIT WARNING IN HESSE   
 ============== MATRIX FORCED POS-DEF BY ADDING 0.027298 TO DIAGONAL.
 MIGRAD TERMINATED WITHOUT CONVERGENCE.
 FCN=-36114.2 FROM MIGRAD    STATUS=FAILED       1399 CALLS        1400 TOTAL
                     EDM=0.00173764    STRATEGY= 2      ERR MATRIX NOT POS-DEF
  EXT PARAMETER                APPROXIMATE        STEP         FIRST   
  NO.   NAME      VALUE            ERROR          SIZE      DERIVATIVE 
   1  a1_Run1      1.59156e+00   4.07634e-01   2.63948e-02  -7.11478e-03
   2  a2_Run1      1.51017e+00   3.58842e-01   1.85955e-01  -3.39417e-03
   3  lambda_Run1  -2.57644e+00   6.61272e-01   1.28267e-02   2.62526e-02
   4  mcnbkg_run1   1.00005e+00   2.28755e+01   1.19477e-02** at limit **
   5  mcnsig_run1   8.22509e+03   5.83210e+02   9.86098e-02  -9.41593e-04
   6  mean_Run1    5.61983e+03   9.31993e-02   1.19376e-02   1.19832e-02
   7  sigma_Run1   1.58981e+01   1.65202e+00   7.52835e-03  -3.55476e-02
   8  tau_run1    -4.55650e-08   5.87774e-06   5.00000e-01   4.93692e-06
                               ERR DEF= 0.5
 EXTERNAL ERROR MATRIX.    NDIM=  25    NPAR=  8    ERR DEF=0.5
  2.310e-01 -2.594e-01  2.534e-01 -1.614e-02 -4.912e-01 -1.237e-02  8.193e-01  3.978e-07 
 -2.594e-01  3.116e-01 -2.967e-01  1.904e-02  5.795e-01  1.598e-02 -9.582e-01 -4.993e-07 
  2.534e-01 -2.967e-01  2.909e-01 -1.771e-02 -5.388e-01 -1.475e-02  9.451e-01  4.612e-07 
 -1.614e-02  1.904e-02 -1.771e-02  4.446e-03  1.172e-01  9.625e-04 -5.700e-02 -6.036e-08 
 -4.912e-01  5.795e-01 -5.388e-01  1.172e-01  2.060e+03  2.929e-02 -1.735e+00 -1.837e-06 
 -1.237e-02  1.598e-02 -1.475e-02  9.625e-04  2.929e-02  8.712e-03 -4.746e-02 -2.612e-08 
  8.193e-01 -9.582e-01  9.451e-01 -5.700e-02 -1.735e+00 -4.746e-02  3.101e+00  1.486e-06 
  3.978e-07 -4.993e-07  4.612e-07 -6.036e-08 -1.837e-06 -2.612e-08  1.486e-06  1.199e-08 
ERR MATRIX NOT POS-DEF
 PARAMETER  CORRELATION COEFFICIENTS  
       NO.  GLOBAL      1      2      3      4      5      6      7      8
        1  0.97919   1.000 -0.967  0.978 -0.504 -0.023 -0.276  0.968  0.008
        2  0.98750  -0.967  1.000 -0.985  0.512  0.023  0.307 -0.975 -0.008
        3  0.99794   0.978 -0.985  1.000 -0.492 -0.022 -0.293  0.995  0.008
        4  0.52543  -0.504  0.512 -0.492  1.000  0.039  0.155 -0.485 -0.008
        5  0.03891  -0.023  0.023 -0.022  0.039  1.000  0.007 -0.022 -0.000
        6  0.31749  -0.276  0.307 -0.293  0.155  0.007  1.000 -0.289 -0.003
        7  0.99576   0.968 -0.975  0.995 -0.485 -0.022 -0.289  1.000  0.008
        8  0.00958   0.008 -0.008  0.008 -0.008 -0.000 -0.003  0.008  1.000
 ERR MATRIX NOT POS-DEF
 **********
 **    7 **SET ERR         0.5
 **********
 **********
 **    8 **SET PRINT           1
 **********
 **********
 **    9 **HESSE        4000
 **********
 EIGENVALUES OF SECOND-DERIVATIVE MATRIX:
        -8.9414e-02  2.1484e-01  8.8920e-01  9.6317e-01  1.0000e+00  1.1074e+00  1.1612e+00  2.7536e+00
 MINUIT WARNING IN HESSE   
 ============== MATRIX FORCED POS-DEF BY ADDING 0.092167 TO DIAGONAL.
 FCN=-36114.2 FROM HESSE     STATUS=NOT POSDEF    103 CALLS        1503 TOTAL
                     EDM=0.00236156    STRATEGY= 2      ERR MATRIX NOT POS-DEF
  EXT PARAMETER                APPROXIMATE     INTERNAL      INTERNAL  
  NO.   NAME      VALUE            ERROR       STEP SIZE       VALUE   
   1  a1_Run1      1.59156e+00   6.99545e-01   2.15382e-02  -3.32576e+00
   2  a2_Run1      1.51017e+00   3.50429e-01   5.00000e-01   5.03259e+00
   3  lambda_Run1  -2.57644e+00   6.34845e-01   5.13069e-04   2.24480e+01
   4  mcnbkg_run1   1.00005e+00   6.06635e+01   1.67191e-01  -3.65996e+02
                                 WARNING -   - ABOVE PARAMETER IS AT LIMIT.
   5  mcnsig_run1   8.22509e+03   3.68719e+01   5.00000e-01  -2.05300e+03
   6  mean_Run1    5.61983e+03   9.62578e-02   4.77503e-04  -6.44964e+00
   7  sigma_Run1   1.58981e+01   1.23260e+00   3.01134e-04   5.68527e+01
   8  tau_run1    -4.55650e-08   9.63428e-06   5.00000e-01   1.70442e+00
                               ERR DEF= 0.5
 EXTERNAL ERROR MATRIX.    NDIM=  25    NPAR=  8    ERR DEF=0.5
  3.439e-01 -3.885e-01  2.642e-01 -6.155e-02 -2.827e+00 -2.416e-02  7.201e-01  4.357e-06 
 -3.885e-01  4.560e-01 -3.064e-01  7.150e-02  3.284e+00  2.928e-02 -8.350e-01 -5.090e-06 
  2.642e-01 -3.064e-01  2.110e-01 -4.761e-02 -2.187e+00 -1.944e-02  5.799e-01  3.389e-06 
 -6.155e-02  7.150e-02 -4.761e-02  1.181e-02  5.420e-01  4.556e-03 -1.296e-01 -8.330e-07 
 -2.827e+00  3.284e+00 -2.187e+00  5.420e-01  1.243e+02  2.093e-01 -5.952e+00 -3.826e-05 
 -2.416e-02  2.928e-02 -1.944e-02  4.556e-03  2.093e-01  9.295e-03 -5.287e-02 -3.251e-07 
  7.201e-01 -8.350e-01  5.799e-01 -1.296e-01 -5.952e+00 -5.287e-02  1.624e+00  9.226e-06 
  4.357e-06 -5.090e-06  3.389e-06 -8.330e-07 -3.826e-05 -3.251e-07  9.226e-06  1.133e-08 
ERR MATRIX NOT POS-DEF
 PARAMETER  CORRELATION COEFFICIENTS  
       NO.  GLOBAL      1      2      3      4      5      6      7      8
        1  0.98670   1.000 -0.981  0.981 -0.966 -0.432 -0.427  0.964  0.070
        2  0.99419  -0.981  1.000 -0.988  0.974  0.436  0.450 -0.970 -0.071
        3  0.99733   0.981 -0.988  1.000 -0.954 -0.427 -0.439  0.991  0.069
        4  0.97964  -0.966  0.974 -0.954  1.000  0.447  0.435 -0.936 -0.072
        5  0.44736  -0.432  0.436 -0.427  0.447  1.000  0.195 -0.419 -0.032
        6  0.45530  -0.427  0.450 -0.439  0.435  0.195  1.000 -0.430 -0.032
        7  0.99237   0.964 -0.970  0.991 -0.936 -0.419 -0.430  1.000  0.068
        8  0.07208   0.070 -0.071  0.069 -0.072 -0.032 -0.032  0.068  1.000
 ERR MATRIX NOT POS-DEF
 **********
 **   10 **SET ERR         0.5
 **********
 **********
 **   11 **SET PRINT           1
 **********
 **********
 **   12 **HESSE        4000
 **********
 COVARIANCE MATRIX CALCULATED SUCCESSFULLY
 FCN=-50523.3 FROM HESSE     STATUS=OK             99 CALLS        1602 TOTAL
                     EDM=0.665185    STRATEGY= 2      ERROR MATRIX ACCURATE 
  EXT PARAMETER                                INTERNAL      INTERNAL  
  NO.   NAME      VALUE            ERROR       STEP SIZE       VALUE   
   1  a1_Run1      1.59156e+00   1.24257e-01   1.75752e-02  -3.32576e+00
   2  a2_Run1      1.51017e+00   4.97425e-02   8.16000e-02   5.03259e+00
   3  lambda_Run1  -2.57644e+00   1.28914e-01   1.04666e-02   2.24480e+01
   4  mcnbkg_run1   1.00005e+00   2.99410e+00   1.85335e-01  -3.65996e+02
                                 WARNING -   - ABOVE PARAMETER IS AT LIMIT.
   5  mcnsig_run1   8.22509e+03   2.35316e+01   5.00000e-01  -2.05300e+03
   6  mean_Run1    5.61983e+03   7.60986e-02   9.74107e-03  -6.44964e+00
   7  sigma_Run1   1.58981e+01   5.23069e-01   6.14313e-03   5.68527e+01
   8  tau_run1    -4.55650e-08   5.74008e-06   5.00000e-01   1.70442e+00
                               ERR DEF= 0.5
 EXTERNAL ERROR MATRIX.    NDIM=  25    NPAR=  8    ERR DEF=0.5
  1.578e-02 -2.511e-03  1.130e-02 -6.313e-05 -3.393e-03  8.109e-04  4.096e-02 -5.059e-09 
 -2.511e-03  2.174e-03 -2.919e-03  9.718e-05  5.291e-03  4.696e-05 -1.035e-02 -6.448e-09 
  1.130e-02 -2.919e-03  1.739e-02  1.183e-03  6.429e-02  5.581e-04  6.674e-02 -8.117e-08 
 -6.313e-05  9.718e-05  1.183e-03  5.815e-04  3.133e-02  1.579e-05  4.448e-03 -3.654e-08 
 -3.393e-03  5.291e-03  6.429e-02  3.133e-02  7.924e+01  8.612e-04  2.418e-01 -1.992e-06 
  8.109e-04  4.696e-05  5.581e-04  1.579e-05  8.612e-04  5.803e-03  2.184e-03 -1.399e-09 
  4.096e-02 -1.035e-02  6.674e-02  4.448e-03  2.418e-01  2.184e-03  2.767e-01 -3.052e-07 
 -5.059e-09 -6.448e-09 -8.117e-08 -3.654e-08 -1.992e-06 -1.399e-09 -3.052e-07  4.424e-09 
 PARAMETER  CORRELATION COEFFICIENTS  
       NO.  GLOBAL      1      2      3      4      5      6      7      8
        1  0.75859   1.000 -0.429  0.682 -0.021 -0.003  0.085  0.620 -0.001
        2  0.57081  -0.429  1.000 -0.475  0.086  0.013  0.013 -0.422 -0.002
        3  0.97391   0.682 -0.475  1.000  0.372  0.055  0.056  0.962 -0.009
        4  0.60218  -0.021  0.086  0.372  1.000  0.146  0.009  0.351 -0.023
        5  0.14597  -0.003  0.013  0.055  0.146  1.000  0.001  0.052 -0.003
        6  0.10214   0.085  0.013  0.056  0.009  0.001  1.000  0.054 -0.000
        7  0.96491   0.620 -0.422  0.962  0.351  0.052  0.054  1.000 -0.009
        8  0.02282  -0.001 -0.002 -0.009 -0.023 -0.003 -0.000 -0.009  1.000
reduceEng varSubset = (Lb_DTF_M_JpsiLConstr) _wgtVar = totWt
 **********
 **   13 **SET PRINT           1
 **********
 **********
 **   14 **SET NOGRAD
 **********
 PARAMETER DEFINITIONS:
    NO.   NAME         VALUE      STEP SIZE      LIMITS
     1 a1_Run2      2.00000e+00  1.00000e-01    1.50000e+00  2.50000e+00
     2 a2_Run2      1.75000e+00  2.00000e-01    1.00000e+00  3.00000e+00
     3 lambda_Run2  -2.30000e+00  8.00000e-02   -2.80000e+00 -2.00000e+00
     4 mcnbkg_run2   9.64438e+03  1.92868e+03    1.00000e+00  1.92878e+04
     5 mcnsig_run2   1.92828e+04  2.50000e+00    9.64388e+03  1.92878e+04
     6 mean_Run2    5.61960e+03  2.00000e-01    5.61900e+03  5.62100e+03
     7 sigma_Run2   1.40000e+01  6.00000e-01    1.10000e+01  1.70000e+01
     8 tau_run2    -1.00000e-07  4.95000e-08   -1.00000e-05 -1.00000e-09
 **********
 **   15 **SET ERR         0.5
 **********
 **********
 **   16 **SET PRINT           1
 **********
 **********
 **   17 **SET STR           2
 **********
 NOW USING STRATEGY  2: MAKE SURE MINIMUM TRUE, ERRORS CORRECT  
 **********
 **   18 **MIGRAD        4000           1
 **********
 FIRST CALL TO USER FUNCTION AT NEW START POINT, WITH IFLAG=4.
 START MIGRAD MINIMIZATION.  STRATEGY  2.  CONVERGENCE WHEN EDM .LT. 1.00e-03
 MINUIT WARNING IN HESSE   
 ============== Negative diagonal element 5 in Error Matrix
 MINUIT WARNING IN HESSE   
 ============== 528.968 added to diagonal of error matrix
 COVARIANCE MATRIX CALCULATED SUCCESSFULLY
 FCN=-93737.4 FROM HESSE     STATUS=OK             83 CALLS          84 TOTAL
                     EDM=24438.2    STRATEGY= 2      ERROR MATRIX ACCURATE 
  EXT PARAMETER                                   STEP         FIRST   
  NO.   NAME      VALUE            ERROR          SIZE      DERIVATIVE 
   1  a1_Run2      2.00000e+00   2.09041e-02   5.00000e-01  -3.88174e+01
   2  a2_Run2      1.75000e+00   3.40057e-02   3.98092e-01  -1.37577e+02
   3  lambda_Run2  -2.30000e+00   1.54509e-02   4.67700e-01   1.98576e+02
   4  mcnbkg_run2   9.64438e+03   2.79218e+02   2.48928e-01   7.50011e+03
   5  mcnsig_run2   1.92828e+04   6.04442e+03   1.20252e-01   2.43448e+01
   6  mean_Run2    5.61960e+03   3.52258e-02   5.00000e-01  -1.33700e+02
   7  sigma_Run2   1.40000e+01   9.16110e-02   2.49688e-01   1.66176e+02
   8  tau_run2    -1.00000e-07   4.30311e-08   5.00000e-01  -4.68867e-04
                               ERR DEF= 0.5
 MIGRAD FAILS TO FIND IMPROVEMENT
 MIGRAD MINIMIZATION HAS CONVERGED.
 MIGRAD WILL VERIFY CONVERGENCE AND ERROR MATRIX.
 MINUIT WARNING IN HESSE   
 ============== Negative diagonal element 8 in Error Matrix
 MINUIT WARNING IN HESSE   
 ============== 1.00001 added to diagonal of error matrix
 EIGENVALUES OF SECOND-DERIVATIVE MATRIX:
        -1.5177e-02  7.9853e-01  9.4808e-01  9.9833e-01  1.0000e+00  1.0079e+00  1.0584e+00  2.2040e+00
 MINUIT WARNING IN HESSE   
 ============== MATRIX FORCED POS-DEF BY ADDING 0.017381 TO DIAGONAL.
 FCN=-100406 FROM HESSE     STATUS=NOT POSDEF     73 CALLS        1214 TOTAL
                     EDM=0.00623032    STRATEGY= 2      ERR MATRIX NOT POS-DEF
  EXT PARAMETER                APPROXIMATE        STEP         FIRST   
  NO.   NAME      VALUE            ERROR          SIZE      DERIVATIVE 
   1  a1_Run2      2.09158e+00   4.02947e-01   5.00888e-02   6.09818e-02
   2  a2_Run2      2.30358e+00   6.27501e-01   3.56956e-02  -1.78039e-01
   3  lambda_Run2  -2.02254e+00   6.28647e-01   2.95258e-02   1.79970e-01
   4  mcnbkg_run2   1.00002e+00   5.43450e+00   7.40392e-03** at limit **
   5  mcnsig_run2   1.92877e+04   1.76711e+03   3.89641e-02   8.24972e-04
   6  mean_Run2    5.62015e+03   5.96793e-02   1.33149e-02  -8.23905e-02
   7  sigma_Run2   1.41745e+01   1.25135e+00   7.14274e-03  -7.05560e-01
   8  tau_run2    -9.99961e-08   2.21747e-06   5.00000e-01   1.91787e-06
                               ERR DEF= 0.5
 MIGRAD FAILS TO FIND IMPROVEMENT
 MACHINE ACCURACY LIMITS FURTHER IMPROVEMENT.
 MIGRAD MINIMIZATION HAS CONVERGED.
 MIGRAD WILL VERIFY CONVERGENCE AND ERROR MATRIX.
 MINUIT WARNING IN HESSE   
 ============== Negative diagonal element 8 in Error Matrix
 MINUIT WARNING IN HESSE   
 ============== 1.00001 added to diagonal of error matrix
 EIGENVALUES OF SECOND-DERIVATIVE MATRIX:
        -1.6707e-02  8.0058e-01  9.4802e-01  9.9895e-01  1.0000e+00  1.0071e+00  1.0584e+00  2.2036e+00
 MINUIT WARNING IN HESSE   
 ============== MATRIX FORCED POS-DEF BY ADDING 0.018911 TO DIAGONAL.
 FCN=-100406 FROM MIGRAD    STATUS=CONVERGED    1345 CALLS        1346 TOTAL
                     EDM=0.000970512    STRATEGY= 2      ERR MATRIX NOT POS-DEF
  EXT PARAMETER                APPROXIMATE        STEP         FIRST   
  NO.   NAME      VALUE            ERROR          SIZE      DERIVATIVE 
   1  a1_Run2      2.08725e+00   4.03687e-01   4.99293e-02  -8.69069e-04
   2  a2_Run2      2.29599e+00   5.99131e-01   3.44465e-02   1.65064e-02
   3  lambda_Run2  -2.02440e+00   6.11900e-01   2.89667e-02  -2.58302e-02
   4  mcnbkg_run2   1.00001e+00   5.33121e+00   7.38930e-03** at limit **
   5  mcnsig_run2   1.92877e+04   1.99213e+03   3.11713e-02   9.63465e-04
   6  mean_Run2    5.62015e+03   5.96410e-02   1.33144e-02  -1.63915e-03
   7  sigma_Run2   1.41847e+01   1.25517e+00   7.14505e-03   2.33001e-02
   8  tau_run2    -9.99982e-08   2.21442e-06   5.00000e-01   1.95774e-06
                               ERR DEF= 0.5
 EXTERNAL ERROR MATRIX.    NDIM=  25    NPAR=  8    ERR DEF=0.5
  2.240e-01 -2.905e-01 -1.294e-01  1.537e-04  1.105e-03 -1.118e-03 -5.928e-01 -6.349e-14 
 -2.905e-01  4.194e-01  1.770e-01 -2.192e-04 -1.576e-03  2.202e-03  8.115e-01  2.785e-13 
 -1.294e-01  1.770e-01  7.896e-02 -5.804e-05 -4.175e-04  8.451e-04  3.629e-01  8.161e-14 
  1.537e-04 -2.192e-04 -5.804e-05  2.032e-04  8.082e-04 -5.926e-07 -2.671e-04  7.856e-15 
  1.105e-03 -1.576e-03 -4.175e-04  8.082e-04  4.166e+02 -4.265e-06 -1.921e-03  6.578e-14 
 -1.118e-03  2.202e-03  8.451e-04 -5.926e-07 -4.265e-06  3.561e-03  3.930e-03  1.735e-15 
 -5.928e-01  8.115e-01  3.629e-01 -2.671e-04 -1.921e-03  3.930e-03  1.677e+00  3.748e-13 
 -6.349e-14  2.785e-13  8.161e-14  7.856e-15  6.578e-14  1.735e-15  3.748e-13  9.619e-13 
ERR MATRIX NOT POS-DEF
 PARAMETER  CORRELATION COEFFICIENTS  
       NO.  GLOBAL      1      2      3      4      5      6      7      8
        1  0.97336   1.000 -0.948 -0.973  0.023  0.000 -0.040 -0.967 -0.000
        2  0.97357  -0.948  1.000  0.973 -0.024 -0.000  0.057  0.967  0.000
        3  0.99798  -0.973  0.973  1.000 -0.014 -0.000  0.050  0.997  0.000
        4  0.05841   0.023 -0.024 -0.014  1.000  0.003 -0.001 -0.014  0.000
        5  0.00278   0.000 -0.000 -0.000  0.003  1.000 -0.000 -0.000  0.000
        6  0.07414  -0.040  0.057  0.050 -0.001 -0.000  1.000  0.051  0.000
        7  0.99720  -0.967  0.967  0.997 -0.014 -0.000  0.051  1.000  0.000
        8  0.00000  -0.000  0.000  0.000  0.000  0.000  0.000  0.000  1.000
 ERR MATRIX NOT POS-DEF
 **********
 **   19 **HESSE        4000
 **********
 MINUIT WARNING IN HESSE   
 ============== Negative diagonal element 8 in Error Matrix
 MINUIT WARNING IN HESSE   
 ============== 1.00001 added to diagonal of error matrix
 EIGENVALUES OF SECOND-DERIVATIVE MATRIX:
        -9.0191e-03  7.5186e-01  9.3632e-01  9.9859e-01  1.0000e+00  1.0015e+00  1.0743e+00  2.2464e+00
 MINUIT WARNING IN HESSE   
 ============== MATRIX FORCED POS-DEF BY ADDING 0.011266 TO DIAGONAL.
 FCN=-100406 FROM HESSE     STATUS=NOT POSDEF     77 CALLS        1423 TOTAL
                     EDM=0.00089429    STRATEGY= 2      ERR MATRIX NOT POS-DEF
  EXT PARAMETER                APPROXIMATE     INTERNAL      INTERNAL  
  NO.   NAME      VALUE            ERROR       STEP SIZE       VALUE   
   1  a1_Run2      2.08725e+00   4.01093e-01   3.99434e-04   1.75396e-01
   2  a2_Run2      2.29599e+00   6.82907e-01   5.00000e-01   2.84110e+00
   3  lambda_Run2  -2.02440e+00   6.12874e-01   2.31734e-04   8.20506e+00
   4  mcnbkg_run2   1.00001e+00   5.38057e+00   1.47786e-03  -1.14668e+02
                                 WARNING -   - ABOVE PARAMETER IS AT LIMIT.
   5  mcnsig_run2   1.92877e+04   3.19333e+01   5.00000e-01  -1.01631e+03
   6  mean_Run2    5.62015e+03   6.09906e-02   1.06515e-04   2.99339e+00
   7  sigma_Run2   1.41847e+01   1.17426e+00   2.85802e-04   1.89111e+01
   8  tau_run2    -9.99982e-08   2.22976e-06   1.00000e-01   1.37146e+00
                               ERR DEF= 0.5
 EXTERNAL ERROR MATRIX.    NDIM=  25    NPAR=  8    ERR DEF=0.5
  2.198e-01 -3.418e-01 -1.284e-01  7.652e-05  4.440e-04 -5.090e-03 -5.462e-01  1.521e-13 
 -3.418e-01  5.789e-01  2.109e-01 -1.208e-04 -7.009e-04  9.253e-03  8.975e-01 -8.098e-13 
 -1.284e-01  2.109e-01  7.934e-02 -4.028e-05 -2.337e-04  3.317e-03  3.387e-01 -2.190e-13 
  7.652e-05 -1.208e-04 -4.028e-05  2.051e-04  5.176e-05 -1.753e-06 -1.716e-04 -4.519e-15 
  4.440e-04 -7.009e-04 -2.337e-04  5.176e-05  6.203e+00 -1.017e-05 -9.955e-04 -2.603e-14 
 -5.090e-03  9.253e-03  3.317e-03 -1.753e-06 -1.017e-05  3.725e-03  1.417e-02 -1.482e-14 
 -5.462e-01  8.975e-01  3.387e-01 -1.716e-04 -9.955e-04  1.417e-02  1.456e+00 -9.325e-13 
  1.521e-13 -8.098e-13 -2.190e-13 -4.519e-15 -2.603e-14 -1.482e-14 -9.325e-13  9.692e-13 
ERR MATRIX NOT POS-DEF
 PARAMETER  CORRELATION COEFFICIENTS  
       NO.  GLOBAL      1      2      3      4      5      6      7      8
        1  0.97295   1.000 -0.958 -0.972  0.011  0.000 -0.178 -0.966  0.000
        2  0.98473  -0.958  1.000  0.984 -0.011 -0.000  0.199  0.978 -0.000
        3  0.99797  -0.972  0.984  1.000 -0.010 -0.000  0.193  0.997 -0.000
        4  0.01433   0.011 -0.011 -0.010  1.000  0.001 -0.002 -0.010 -0.000
        5  0.00152   0.000 -0.000 -0.000  0.001  1.000 -0.000 -0.000 -0.000
        6  0.20479  -0.178  0.199  0.193 -0.002 -0.000  1.000  0.192 -0.000
        7  0.99675  -0.966  0.978  0.997 -0.010 -0.000  0.192  1.000 -0.000
        8  0.00000   0.000 -0.000 -0.000 -0.000 -0.000 -0.000 -0.000  1.000
 ERR MATRIX NOT POS-DEF
 **********
 **   20 **SET ERR         0.5
 **********
 **********
 **   21 **SET PRINT           1
 **********
 **********
 **   22 **HESSE        4000
 **********
 MINUIT WARNING IN HESSE   
 ============== Negative diagonal element 8 in Error Matrix
 MINUIT WARNING IN HESSE   
 ============== 1.00001 added to diagonal of error matrix
 EIGENVALUES OF SECOND-DERIVATIVE MATRIX:
        -8.6977e-03  7.5201e-01  9.3644e-01  9.9978e-01  1.0000e+00  1.0002e+00  1.0742e+00  2.2460e+00
 MINUIT WARNING IN HESSE   
 ============== MATRIX FORCED POS-DEF BY ADDING 0.010944 TO DIAGONAL.
 FCN=-100406 FROM HESSE     STATUS=NOT POSDEF     77 CALLS        1500 TOTAL
                     EDM=0.000895083    STRATEGY= 2      ERR MATRIX NOT POS-DEF
  EXT PARAMETER                APPROXIMATE     INTERNAL      INTERNAL  
  NO.   NAME      VALUE            ERROR       STEP SIZE       VALUE   
   1  a1_Run2      2.08725e+00   4.00862e-01   7.98868e-05   1.75396e-01
   2  a2_Run2      2.29599e+00   6.82843e-01   5.00000e-01   2.84110e+00
   3  lambda_Run2  -2.02440e+00   6.12890e-01   4.63467e-05   8.20506e+00
   4  mcnbkg_run2   1.00001e+00   5.38225e+00   2.95572e-04  -1.14668e+02
                                 WARNING -   - ABOVE PARAMETER IS AT LIMIT.
   5  mcnsig_run2   1.92877e+04   3.19434e+01   5.00000e-01  -1.01631e+03
   6  mean_Run2    5.62015e+03   6.10215e-02   2.13030e-05   2.99339e+00
   7  sigma_Run2   1.41847e+01   1.17451e+00   5.71604e-05   1.89111e+01
   8  tau_run2    -9.99982e-08   2.23041e-06   2.00000e-02   1.37146e+00
                               ERR DEF= 0.5
 EXTERNAL ERROR MATRIX.    NDIM=  25    NPAR=  8    ERR DEF=0.5
  2.194e-01 -3.415e-01 -1.283e-01  1.105e-05  4.247e-04 -5.132e-03 -5.458e-01 -1.419e-11 
 -3.415e-01  5.788e-01  2.109e-01 -1.745e-05 -6.709e-04  9.328e-03  8.976e-01  2.232e-11 
 -1.283e-01  2.109e-01  7.935e-02 -5.795e-06 -2.237e-04  3.345e-03  3.388e-01  8.505e-12 
  1.105e-05 -1.745e-05 -5.795e-06  2.052e-04  7.706e-06 -2.520e-07 -2.469e-05 -6.484e-16 
  4.247e-04 -6.709e-04 -2.237e-04  7.706e-06  6.205e+00 -9.822e-06 -9.531e-04 -5.729e-14 
 -5.132e-03  9.328e-03  3.345e-03 -2.520e-07 -9.822e-06  3.728e-03  1.429e-02  2.200e-13 
 -5.458e-01  8.976e-01  3.388e-01 -2.469e-05 -9.531e-04  1.429e-02  1.457e+00  3.625e-11 
 -1.419e-11  2.232e-11  8.505e-12 -6.484e-16 -5.729e-14  2.200e-13  3.625e-11  9.695e-13 
ERR MATRIX NOT POS-DEF
 PARAMETER  CORRELATION COEFFICIENTS  
       NO.  GLOBAL      1      2      3      4      5      6      7      8
        1  0.97290   1.000 -0.958 -0.972  0.002  0.000 -0.179 -0.965 -0.000
        2  0.98472  -0.958  1.000  0.984 -0.002 -0.000  0.201  0.978  0.000
        3  0.99797  -0.972  0.984  1.000 -0.001 -0.000  0.194  0.997  0.000
        4  0.00210   0.002 -0.002 -0.001  1.000  0.000 -0.000 -0.001 -0.000
        5  0.00050   0.000 -0.000 -0.000  0.000  1.000 -0.000 -0.000 -0.000
        6  0.20623  -0.179  0.201  0.194 -0.000 -0.000  1.000  0.194  0.000
        7  0.99675  -0.965  0.978  0.997 -0.001 -0.000  0.194  1.000  0.000
        8  0.00003  -0.000  0.000  0.000 -0.000 -0.000  0.000  0.000  1.000
 ERR MATRIX NOT POS-DEF
 **********
 **   23 **SET ERR         0.5
 **********
 **********
 **   24 **SET PRINT           1
 **********
 **********
 **   25 **HESSE        4000
 **********
 MINUIT WARNING IN HESSE   
 ============== Negative diagonal element 8 in Error Matrix
 MINUIT WARNING IN HESSE   
 ============== 1.00002 added to diagonal of error matrix
 COVARIANCE MATRIX CALCULATED SUCCESSFULLY
 FCN=-115393 FROM HESSE     STATUS=OK             99 CALLS        1599 TOTAL
                     EDM=13.5064    STRATEGY= 2      ERROR MATRIX ACCURATE 
  EXT PARAMETER                                INTERNAL      INTERNAL  
  NO.   NAME      VALUE            ERROR       STEP SIZE       VALUE   
   1  a1_Run2      2.08725e+00   1.66942e-01   1.62969e-03   1.75396e-01
   2  a2_Run2      2.29599e+00   2.82356e-01   5.00000e-01   2.84110e+00
   3  lambda_Run2  -2.02440e+00   3.09843e-02   9.45473e-04   8.20506e+00
   4  mcnbkg_run2   1.00001e+00   5.47531e+00   1.88712e-01  -1.14668e+02
                                 WARNING -   - ABOVE PARAMETER IS AT LIMIT.
   5  mcnsig_run2   1.92877e+04   2.88319e+01   5.00000e-01  -1.01631e+03
   6  mean_Run2    5.62015e+03   5.62399e-02   4.34582e-04   2.99339e+00
   7  sigma_Run2   1.41847e+01   1.52048e-01   1.16607e-03   1.89111e+01
   8  tau_run2    -9.99982e-08   2.25275e-06   4.08000e-01   1.37146e+00
                               ERR DEF= 0.5
 EXTERNAL ERROR MATRIX.    NDIM=  25    NPAR=  8    ERR DEF=0.5
  2.901e-02 -3.098e-02 -3.132e-03  1.600e-03  4.180e-02 -1.048e-04 -8.546e-03  1.227e-13 
 -3.098e-02  8.216e-02  6.205e-03 -2.883e-03 -7.529e-02  1.476e-03  1.720e-02 -1.907e-13 
 -3.132e-03  6.205e-03  9.767e-04 -1.873e-04 -4.890e-03  9.741e-05  3.644e-03 -1.280e-14 
  1.600e-03 -2.883e-03 -1.873e-04  2.087e-04  5.438e-03 -3.746e-05 -5.526e-04  1.487e-14 
  4.180e-02 -7.529e-02 -4.890e-03  5.438e-03  5.600e+00 -9.779e-04 -1.442e-02  3.891e-13 
