************************
************************
************************
************************
************************
************************
************************
************************
************************
************************
Wed Aug 21 16:30:42 EDT 2019
-------------------------
Set LHCb Style - Feb 2012
-------------------------
inputFlag = 1
#######################################
Input file exists! Hurray!
Printing contents of w1 from input file

RooWorkspace(w1) w1 contents

variables
---------
(GB_WT,Lb_DTF_M_JpsiLConstr,sample,totWt,wt_tau)

p.d.f.s
-------
RooKeysPdf::JPSIKS_RUN1[ x=Lb_DTF_M_JpsiLConstr ] = 2.39657e-05
RooKeysPdf::JPSIKS_RUN2[ x=Lb_DTF_M_JpsiLConstr ] = 2.86147e-05
RooKeysPdf::LST1405_Run1[ x=Lb_DTF_M_JpsiLConstr ] = 0.0018786
RooKeysPdf::LST1405_Run2[ x=Lb_DTF_M_JpsiLConstr ] = 0.00198616
RooKeysPdf::LST1520_Run1[ x=Lb_DTF_M_JpsiLConstr ] = 0.00124217
RooKeysPdf::LST1520_Run2[ x=Lb_DTF_M_JpsiLConstr ] = 0.00134727
RooKeysPdf::LST1600_Run1[ x=Lb_DTF_M_JpsiLConstr ] = 0.000750152
RooKeysPdf::LST1600_Run2[ x=Lb_DTF_M_JpsiLConstr ] = 0.000874526
RooKeysPdf::SIG_Run1[ x=Lb_DTF_M_JpsiLConstr ] = 8.5698e-05
RooKeysPdf::SIG_Run2[ x=Lb_DTF_M_JpsiLConstr ] = 4.5016e-05
RooKeysPdf::XIB_RUN1[ x=Lb_DTF_M_JpsiLConstr ] = 0.0015857
RooKeysPdf::XIB_RUN2[ x=Lb_DTF_M_JpsiLConstr ] = 0.00151193

datasets
--------
RooDataSet::ds_sig_Run1(Lb_DTF_M_JpsiLConstr,GB_WT,wt_tau,totWt)
RooDataSet::ds_sig_wt_Run1(Lb_DTF_M_JpsiLConstr)
RooDataSet::ds_sig_Run2(Lb_DTF_M_JpsiLConstr,GB_WT,wt_tau,totWt)
RooDataSet::ds_sig_wt_Run2(Lb_DTF_M_JpsiLConstr)
RooDataSet::ds_1405_Run1(Lb_DTF_M_JpsiLConstr)
RooDataSet::ds_1405_Run2(Lb_DTF_M_JpsiLConstr)
RooDataSet::ds_1520_Run1(Lb_DTF_M_JpsiLConstr)
RooDataSet::ds_1520_Run2(Lb_DTF_M_JpsiLConstr)
RooDataSet::ds_1600_Run1(Lb_DTF_M_JpsiLConstr)
RooDataSet::ds_1600_Run2(Lb_DTF_M_JpsiLConstr)
RooDataSet::ds_xi_Run1(Lb_DTF_M_JpsiLConstr,GB_WT)
RooDataSet::ds_xi_wt_Run1(Lb_DTF_M_JpsiLConstr)
RooDataSet::ds_xi_Run2(Lb_DTF_M_JpsiLConstr,GB_WT)
RooDataSet::ds_xi_wt_Run2(Lb_DTF_M_JpsiLConstr)
RooDataSet::ds_jpsiks_Run1(Lb_DTF_M_JpsiLConstr)
RooDataSet::ds_jpsiks_Run2(Lb_DTF_M_JpsiLConstr)
RooDataHist::ds1(Lb_DTF_M_JpsiLConstr)
RooDataHist::ds2(Lb_DTF_M_JpsiLConstr)
RooDataHist::combData(sample,Lb_DTF_M_JpsiLConstr)

#######################################
[#1] INFO:Eval -- RooRealVar::setRange(Lb_DTF_M_JpsiLConstr) new range named 'signal_window' created with bounds [5365,5600]
[#1] INFO:Eval -- RooRealVar::setRange(Lb_DTF_M_JpsiLConstr) new range named 'sideband_window' created with bounds [5800,6000]
[#1] INFO:Eval -- RooRealVar::setRange(Lb_DTF_M_JpsiLConstr) new range named 'simFit_window' created with bounds [5500,5740]
@@@@@@@@@@@@@@@@@@@@@@@@@@@@@@@@@@@@@@@
Get Xib Normalization
@@@@@@@@@@@@@@@@@@@@@@@@@@@@@@@@@@@@@@@
xibYield = 36.361+/-7.75666+/-3.27249
UNWEIGHTED Xib->JpsiXi Eff = 0.0631 % +/- 0.0014 %
WEIGHTED Xib->JpsiXi Eff = 0.0728 % +/- 0.0015 %
UNWEIGHTED Xib->JpsiLambda Eff = 0.0172 % +/-0.0007 %
WEIGHTED Xib->JpsiLambda Eff = 0.0251 % +/-0.0009 %
UNWEIGTED Norm = 19.0425206722+/-4.06221936682+/-2.25800608293
WEIGHTED Norm = 24.0446807467+/-5.12929824155+/-2.8023310206
BREAKUP OF SYSTEMATICS:
Overall Syst     = 11.6546817574%
*Tracking        = 5.0%
*Xi Vtx          = 1.4%
*Xib Yield       = 9.0%
*Xib->JpsiL eff  = 3.54603089118%
*Xib->JpsiXi eff = 2.08057811171%
*tauXib-/tauXib0 = 3.3118675253%
************************************************
The UNWEIGHTED LL Xib normalization for Run 1 is 19.0425 +/- 4.06222 +/- 2.25801
The WEIGHTED LL Xib normalization for Run 1 is 24.0447 +/- 5.1293 +/- 2.80233
************************************************
xibYield = 173.281+/-16.4207+/-10.39686
UNWEIGHTED Xib->JpsiXi Eff = 0.0650 % +/- 0.0014 %
WEIGHTED Xib->JpsiXi Eff = 0.0725 % +/- 0.0015 %
UNWEIGHTED Xib->JpsiLambda Eff = 0.0213 % +/-0.0008 %
WEIGHTED Xib->JpsiLambda Eff = 0.0292 % +/-0.0009 %
UNWEIGTED Norm = 109.123364427+/-10.340903101+/-10.4620379019
WEIGHTED Norm = 133.874002936+/-12.6863582274+/-12.6121487769
BREAKUP OF SYSTEMATICS:
Overall Syst     = 9.42090958691%
*Tracking        = 5.0%
*Xi Vtx          = 1.4%
*Xib Yield       = 6.0%
*Xib->JpsiL eff  = 3.22676526732%
*Xib->JpsiXi eff = 2.10072769515%
*tauXib-/tauXib0 = 3.3118675253%
************************************************
The UNWEIGHTED LL Xib normalization for Run 2 is 109.123 +/- 10.3409 +/- 10.462
The WEIGHTED LL Xib normalization for Run 2 is 133.874 +/- 12.6864 +/- 12.6121
************************************************
@@@@@@@@@@@@@@@@@@@@@@@@@@@@@@@@@@@@@@@
Get Lb -> J/psi Lambda efficiency
@@@@@@@@@@@@@@@@@@@@@@@@@@@@@@@@@@@@@@@
************************************************
Run 1 UNWEIGHTED Jpsi Lambda Eff = 0.113193 % +/- 0.00132869 %
Run 1 WEIGHTED Jpsi Lambda Eff = 0.133901 % +/- 0.00151262 %
************************************************
************************************************
Run 2 UNWEIGHTED Jpsi Lambda Eff = 0.123926 % +/- 0.000864956 %
Run 2 WEIGHTED Jpsi Lambda Eff = 0.122126 % +/- 0.000897707 %
************************************************
@@@@@@@@@@@@@@@@@@@@@@@@@@@@@@@@@@@@@@@
Get Lb -> J/psi Sigma efficiency and shape
@@@@@@@@@@@@@@@@@@@@@@@@@@@@@@@@@@@@@@@
************************************************
Run 1 UNWEIGHTED Jpsi Sigma Eff = 0.0944228 % +/- 0.00183214 %
Run 1 WEIGHTED Jpsi Sigma Eff = 0.112025 % +/- 0.00211176 %
************************************************
***************************************
Run 1 UNWEIGHTED Lambda/Sigma efficiency ratio = 1.19879 +/- 0.0271859
Run 1 WEIGHTED Lambda/Sigma efficiency ratio   = 1.19527 +/- 0.0262678
***************************************
Done importing Jpsi Sigma shape
************************************************
Run 2 UNWEIGHTED Jpsi Sigma Eff = 0.116355 % +/- 0.00108563 %
Run 2 WEIGHTED Jpsi Sigma Eff = 0.117116 % +/- 0.00115953 %
************************************************
***************************************
Run 2 UNWEIGHTED Lambda/Sigma efficiency ratio = 1.06507 +/- 0.0124103
Run 2 WEIGHTED Lambda/Sigma efficiency ratio   = 1.04278 +/- 0.0128586
***************************************
Done importing Jpsi Sigma shape
@@@@@@@@@@@@@@@@@@@@@@@@@@@@@@@@@@@@@@@
Get Lb -> J/psi Lst(1405) efficiency and shape
@@@@@@@@@@@@@@@@@@@@@@@@@@@@@@@@@@@@@@@
************************************************
Run 1 UNWEIGHTED Jpsi /(1405) Eff = 0.0747653 % +/- 0.000555606 %
Run 1 WEIGHTED Jpsi /(1405) Eff = 0.0757053 % +/- 0.000551094 %
************************************************
***************************************
Run 1 UNWEIGHTED /(1405)/Lambda efficiency ratio = 0.558364 +/- 0.00755006
Run 1 WEIGHTED /(1405)/Lambda efficiency ratio   = 0.565384 +/- 0.00759814
***************************************
Done importing Jpsi Lst(1405) shape
************************************************
Run 2 UNWEIGHTED Jpsi /(1405) Eff = 0.0820415 % +/- 0.000938855 %
Run 2 WEIGHTED Jpsi /(1405) Eff = 0.0824558 % +/- 0.000939752 %
************************************************
***************************************
Run 2 UNWEIGHTED /(1405)/Lambda efficiency ratio = 0.671776 +/- 0.00913687
Run 2 WEIGHTED /(1405)/Lambda efficiency ratio   = 0.675168 +/- 0.00915654
***************************************
Done importing Jpsi Lst(1405) shape
************************************************
Run 1 UNWEIGHTED Jpsi /(1520) Eff = 0.0643726 % +/- 0.000523664 %
Run 1 WEIGHTED Jpsi /(1520) Eff = 0.0651764 % +/- 0.000519262 %
************************************************
***************************************
Run 1 UNWEIGHTED /(1520)/Lambda efficiency ratio = 0.480749 +/- 0.00669243
Run 1 WEIGHTED /(1520)/Lambda efficiency ratio   = 0.486752 +/- 0.00672857
***************************************
Done importing Jpsi Lst(1520) shape
************************************************
Run 2 UNWEIGHTED Jpsi /(1520) Eff = 0.0697909 % +/- 0.00105584 %
Run 2 WEIGHTED Jpsi /(1520) Eff = 0.0701197 % +/- 0.00105779 %
************************************************
***************************************
Run 2 UNWEIGHTED /(1520)/Lambda efficiency ratio = 0.571465 +/- 0.00961195
Run 2 WEIGHTED /(1520)/Lambda efficiency ratio   = 0.574157 +/- 0.00963496
***************************************
Done importing Jpsi Lst(1520) shape
************************************************
Run 1 UNWEIGHTED Jpsi /(1600) Eff = 0.0562919 % +/- 0.000466214 %
Run 1 WEIGHTED Jpsi /(1600) Eff = 0.0569851 % +/- 0.00046216 %
************************************************
***************************************
Run 1 UNWEIGHTED /(1600)/Lambda efficiency ratio = 0.420401 +/- 0.0058887
Run 1 WEIGHTED /(1600)/Lambda efficiency ratio   = 0.425578 +/- 0.00591826
***************************************
Done importing Jpsi Lst(1600) shape
************************************************
Run 2 UNWEIGHTED Jpsi /(1600) Eff = 0.0600882 % +/- 0.000742287 %
Run 2 WEIGHTED Jpsi /(1600) Eff = 0.0603705 % +/- 0.00074211 %
************************************************
***************************************
Run 2 UNWEIGHTED /(1600)/Lambda efficiency ratio = 0.492017 +/- 0.00707266
Run 2 WEIGHTED /(1600)/Lambda efficiency ratio   = 0.494328 +/- 0.00708012
***************************************
Done importing Jpsi Lst(1600) shape
***************************************
Get J/psi Xi shape from MC
***************************************
Done importing Xib shape
Done importing Xib shape
***************************************
Get J/psi Ks shape from MC
***************************************
Done importing Xib shape
Done defining J/psi Lambda Hypatia shapes
*****UING EXPONENTIAL BKG SHAPE*****
Done defining cont. bkg exp. shapes
Done defining Misc Lambda* Gaussian shapes
RooDataSet::ds_sim1[Lb_DTF_M_JpsiLConstr,GB_WT,wt_tau] = 8213 entries
RooDataSet::ds_sim_wt1[Lb_DTF_M_JpsiLConstr,weight:totWt] = 8213 entries (8976.03 weighted)
mcNentries = 8976.03
RooDataSet::ds_sim2[Lb_DTF_M_JpsiLConstr,GB_WT,wt_tau] = 26467 entries
RooDataSet::ds_sim_wt2[Lb_DTF_M_JpsiLConstr,weight:totWt] = 26467 entries (23191 weighted)
mcNentries = 23191
reduceEng varSubset = (Lb_DTF_M_JpsiLConstr) _wgtVar = totWt
 **********
 **    1 **SET PRINT           1
 **********
 **********
 **    2 **SET NOGRAD
 **********
 PARAMETER DEFINITIONS:
    NO.   NAME         VALUE      STEP SIZE      LIMITS
     1 a1_Run1      1.80000e+00  1.00000e-01    1.00000e+00  2.00000e+00
     2 a2_Run1      1.70000e+00  4.00000e-02    1.50000e+00  1.90000e+00
     3 lambda_Run1  -2.59000e+00  8.00000e-02   -2.80000e+00 -2.00000e+00
     4 mcnbkg_run1   4.48852e+03  8.97503e+02    1.00000e+00  8.97603e+03
     5 mcnsig_run1   8.97103e+03  2.50000e+00    4.48802e+03  8.97603e+03
     6 mean_Run1    5.61960e+03  2.00000e-01    5.61900e+03  5.62100e+03
     7 sigma_Run1   1.50000e+01  6.00000e-01    1.20000e+01  1.80000e+01
     8 tau_run1    -1.00000e-07  4.95000e-08   -1.00000e-05 -1.00000e-09
 **********
 **    3 **SET ERR         0.5
 **********
 **********
 **    4 **SET PRINT           1
 **********
 **********
 **    5 **SET STR           2
 **********
 NOW USING STRATEGY  2: MAKE SURE MINIMUM TRUE, ERRORS CORRECT  
 **********
 **    6 **MIGRAD        4000           1
 **********
 FIRST CALL TO USER FUNCTION AT NEW START POINT, WITH IFLAG=4.
 START MIGRAD MINIMIZATION.  STRATEGY  2.  CONVERGENCE WHEN EDM .LT. 1.00e-03
 MINUIT WARNING IN HESSE   
 ============== Negative diagonal element 5 in Error Matrix
 MINUIT WARNING IN HESSE   
 ============== Negative diagonal element 8 in Error Matrix
 MINUIT WARNING IN HESSE   
 ============== 231.975 added to diagonal of error matrix
 COVARIANCE MATRIX CALCULATED SUCCESSFULLY
 FCN=-37062.6 FROM HESSE     STATUS=OK             83 CALLS          84 TOTAL
                     EDM=12106.7    STRATEGY= 2      ERROR MATRIX ACCURATE 
  EXT PARAMETER                                   STEP         FIRST   
  NO.   NAME      VALUE            ERROR          SIZE      DERIVATIVE 
   1  a1_Run1      1.80000e+00   2.45262e-02   5.00000e-01  -1.75580e+01
   2  a2_Run1      1.70000e+00   1.29574e-02   5.00000e-01  -1.16712e+01
   3  lambda_Run1  -2.59000e+00   1.96770e-02   3.76998e-01   8.83580e+01
   4  mcnbkg_run1   4.48852e+03   1.94923e+02   2.35020e-01   3.53228e+03
   5  mcnsig_run1   8.97103e+03   2.83204e+03   1.76326e-01   1.58610e+01
   6  mean_Run1    5.61960e+03   5.13057e-02   4.42649e-01  -3.04879e+01
   7  sigma_Run1   1.50000e+01   1.39289e-01   2.44978e-01   1.16049e+02
   8  tau_run1    -1.00000e-07   6.49535e-08   5.00000e-01   1.87649e-05
                               ERR DEF= 0.5
 MIGRAD FAILS TO FIND IMPROVEMENT
 COVARIANCE MATRIX CALCULATED SUCCESSFULLY
 FCN=-40144.4 FROM HESSE     STATUS=OK             73 CALLS         786 TOTAL
                     EDM=0.00178889    STRATEGY= 2      ERROR MATRIX ACCURATE 
  EXT PARAMETER                                   STEP         FIRST   
  NO.   NAME      VALUE            ERROR          SIZE      DERIVATIVE 
   1  a1_Run1      1.65150e+00   1.62117e-01   2.56168e-02  -2.33660e-02
   2  a2_Run1      1.75088e+00   2.97006e-01   7.40891e-02  -3.85559e-02
   3  lambda_Run1  -2.39677e+00   1.54375e-01   1.09490e-02   1.05427e-01
   4  mcnbkg_run1   1.12647e+01   1.92486e+01   5.12673e-03   4.10181e-01
   5  mcnsig_run1   8.97524e+03   6.22618e+02   1.73209e-01  -6.92938e-02
   6  mean_Run1    5.61986e+03   8.57058e-02   1.19629e-02  -1.85641e-02
   7  sigma_Run1   1.51990e+01   6.38667e-01   6.95494e-03   1.17098e-01
   8  tau_run1    -9.97403e-08   7.22270e-06   5.00000e-01  -1.00379e-04
                               ERR DEF= 0.5
 MIGRAD FAILS TO FIND IMPROVEMENT
 MACHINE ACCURACY LIMITS FURTHER IMPROVEMENT.
 MIGRAD MINIMIZATION HAS CONVERGED.
 MIGRAD WILL VERIFY CONVERGENCE AND ERROR MATRIX.
 COVARIANCE MATRIX CALCULATED SUCCESSFULLY
 FCN=-40144.4 FROM MIGRAD    STATUS=CONVERGED     926 CALLS         927 TOTAL
                     EDM=0.000642953    STRATEGY= 2      ERROR MATRIX ACCURATE 
  EXT PARAMETER                                   STEP         FIRST   
  NO.   NAME      VALUE            ERROR          SIZE      DERIVATIVE 
   1  a1_Run1      1.65792e+00   1.72528e-01   2.81946e-02   2.19216e-02
   2  a2_Run1      1.76254e+00   3.00932e-01   7.90540e-02   2.73476e-02
   3  lambda_Run1  -2.39255e+00   1.56734e-01   1.09378e-02  -9.88141e-02
   4  mcnbkg_run1   1.18900e+01   1.87614e+01   4.99716e-03  -6.53789e-03
   5  mcnsig_run1   8.96494e+03   2.01776e+02   5.69519e-02  -1.99202e-02
   6  mean_Run1    5.61986e+03   8.57511e-02   1.19564e-02   6.01651e-03
   7  sigma_Run1   1.51817e+01   6.48318e-01   6.93512e-03  -6.04926e-02
   8  tau_run1    -7.36435e-08   5.18572e-06   5.00000e-01   9.18987e-05
                               ERR DEF= 0.5
 EXTERNAL ERROR MATRIX.    NDIM=  25    NPAR=  8    ERR DEF=0.5
  3.118e-02  2.573e-02  1.957e-02  1.300e+00  1.633e+00 -8.934e-04 -7.389e-02 -2.110e-08 
  2.573e-02  4.278e-02  2.196e-02  1.848e+00  2.321e+00 -1.166e-04 -8.445e-02 -6.421e-08 
  1.957e-02  2.196e-02  2.594e-02 -2.602e-01 -3.264e-01 -2.680e-04 -1.023e-01  6.252e-09 
  1.300e+00  1.848e+00 -2.602e-01  3.524e+02  4.281e+02 -2.872e-02  1.052e+00 -8.800e-06 
  1.633e+00  2.321e+00 -3.264e-01  4.281e+02  9.111e+03 -3.604e-02  1.319e+00 -1.106e-05 
 -8.934e-04 -1.166e-04 -2.680e-04 -2.872e-02 -3.604e-02  7.372e-03  8.750e-04  2.662e-10 
 -7.389e-02 -8.445e-02 -1.023e-01  1.052e+00  1.319e+00  8.750e-04  4.271e-01 -2.394e-08 
 -2.110e-08 -6.421e-08  6.252e-09 -8.800e-06 -1.106e-05  2.662e-10 -2.394e-08  1.379e-09 
 PARAMETER  CORRELATION COEFFICIENTS  
       NO.  GLOBAL      1      2      3      4      5      6      7      8
        1  0.83292   1.000  0.705  0.688  0.392  0.097 -0.059 -0.640 -0.003
        2  0.85125   0.705  1.000  0.659  0.476  0.118 -0.007 -0.625 -0.008
        3  0.98054   0.688  0.659  1.000 -0.086 -0.021 -0.019 -0.972  0.001
        4  0.79902   0.392  0.476 -0.086  1.000  0.239 -0.018  0.086 -0.013
        5  0.23913   0.097  0.118 -0.021  0.239  1.000 -0.004  0.021 -0.003
        6  0.07806  -0.059 -0.007 -0.019 -0.018 -0.004  1.000  0.016  0.000
        7  0.97327  -0.640 -0.625 -0.972  0.086  0.021  0.016  1.000 -0.001
        8  0.01376  -0.003 -0.008  0.001 -0.013 -0.003  0.000 -0.001  1.000
 **********
 **    7 **SET ERR         0.5
 **********
 **********
 **    8 **SET PRINT           1
 **********
 **********
 **    9 **HESSE        4000
 **********
 COVARIANCE MATRIX CALCULATED SUCCESSFULLY
 FCN=-40144.4 FROM HESSE     STATUS=OK             79 CALLS        1006 TOTAL
                     EDM=0.000606855    STRATEGY= 2      ERROR MATRIX ACCURATE 
  EXT PARAMETER                                INTERNAL      INTERNAL  
  NO.   NAME      VALUE            ERROR       STEP SIZE       VALUE   
   1  a1_Run1      1.65792e+00   1.21808e-01   5.00000e-01   3.21339e-01
   2  a2_Run1      1.76254e+00   1.49292e-01   3.16216e-03   3.18019e-01
   3  lambda_Run1  -2.39255e+00   1.25170e-01   2.18756e-03   1.86253e-02
   4  mcnbkg_run1   1.18900e+01   1.81042e+01   3.99773e-05  -7.78430e+00
   5  mcnsig_run1   8.96494e+03   3.64805e+01   5.00000e-01  -4.23120e+01
   6  mean_Run1    5.61986e+03   8.56113e-02   4.78255e-04  -1.38837e-01
   7  sigma_Run1   1.51817e+01   5.33097e-01   2.77405e-04   6.05913e-02
   8  tau_run1    -7.36435e-08   5.83857e-06   1.00000e-01   1.74147e+00
                               ERR DEF= 0.5
 EXTERNAL ERROR MATRIX.    NDIM=  25    NPAR=  8    ERR DEF=0.5
  1.518e-02  1.065e-02  6.734e-03  7.406e-01  3.706e-01 -1.792e-04 -2.578e-02 -6.741e-09 
  1.065e-02  2.950e-02  1.050e-02  1.329e+00  6.652e-01  5.478e-04 -4.091e-02 -3.062e-08 
  6.734e-03  1.050e-02  1.621e-02 -6.858e-01 -3.432e-01  1.488e-04 -6.541e-02  6.620e-09 
  7.406e-01  1.329e+00 -6.858e-01  3.281e+02  1.583e+02  9.777e-03  2.648e+00 -4.509e-06 
  3.706e-01  6.652e-01 -3.432e-01  1.583e+02  1.343e+03  4.891e-03  1.325e+00 -2.256e-06 
 -1.792e-04  5.478e-04  1.488e-04  9.777e-03  4.891e-03  7.348e-03 -6.340e-04 -2.782e-10 
 -2.578e-02 -4.091e-02 -6.541e-02  2.648e+00  1.325e+00 -6.340e-04  2.872e-01 -2.546e-08 
 -6.741e-09 -3.062e-08  6.620e-09 -4.509e-06 -2.256e-06 -2.782e-10 -2.546e-08  1.351e-09 
 PARAMETER  CORRELATION COEFFICIENTS  
       NO.  GLOBAL      1      2      3      4      5      6      7      8
        1  0.65285   1.000  0.503  0.429  0.332  0.082 -0.017 -0.390 -0.001
        2  0.77128   0.503  1.000  0.480  0.427  0.106  0.037 -0.444 -0.005
        3  0.96867   0.429  0.480  1.000 -0.297 -0.074  0.014 -0.959  0.001
        4  0.78210   0.332  0.427 -0.297  1.000  0.238  0.006  0.273 -0.007
        5  0.23868   0.082  0.106 -0.074  0.238  1.000  0.002  0.067 -0.002
        6  0.05594  -0.017  0.037  0.014  0.006  0.002  1.000 -0.014 -0.000
        7  0.96014  -0.390 -0.444 -0.959  0.273  0.067 -0.014  1.000 -0.001
        8  0.00737  -0.001 -0.005  0.001 -0.007 -0.002 -0.000 -0.001  1.000
 **********
 **   10 **SET ERR         0.5
 **********
 **********
 **   11 **SET PRINT           1
 **********
 **********
 **   12 **HESSE        4000
 **********
 COVARIANCE MATRIX CALCULATED SUCCESSFULLY
 FCN=-56497.7 FROM HESSE     STATUS=OK             87 CALLS        1093 TOTAL
                     EDM=0.497094    STRATEGY= 2      ERROR MATRIX ACCURATE 
  EXT PARAMETER                                INTERNAL      INTERNAL  
  NO.   NAME      VALUE            ERROR       STEP SIZE       VALUE   
   1  a1_Run1      1.65792e+00   1.14121e-01   5.00000e-01   3.21339e-01
   2  a2_Run1      1.76254e+00   1.48881e-01   6.45081e-02   3.18019e-01
   3  lambda_Run1  -2.39255e+00   1.11281e-01   4.46262e-02   1.86253e-02
   4  mcnbkg_run1   1.18900e+01   1.78119e+01   8.15536e-04  -7.78430e+00
   5  mcnsig_run1   8.96494e+03   3.11486e+01   5.00000e-01  -4.23120e+01
   6  mean_Run1    5.61986e+03   7.22494e-02   9.75641e-03  -1.38837e-01
   7  sigma_Run1   1.51817e+01   4.70353e-01   5.65906e-03   6.05913e-02
   8  tau_run1    -7.36435e-08   9.22490e-06   5.00000e-01   1.74147e+00
                               ERR DEF= 0.5
 EXTERNAL ERROR MATRIX.    NDIM=  25    NPAR=  8    ERR DEF=0.5
  1.328e-02  1.155e-02  6.110e-03  8.297e-01  4.190e-01 -1.086e-04 -2.354e-02 -2.015e-08 
  1.155e-02  2.927e-02  9.414e-03  1.695e+00  8.557e-01  4.634e-04 -3.731e-02 -5.785e-08 
  6.110e-03  9.414e-03  1.272e-02 -4.280e-01 -2.162e-01  2.062e-04 -5.125e-02  8.554e-09 
  8.297e-01  1.695e+00 -4.280e-01  3.176e+02  1.562e+02  5.824e-03  1.604e+00 -8.560e-06 
  4.190e-01  8.557e-01 -2.162e-01  1.562e+02  9.766e+02  2.940e-03  8.101e-01 -4.322e-06 
 -1.086e-04  4.634e-04  2.062e-04  5.824e-03  2.940e-03  5.229e-03 -9.170e-04 -2.972e-10 
 -2.354e-02 -3.731e-02 -5.125e-02  1.604e+00  8.101e-01 -9.170e-04  2.231e-01 -3.137e-08 
 -2.015e-08 -5.785e-08  8.554e-09 -8.560e-06 -4.322e-06 -2.972e-10 -3.137e-08  6.162e-10 
 PARAMETER  CORRELATION COEFFICIENTS  
       NO.  GLOBAL      1      2      3      4      5      6      7      8
        1  0.70593   1.000  0.586  0.470  0.404  0.116 -0.013 -0.432 -0.007
        2  0.83580   0.586  1.000  0.488  0.556  0.160  0.037 -0.462 -0.014
        3  0.97168   0.470  0.488  1.000 -0.213 -0.061  0.025 -0.962  0.003
        4  0.83402   0.404  0.556 -0.213  1.000  0.280  0.005  0.191 -0.019
        5  0.28064   0.116  0.160 -0.061  0.280  1.000  0.001  0.055 -0.006
        6  0.06090  -0.013  0.037  0.025  0.005  0.001  1.000 -0.027 -0.000
        7  0.96365  -0.432 -0.462 -0.962  0.191  0.055 -0.027  1.000 -0.003
        8  0.01989  -0.007 -0.014  0.003 -0.019 -0.006 -0.000 -0.003  1.000
reduceEng varSubset = (Lb_DTF_M_JpsiLConstr) _wgtVar = totWt
 **********
 **   13 **SET PRINT           1
 **********
 **********
 **   14 **SET NOGRAD
 **********
 PARAMETER DEFINITIONS:
    NO.   NAME         VALUE      STEP SIZE      LIMITS
     1 a1_Run2      2.00000e+00  1.00000e-01    1.50000e+00  2.50000e+00
     2 a2_Run2      1.75000e+00  2.00000e-01    1.00000e+00  3.00000e+00
     3 lambda_Run2  -2.30000e+00  8.00000e-02   -2.80000e+00 -2.00000e+00
     4 mcnbkg_run2   1.15960e+04  2.31900e+03    1.00000e+00  2.31910e+04
     5 mcnsig_run2   2.31860e+04  2.50000e+00    1.15955e+04  2.31910e+04
     6 mean_Run2    5.61960e+03  2.00000e-01    5.61900e+03  5.62100e+03
     7 sigma_Run2   1.40000e+01  6.00000e-01    1.10000e+01  1.70000e+01
     8 tau_run2    -1.00000e-07  4.95000e-08   -1.00000e-05 -1.00000e-09
 **********
 **   15 **SET ERR         0.5
 **********
 **********
 **   16 **SET PRINT           1
 **********
 **********
 **   17 **SET STR           2
 **********
 NOW USING STRATEGY  2: MAKE SURE MINIMUM TRUE, ERRORS CORRECT  
 **********
 **   18 **MIGRAD        4000           1
 **********
 FIRST CALL TO USER FUNCTION AT NEW START POINT, WITH IFLAG=4.
 START MIGRAD MINIMIZATION.  STRATEGY  2.  CONVERGENCE WHEN EDM .LT. 1.00e-03
 MINUIT WARNING IN HESSE   
 ============== Negative diagonal element 5 in Error Matrix
 MINUIT WARNING IN HESSE   
 ============== Negative diagonal element 8 in Error Matrix
 MINUIT WARNING IN HESSE   
 ============== 650.114 added to diagonal of error matrix
 COVARIANCE MATRIX CALCULATED SUCCESSFULLY
 FCN=-116771 FROM HESSE     STATUS=OK             85 CALLS          86 TOTAL
                     EDM=27988.5    STRATEGY= 2      ERROR MATRIX ACCURATE 
  EXT PARAMETER                                   STEP         FIRST   
  NO.   NAME      VALUE            ERROR          SIZE      DERIVATIVE 
   1  a1_Run2      2.00000e+00   1.88891e-02   5.00000e-01  -4.58419e+01
   2  a2_Run2      1.75000e+00   3.08970e-02   4.10301e-01  -1.64684e+02
   3  lambda_Run2  -2.30000e+00   1.39455e-02   4.75573e-01   2.26380e+02
   4  mcnbkg_run2   1.15960e+04   3.00092e+02   2.47081e-01   8.96714e+03
   5  mcnsig_run2   2.31860e+04   7.25720e+03   1.09662e-01   2.72331e+01
   6  mean_Run2    5.61960e+03   3.17496e-02   5.00000e-01  -1.44525e+02
   7  sigma_Run2   1.40000e+01   8.28680e-02   2.53728e-01   1.75696e+02
   8  tau_run2    -1.00000e-07   3.88177e-08   5.00000e-01   2.66030e-04
                               ERR DEF= 0.5
 MINUIT WARNING IN MIGRAD  
 ============== Negative diagonal element 5 in Error Matrix
 MINUIT WARNING IN MIGRAD  
 ============== 1.01231 added to diagonal of error matrix
 MIGRAD FAILS TO FIND IMPROVEMENT
 MACHINE ACCURACY LIMITS FURTHER IMPROVEMENT.
 MIGRAD MINIMIZATION HAS CONVERGED.
 MIGRAD WILL VERIFY CONVERGENCE AND ERROR MATRIX.
 MINUIT WARNING IN HESSE   
 ============== Negative diagonal element 8 in Error Matrix
 MINUIT WARNING IN HESSE   
 ============== 1.00001 added to diagonal of error matrix
 COVARIANCE MATRIX CALCULATED SUCCESSFULLY
 FCN=-124651 FROM MIGRAD    STATUS=CONVERGED     843 CALLS         844 TOTAL
                     EDM=7.82713e-06    STRATEGY= 2      ERROR MATRIX ACCURATE 
  EXT PARAMETER                                   STEP         FIRST   
  NO.   NAME      VALUE            ERROR          SIZE      DERIVATIVE 
   1  a1_Run2      1.82372e+00   1.10582e-01   3.73285e-02  -1.02976e-02
   2  a2_Run2      2.06492e+00   1.41583e-01   2.35803e-02  -8.13460e-03
   3  lambda_Run2  -2.08430e+00   7.01690e-02   1.68097e-02  -7.08871e-03
   4  mcnbkg_run2   1.00000e+00   5.83592e+00   7.72241e-03** at limit **
   5  mcnsig_run2   2.31900e+04   4.87337e+02   1.09596e-01   3.73644e-04
   6  mean_Run2    5.62010e+03   5.53681e-02   1.35668e-02  -7.14654e-03
   7  sigma_Run2   1.45327e+01   3.24472e-01   7.57820e-03  -5.12352e-02
   8  tau_run2    -1.00023e-07   2.25274e-06   5.00000e-01   1.31404e-06
                               ERR DEF= 0.5
 EXTERNAL ERROR MATRIX.    NDIM=  25    NPAR=  8    ERR DEF=0.5
  1.246e-02  9.039e-03  6.052e-03  1.643e-06  1.926e-03 -2.851e-04 -2.517e-02  4.096e-14 
  9.039e-03  2.018e-02  7.359e-03  2.427e-06  2.845e-03  1.161e-04 -3.086e-02 -4.588e-14 
  6.052e-03  7.359e-03  5.064e-03  8.769e-08  1.029e-04 -4.907e-05 -2.214e-02  2.829e-15 
  1.643e-06  2.427e-06  8.769e-08  3.295e-07  2.501e-04 -2.191e-08 -3.817e-07  2.685e-16 
  1.926e-03  2.845e-03  1.029e-04  2.501e-04  1.968e+03 -2.567e-05 -4.478e-04  3.089e-13 
 -2.851e-04  1.161e-04 -4.907e-05 -2.191e-08 -2.567e-05  3.069e-03  1.580e-04 -9.566e-16 
 -2.517e-02 -3.086e-02 -2.214e-02 -3.817e-07 -4.478e-04  1.580e-04  1.057e-01 -1.025e-14 
  4.096e-14 -4.588e-14  2.829e-15  2.685e-16  3.089e-13 -9.566e-16 -1.025e-14  9.803e-13 
 PARAMETER  CORRELATION COEFFICIENTS  
       NO.  GLOBAL      1      2      3      4      5      6      7      8
        1  0.77292   1.000  0.570  0.762  0.026  0.000 -0.046 -0.693  0.000
        2  0.73557   0.570  1.000  0.728  0.030  0.000  0.015 -0.668 -0.000
        3  0.97123   0.762  0.728  1.000  0.002  0.000 -0.012 -0.957  0.000
        4  0.05682   0.026  0.030  0.002  1.000  0.010 -0.001 -0.002  0.000
        5  0.00982   0.000  0.000  0.000  0.010  1.000 -0.000 -0.000  0.000
        6  0.06874  -0.046  0.015 -0.012 -0.001 -0.000  1.000  0.009 -0.000
        7  0.95941  -0.693 -0.668 -0.957 -0.002 -0.000  0.009  1.000 -0.000
        8  0.00000   0.000 -0.000  0.000  0.000  0.000 -0.000 -0.000  1.000
 **********
 **   19 **SET ERR         0.5
 **********
 **********
 **   20 **SET PRINT           1
 **********
 **********
 **   21 **HESSE        4000
 **********
 MINUIT WARNING IN HESSE   
 ============== Negative diagonal element 8 in Error Matrix
 MINUIT WARNING IN HESSE   
 ============== 1.00001 added to diagonal of error matrix
 COVARIANCE MATRIX CALCULATED SUCCESSFULLY
 FCN=-124651 FROM HESSE     STATUS=OK             77 CALLS         921 TOTAL
                     EDM=8.29808e-06    STRATEGY= 2      ERROR MATRIX ACCURATE 
  EXT PARAMETER                                INTERNAL      INTERNAL  
  NO.   NAME      VALUE            ERROR       STEP SIZE       VALUE   
   1  a1_Run2      1.82372e+00   1.31892e-01   7.46570e-03  -3.60295e-01
   2  a2_Run2      2.06492e+00   1.67291e-01   1.92415e-02   6.49666e-02
   3  lambda_Run2  -2.08430e+00   9.07781e-02   1.34478e-04   9.09577e-01
   4  mcnbkg_run2   1.00000e+00   5.84561e+00   1.54448e-03  -1.57080e+00
                                 WARNING -   - ABOVE PARAMETER IS AT LIMIT.
   5  mcnsig_run2   2.31900e+04   3.21117e+01   5.00000e-01  -2.35434e+01
   6  mean_Run2    5.62010e+03   5.53768e-02   5.42671e-04   1.03085e-01
   7  sigma_Run2   1.45327e+01   4.20324e-01   3.03128e-04   1.78528e-01
   8  tau_run2    -1.00023e-07   2.25274e-06   1.00000e-01   1.37144e+00
                               ERR DEF= 0.5
 EXTERNAL ERROR MATRIX.    NDIM=  25    NPAR=  8    ERR DEF=0.5
  1.788e-02  1.561e-02  1.044e-02  3.330e-07  1.773e-04 -3.408e-04 -4.483e-02 -1.548e-13 
  1.561e-02  2.825e-02  1.272e-02  4.943e-07  2.631e-04  5.935e-05 -5.490e-02  9.682e-14 
  1.044e-02  1.272e-02  8.646e-03  2.105e-08  1.120e-05 -8.858e-05 -3.822e-02 -3.909e-14 
  3.330e-07  4.943e-07  2.105e-08  3.301e-07  1.204e-05 -4.563e-09 -9.000e-08 -1.588e-16 
  1.773e-04  2.631e-04  1.120e-05  1.204e-05  1.280e+02 -2.429e-06 -4.790e-05 -8.520e-14 
 -3.408e-04  5.935e-05 -8.858e-05 -4.563e-09 -2.429e-06  3.070e-03  3.273e-04  2.839e-15 
 -4.483e-02 -5.490e-02 -3.822e-02 -9.000e-08 -4.790e-05  3.273e-04  1.779e-01  1.657e-13 
 -1.548e-13  9.682e-14 -3.909e-14 -1.588e-16 -8.520e-14  2.839e-15  1.657e-13  9.803e-13 
 PARAMETER  CORRELATION COEFFICIENTS  
       NO.  GLOBAL      1      2      3      4      5      6      7      8
        1  0.84732   1.000  0.695  0.840  0.004  0.000 -0.046 -0.795 -0.000
        2  0.81886   0.695  1.000  0.814  0.005  0.000  0.006 -0.774  0.000
        3  0.98325   0.840  0.814  1.000  0.000  0.000 -0.017 -0.975 -0.000
        4  0.01135   0.004  0.005  0.000  1.000  0.002 -0.000 -0.000 -0.000
        5  0.00187   0.000  0.000  0.000  0.002  1.000 -0.000 -0.000 -0.000
        6  0.07140  -0.046  0.006 -0.017 -0.000 -0.000  1.000  0.014  0.000
        7  0.97608  -0.795 -0.774 -0.975 -0.000 -0.000  0.014  1.000  0.000
        8  0.00000  -0.000  0.000 -0.000 -0.000 -0.000  0.000  0.000  1.000
 **********
 **   22 **SET ERR         0.5
 **********
 **********
 **   23 **SET PRINT           1
 **********
 **********
 **   24 **HESSE        4000
 **********
 MINUIT WARNING IN HESSE   
 ============== Negative diagonal element 8 in Error Matrix
 MINUIT WARNING IN HESSE   
 ============== 1.00003 added to diagonal of error matrix
 COVARIANCE MATRIX CALCULATED SUCCESSFULLY
 FCN=-144736 FROM HESSE     STATUS=OK             99 CALLS        1020 TOTAL
                     EDM=12.8802    STRATEGY= 2      ERROR MATRIX ACCURATE 
  EXT PARAMETER                                INTERNAL      INTERNAL  
  NO.   NAME      VALUE            ERROR       STEP SIZE       VALUE   
   1  a1_Run2      1.82372e+00   1.00237e-01   1.52300e-01  -3.60295e-01
   2  a2_Run2      2.06492e+00   1.46960e-01   1.57011e-02   6.49666e-02
   3  lambda_Run2  -2.08430e+00   4.55715e-02   2.74335e-03   9.09577e-01
   4  mcnbkg_run2   1.00000e+00   3.97044e+00   1.97179e-01  -1.57080e+00
                                 WARNING -   - ABOVE PARAMETER IS AT LIMIT.
   5  mcnsig_run2   2.31900e+04   2.83707e+01   5.00000e-01  -2.35434e+01
   6  mean_Run2    5.62010e+03   5.14193e-02   1.10705e-02   1.03085e-01
   7  sigma_Run2   1.45327e+01   2.15909e-01   6.18381e-03   1.78528e-01
   8  tau_run2    -1.00023e-07   2.25274e-06   5.00000e-01   1.37144e+00
                               ERR DEF= 0.5
 EXTERNAL ERROR MATRIX.    NDIM=  25    NPAR=  8    ERR DEF=0.5
  1.020e-02  8.311e-03  2.865e-03  2.192e-05  7.806e-02 -2.440e-04 -1.104e-02  1.119e-12 
  8.311e-03  2.176e-02  4.147e-03  3.238e-05  1.153e-01  1.706e-04 -1.622e-02  1.520e-12 
  2.865e-03  4.147e-03  2.101e-03  2.313e-06  8.246e-03 -1.394e-05 -9.037e-03  1.122e-13 
  2.192e-05  3.238e-05  2.313e-06  2.242e-07  7.963e-04 -2.155e-07 -9.919e-06  1.099e-14 
  7.806e-02  1.153e-01  8.246e-03  7.963e-04  1.131e+02 -7.671e-04 -3.533e-02  3.912e-11 
 -2.440e-04  1.706e-04 -1.394e-05 -2.155e-07 -7.671e-04  2.646e-03  2.077e-05 -1.225e-14 
 -1.104e-02 -1.622e-02 -9.037e-03 -9.919e-06 -3.533e-02  2.077e-05  4.670e-02 -4.791e-13 
  1.119e-12  1.520e-12  1.122e-13  1.099e-14  3.912e-11 -1.225e-14 -4.791e-13  9.803e-13 
 PARAMETER  CORRELATION COEFFICIENTS  
       NO.  GLOBAL      1      2      3      4      5      6      7      8
        1  0.74865   1.000  0.558  0.619  0.458  0.073 -0.047 -0.506  0.000
        2  0.74346   0.558  1.000  0.613  0.464  0.074  0.022 -0.509  0.000
        3  0.94509   0.619  0.613  1.000  0.107  0.017 -0.006 -0.912  0.000
        4  0.65500   0.458  0.464  0.107  1.000  0.158 -0.009 -0.097  0.000
        5  0.15816   0.073  0.074  0.017  0.158  1.000 -0.001 -0.015  0.000
        6  0.07548  -0.047  0.022 -0.006 -0.009 -0.001  1.000  0.002 -0.000
        7  0.91906  -0.506 -0.509 -0.912 -0.097 -0.015  0.002  1.000 -0.000
        8  0.00002   0.000  0.000  0.000  0.000  0.000 -0.000 -0.000  1.000
Importing Run 1 data
Done making RooDataHist
RooDataHist::ds1[Lb_DTF_M_JpsiLConstr] = 325 bins (8129 weights)
Done importing Run 1 data
Importing Run 2 data
Done making RooDataHist
RooDataHist::ds2[Lb_DTF_M_JpsiLConstr] = 325 bins (27760 weights)
Done importing Run 2 data
before sb fit
 **********
 **    1 **SET PRINT           1
 **********
 **********
 **    2 **SET NOGRAD
 **********
 PARAMETER DEFINITIONS:
    NO.   NAME         VALUE      STEP SIZE      LIMITS
     1 slope_Run2  -2.00000e+00  2.50000e-01   -5.00000e+00  0.00000e+00
 **********
 **    3 **SET ERR         0.5
 **********
 **********
 **    4 **SET PRINT           1
 **********
 **********
 **    5 **SET STR           1
 **********
 NOW USING STRATEGY  1: TRY TO BALANCE SPEED AGAINST RELIABILITY
 **********
 **    6 **MIGRAD         500           1
 **********
 FIRST CALL TO USER FUNCTION AT NEW START POINT, WITH IFLAG=4.
 START MIGRAD MINIMIZATION.  STRATEGY  1.  CONVERGENCE WHEN EDM .LT. 1.00e-03
 FCN=97.1954 FROM MIGRAD    STATUS=INITIATE        4 CALLS           5 TOTAL
                     EDM= unknown      STRATEGY= 1      NO ERROR MATRIX       
  EXT PARAMETER               CURRENT GUESS       STEP         FIRST   
  NO.   NAME      VALUE            ERROR          SIZE      DERIVATIVE 
   1  slope_Run2  -2.00000e+00   2.50000e-01   1.02263e-01  -3.34071e+00
                               ERR DEF= 0.5
 MIGRAD MINIMIZATION HAS CONVERGED.
 MIGRAD WILL VERIFY CONVERGENCE AND ERROR MATRIX.
 COVARIANCE MATRIX CALCULATED SUCCESSFULLY
 FCN=97.1614 FROM MIGRAD    STATUS=CONVERGED      19 CALLS          20 TOTAL
                     EDM=2.83346e-10    STRATEGY= 1      ERROR MATRIX ACCURATE 
  EXT PARAMETER                                   STEP         FIRST   
  NO.   NAME      VALUE            ERROR          SIZE      DERIVATIVE 
   1  slope_Run2  -1.95257e+00   1.73598e-01   4.83930e-04   2.36329e-04
                               ERR DEF= 0.5
 EXTERNAL ERROR MATRIX.    NDIM=  25    NPAR=  1    ERR DEF=0.5
  3.019e-02 
 **********
 **    7 **SET ERR         0.5
 **********
 **********
 **    8 **SET PRINT           1
 **********
 **********
 **    9 **HESSE         500
 **********
 COVARIANCE MATRIX CALCULATED SUCCESSFULLY
 FCN=97.1614 FROM HESSE     STATUS=OK              5 CALLS          25 TOTAL
                     EDM=2.82936e-10    STRATEGY= 1      ERROR MATRIX ACCURATE 
  EXT PARAMETER                                INTERNAL      INTERNAL  
  NO.   NAME      VALUE            ERROR       STEP SIZE       VALUE   
   1  slope_Run2  -1.95257e+00   1.73598e-01   1.93572e-05   2.20761e-01
                               ERR DEF= 0.5
 EXTERNAL ERROR MATRIX.    NDIM=  25    NPAR=  1    ERR DEF=0.5
  3.019e-02 
RooDataHist::combData[sample,Lb_DTF_M_JpsiLConstr] = 650 bins (35889 weights)
Done importing combData and simPdf
**********Printing w after all imports***********

RooWorkspace(w) w contents

variables
---------
(Lb_DTF_M_JpsiLConstr,R,R_1405,R_1520,R_1600,a1_Run1,a1_Run2,a2_Run1,a2_Run2,eff_ratio1,eff_ratio2,eff_ratio_1405_1,eff_ratio_1405_2,eff_ratio_1520_1,eff_ratio_1520_2,eff_ratio_1600_1,eff_ratio_1600_2,geff_ratio1,geff_ratio2,geff_ratio_1405_1,geff_ratio_1405_2,geff_ratio_1520_1,geff_ratio_1520_2,geff_ratio_1600_1,geff_ratio_1600_2,gnXib1,gnXib2,gshift_Xib,lambda_Run1,lambda_Run2,mcnbkg_run1,mcnbkg_run2,mcnsig_run1,mcnsig_run2,mean_Run1,mean_Run2,miscLstMean_Run1,miscLstMean_Run2,miscLstSigma_Run1,miscLstSigma_Run2,nBkg_Run1,nBkg_Run2,nJpsiKs_Run1,nJpsiKs_Run2,nLb_Run1,nLb_Run2,nMiscLst_Run1,nMiscLst_Run2,nXib1,nXib2,nXib_JpsiLambda_Run1,nXib_JpsiLambda_Run2,sample,shift_Xib,sigma_Run1,sigma_Run2,slope_Run1,slope_Run2,tau_run1,tau_run2)

p.d.f.s
-------
RooExponential::Bkg_Run1[ x=Lb_DTF_M_JpsiLConstr c=Bkg_Run1_2 ] = 5.82432e-24
RooExponential::Bkg_Run2[ x=Lb_DTF_M_JpsiLConstr c=Bkg_Run2_2 ] = 1.21326e-26
RooKeysPdf::JPSIKS_RUN1[ x=Lb_DTF_M_JpsiLConstr ] = 2.39657e-05
RooKeysPdf::JPSIKS_RUN2[ x=Lb_DTF_M_JpsiLConstr ] = 2.86147e-05
RooKeysPdf::LST1405_Run1[ x=Lb_DTF_M_JpsiLConstr ] = 0.0018786
RooKeysPdf::LST1405_Run2[ x=Lb_DTF_M_JpsiLConstr ] = 0.00198616
RooKeysPdf::LST1520_Run1[ x=Lb_DTF_M_JpsiLConstr ] = 0.00124217
RooKeysPdf::LST1520_Run2[ x=Lb_DTF_M_JpsiLConstr ] = 0.00134727
RooKeysPdf::LST1600_Run1[ x=Lb_DTF_M_JpsiLConstr ] = 0.000750152
RooKeysPdf::LST1600_Run2[ x=Lb_DTF_M_JpsiLConstr ] = 0.000874526
RooHypatia2::Lb_Run1[ x=Lb_DTF_M_JpsiLConstr l=lambda_Run1 zeta=0 fb=0 sigma=sigma_Run1 mu=mean_Run1 a=a1_Run1 n=2 a2=a2_Run1 n2=2 ] = 4.68122e-05
RooHypatia2::Lb_Run2[ x=Lb_DTF_M_JpsiLConstr l=lambda_Run2 zeta=0 fb=0 sigma=sigma_Run2 mu=mean_Run2 a=a1_Run2 n=2 a2=a2_Run2 n2=2 ] = 6.12022e-05
RooKeysPdf::SIG_Run1[ x=Lb_DTF_M_JpsiLConstr ] = 8.5698e-05
RooKeysPdf::SIG_Run2[ x=Lb_DTF_M_JpsiLConstr ] = 4.5016e-05
RooKeysPdf::XIB_RUN1[ x=Lb_DTF_M_JpsiLConstr ] = 0.0015857
RooKeysPdf::XIB_RUN2[ x=Lb_DTF_M_JpsiLConstr ] = 0.00151193
RooHypatia2::Xib_Run1[ x=Lb_DTF_M_JpsiLConstr l=lambda_Run1 zeta=0 fb=0 sigma=sigma_Run1 mu=XibMean_Run1 a=a1_Run1 n=2 a2=a2_Run1 n2=2 ] = 1.67378e-05
RooHypatia2::Xib_Run2[ x=Lb_DTF_M_JpsiLConstr l=lambda_Run2 zeta=0 fb=0 sigma=sigma_Run2 mu=XibMean_Run2 a=a1_Run2 n=2 a2=a2_Run2 n2=2 ] = 2.1909e-05
RooGaussian::eff_ratio_1405_constraint1[ x=geff_ratio_1405_1 mean=eff_ratio_1405_1 sigma=0.007598 ] = 1
RooGaussian::eff_ratio_1405_constraint2[ x=geff_ratio_1405_2 mean=eff_ratio_1405_2 sigma=0.009157 ] = 1
RooGaussian::eff_ratio_1520_constraint1[ x=geff_ratio_1520_1 mean=eff_ratio_1520_1 sigma=0.006729 ] = 1
RooGaussian::eff_ratio_1520_constraint2[ x=geff_ratio_1520_2 mean=eff_ratio_1520_2 sigma=0.009635 ] = 1
RooGaussian::eff_ratio_1600_constraint1[ x=geff_ratio_1600_1 mean=eff_ratio_1600_1 sigma=0.005918 ] = 1
RooGaussian::eff_ratio_1600_constraint2[ x=geff_ratio_1600_2 mean=eff_ratio_1600_2 sigma=0.00708 ] = 1
RooGaussian::eff_ratio_constraint1[ x=geff_ratio1 mean=eff_ratio1 sigma=0.026268 ] = 1
RooGaussian::eff_ratio_constraint2[ x=geff_ratio2 mean=eff_ratio2 sigma=0.012859 ] = 1
RooGaussian::lstLump_Run1[ x=Lb_DTF_M_JpsiLConstr mean=miscLstMean_Run1 sigma=miscLstSigma_Run1 ] = 9.68465e-08
RooGaussian::lstLump_Run2[ x=Lb_DTF_M_JpsiLConstr mean=miscLstMean_Run2 sigma=miscLstSigma_Run2 ] = 9.68465e-08
RooAddPdf::mcFit_Run1[ mcnsig_run1 * Lb_Run1 + mcnbkg_run1 * mcbkg_Run1 ] = 0.00137075
RooAddPdf::mcFit_Run2[ mcnsig_run2 * Lb_Run2 + mcnbkg_run2 * mcbkg_Run2 ] = 0.000104297
RooExponential::mcbkg_Run1[ x=Lb_DTF_M_JpsiLConstr c=tau_run1 ] = 0.999606
RooExponential::mcbkg_Run2[ x=Lb_DTF_M_JpsiLConstr c=tau_run2 ] = 0.999465
RooAddPdf::model1[ nSigma1 * SIG_Run1 + nLb_Run1 * Lb_Run1 + nXib1 * XIB_RUN1 + n1405_Run1 * LST1405_Run1 + n1520_Run1 * LST1520_Run1 + n1600_Run1 * LST1600_Run1 + nMiscLst_Run1 * lstLump_Run1 + nBkg_Run1 * Bkg_Run1 + nXib_JpsiLambda_Run1 * Xib_Run1 + nJpsiKs_Run1 * JPSIKS_RUN1 ] = 6.87682e-05
RooAddPdf::model2[ nSigma2 * SIG_Run2 + nLb_Run2 * Lb_Run2 + nXib2 * XIB_RUN2 + n1405_Run2 * LST1405_Run2 + n1520_Run2 * LST1520_Run2 + n1600_Run2 * LST1600_Run2 + nMiscLst_Run2 * lstLump_Run2 + nBkg_Run2 * Bkg_Run2 + nXib_JpsiLambda_Run2 * Xib_Run2 + nJpsiKs_Run2 * JPSIKS_RUN2 ] = 9.46622e-05
