Info in <StandardHypoTestInvDemo>: Model ModelConfig has no snapshot  - make one using model poi
Info in <StandardHypoTestInvDemo>: Using Minuit as minimizer for computing the test statistic
Info in <StandardHypoTestInvDemo>:  Doing a first fit to the observed data 
Info in <TCanvas::Print>: pdf file ../plots/ANA/CLs_Hypatia_Expo_4700_6100_config5_config5.pdf has been created
###############################
Input file exists! Hurray!
Printing contents of w1 from input file

RooWorkspace(w1) w1 contents

variables
---------
(GB_WT,Lb_DTF_M_JpsiLConstr,sample,totWt,wt_tau)

p.d.f.s
-------
RooKeysPdf::JPSIKS_RUN1[ x=Lb_DTF_M_JpsiLConstr ] = 0.00032224
RooKeysPdf::JPSIKS_RUN2[ x=Lb_DTF_M_JpsiLConstr ] = 0.000302053
RooKeysPdf::LST1405_Run1[ x=Lb_DTF_M_JpsiLConstr ] = 0.00103942
RooKeysPdf::LST1405_Run2[ x=Lb_DTF_M_JpsiLConstr ] = 0.000993595
RooKeysPdf::LST1520_Run1[ x=Lb_DTF_M_JpsiLConstr ] = 0.000478633
RooKeysPdf::LST1520_Run2[ x=Lb_DTF_M_JpsiLConstr ] = 0.000499484
RooKeysPdf::LST1600_Run1[ x=Lb_DTF_M_JpsiLConstr ] = 0.000299201
RooKeysPdf::LST1600_Run2[ x=Lb_DTF_M_JpsiLConstr ] = 0.000264099
RooKeysPdf::SIG_Run1[ x=Lb_DTF_M_JpsiLConstr ] = 0.00376982
RooKeysPdf::SIG_Run2[ x=Lb_DTF_M_JpsiLConstr ] = 0.00424713
RooKeysPdf::XIB_RUN1[ x=Lb_DTF_M_JpsiLConstr ] = 0.00157639
RooKeysPdf::XIB_RUN2[ x=Lb_DTF_M_JpsiLConstr ] = 0.00166013

datasets
--------
RooDataSet::ds_sig_Run1(Lb_DTF_M_JpsiLConstr,GB_WT,wt_tau,totWt)
RooDataSet::ds_sig_wt_Run1(Lb_DTF_M_JpsiLConstr)
RooDataSet::ds_sig_Run2(Lb_DTF_M_JpsiLConstr,GB_WT,wt_tau,totWt)
RooDataSet::ds_sig_wt_Run2(Lb_DTF_M_JpsiLConstr)
RooDataSet::ds_1405_Run1(Lb_DTF_M_JpsiLConstr)
RooDataSet::ds_1405_Run2(Lb_DTF_M_JpsiLConstr)
RooDataSet::ds_1520_Run1(Lb_DTF_M_JpsiLConstr)
RooDataSet::ds_1520_Run2(Lb_DTF_M_JpsiLConstr)
RooDataSet::ds_1600_Run1(Lb_DTF_M_JpsiLConstr)
RooDataSet::ds_1600_Run2(Lb_DTF_M_JpsiLConstr)
RooDataSet::ds_xi_Run1(Lb_DTF_M_JpsiLConstr,GB_WT)
RooDataSet::ds_xi_wt_Run1(Lb_DTF_M_JpsiLConstr)
RooDataSet::ds_xi_Run2(Lb_DTF_M_JpsiLConstr,GB_WT)
RooDataSet::ds_xi_wt_Run2(Lb_DTF_M_JpsiLConstr)
RooDataSet::ds_jpsiks_Run1(Lb_DTF_M_JpsiLConstr)
RooDataSet::ds_jpsiks_Run2(Lb_DTF_M_JpsiLConstr)
RooDataHist::ds1(Lb_DTF_M_JpsiLConstr)
RooDataHist::ds2(Lb_DTF_M_JpsiLConstr)
RooDataHist::combData(sample,Lb_DTF_M_JpsiLConstr)

#######################################
[#1] INFO:Eval -- RooRealVar::setRange(Lb_DTF_M_JpsiLConstr) new range named 'signal_window' created with bounds [5365,5600]
[#1] INFO:Eval -- RooRealVar::setRange(Lb_DTF_M_JpsiLConstr) new range named 'sideband_window' created with bounds [5800,6100]
[#1] INFO:Eval -- RooRealVar::setRange(Lb_DTF_M_JpsiLConstr) new range named 'simFit_window' created with bounds [5500,5740]
@@@@@@@@@@@@@@@@@@@@@@@@@@@@@@@@@@@@@@@
Get Xib Normalization
@@@@@@@@@@@@@@@@@@@@@@@@@@@@@@@@@@@@@@@
xibYield = 36.361+/-7.75666+/-3.27249
UNWEIGHTED Xib->JpsiXi Eff = 0.0631 % +/- 0.0014 %
WEIGHTED Xib->JpsiXi Eff = 0.0728 % +/- 0.0015 %
UNWEIGHTED Xib->JpsiLambda Eff = 0.0125 % +/-0.0006 %
WEIGHTED Xib->JpsiLambda Eff = 0.0178 % +/-0.0007 %
UNWEIGTED Norm = 13.8196146616+/-2.94805017081+/-1.67578764137
WEIGHTED Norm = 17.091537352+/-3.64602855029+/-2.02913589009
BREAKUP OF SYSTEMATICS:
Overall Syst     = 11.8721671919%
*Tracking        = 5.0%
*Xi Vtx          = 1.4%
*Xib Yield       = 9.0%
*Xib->JpsiL eff  = 4.20607679997%
*Xib->JpsiXi eff = 2.08057811171%
*tauXib-/tauXib0 = 3.3118675253%
************************************************
The UNWEIGHTED LL Xib normalization for Run 1 is 13.8196 +/- 2.94805 +/- 1.67579
The WEIGHTED LL Xib normalization for Run 1 is 17.0915 +/- 3.64603 +/- 2.02914
************************************************
xibYield = 173.281+/-16.4207+/-10.39686
UNWEIGHTED Xib->JpsiXi Eff = 0.0650 % +/- 0.0014 %
WEIGHTED Xib->JpsiXi Eff = 0.0725 % +/- 0.0015 %
UNWEIGHTED Xib->JpsiLambda Eff = 0.0219 % +/-0.0008 %
WEIGHTED Xib->JpsiLambda Eff = 0.0283 % +/-0.0009 %
UNWEIGTED Norm = 111.932773538+/-10.6071323136+/-10.7115141824
WEIGHTED Norm = 129.740464532+/-12.2946499959+/-12.245559197
BREAKUP OF SYSTEMATICS:
Overall Syst     = 9.43850420228%
*Tracking        = 5.0%
*Xi Vtx          = 1.4%
*Xib Yield       = 6.0%
*Xib->JpsiL eff  = 3.27777946516%
*Xib->JpsiXi eff = 2.10072769515%
*tauXib-/tauXib0 = 3.3118675253%
************************************************
The UNWEIGHTED LL Xib normalization for Run 2 is 111.933 +/- 10.6071 +/- 10.7115
The WEIGHTED LL Xib normalization for Run 2 is 129.74 +/- 12.2947 +/- 12.2456
************************************************
@@@@@@@@@@@@@@@@@@@@@@@@@@@@@@@@@@@@@@@
Get Lb -> J/psi Lambda efficiency
@@@@@@@@@@@@@@@@@@@@@@@@@@@@@@@@@@@@@@@
************************************************
Run 1 UNWEIGHTED Jpsi Lambda Eff = 0.099056 % +/- 0.00123353 %
Run 1 WEIGHTED Jpsi Lambda Eff = 0.116677 % +/- 0.00140014 %
************************************************
************************************************
Run 2 UNWEIGHTED Jpsi Lambda Eff = 0.124682 % +/- 0.00086819 %
Run 2 WEIGHTED Jpsi Lambda Eff = 0.123519 % +/- 0.000903863 %
************************************************
@@@@@@@@@@@@@@@@@@@@@@@@@@@@@@@@@@@@@@@
Get Lb -> J/psi Sigma efficiency and shape
@@@@@@@@@@@@@@@@@@@@@@@@@@@@@@@@@@@@@@@
************************************************
Run 1 UNWEIGHTED Jpsi Sigma Eff = 0.0817917 % +/- 0.00170186 %
Run 1 WEIGHTED Jpsi Sigma Eff = 0.0962744 % +/- 0.00195346 %
************************************************
***************************************
Run 1 UNWEIGHTED Lambda/Sigma efficiency ratio = 1.21108 +/- 0.0293674
Run 1 WEIGHTED Lambda/Sigma efficiency ratio   = 1.21192 +/- 0.0285692
***************************************
Done importing Jpsi Sigma shape
************************************************
Run 2 UNWEIGHTED Jpsi Sigma Eff = 0.116235 % +/- 0.00108503 %
Run 2 WEIGHTED Jpsi Sigma Eff = 0.11716 % +/- 0.00115977 %
************************************************
***************************************
Run 2 UNWEIGHTED Lambda/Sigma efficiency ratio = 1.07267 +/- 0.0124921
Run 2 WEIGHTED Lambda/Sigma efficiency ratio   = 1.05428 +/- 0.0129783
***************************************
Done importing Jpsi Sigma shape
@@@@@@@@@@@@@@@@@@@@@@@@@@@@@@@@@@@@@@@
Get Lb -> J/psi Lst(1405) efficiency and shape
@@@@@@@@@@@@@@@@@@@@@@@@@@@@@@@@@@@@@@@
************************************************
Run 1 UNWEIGHTED Jpsi /(1405) Eff = 0.0624724 % +/- 0.000505976 %
Run 1 WEIGHTED Jpsi /(1405) Eff = 0.0631422 % +/- 0.000500581 %
************************************************
***************************************
Run 1 UNWEIGHTED /(1405)/Lambda efficiency ratio = 0.53543 +/- 0.00775172
Run 1 WEIGHTED /(1405)/Lambda efficiency ratio   = 0.541171 +/- 0.00778334
***************************************
Done importing Jpsi Lst(1405) shape
************************************************
Run 2 UNWEIGHTED Jpsi /(1405) Eff = 0.0821512 % +/- 0.000940431 %
Run 2 WEIGHTED Jpsi /(1405) Eff = 0.0823145 % +/- 0.000938491 %
************************************************
***************************************
Run 2 UNWEIGHTED /(1405)/Lambda efficiency ratio = 0.665089 +/- 0.00903625
Run 2 WEIGHTED /(1405)/Lambda efficiency ratio   = 0.666411 +/- 0.00902824
***************************************
Done importing Jpsi Lst(1405) shape
************************************************
Run 1 UNWEIGHTED Jpsi /(1520) Eff = 0.0516389 % +/- 0.000466701 %
Run 1 WEIGHTED Jpsi /(1520) Eff = 0.0523444 % +/- 0.000462953 %
************************************************
***************************************
Run 1 UNWEIGHTED /(1520)/Lambda efficiency ratio = 0.44258 +/- 0.00664879
Run 1 WEIGHTED /(1520)/Lambda efficiency ratio   = 0.448626 +/- 0.00668778
***************************************
Done importing Jpsi Lst(1520) shape
************************************************
Run 2 UNWEIGHTED Jpsi /(1520) Eff = 0.0684439 % +/- 0.00103865 %
Run 2 WEIGHTED Jpsi /(1520) Eff = 0.0687361 % +/- 0.00104014 %
************************************************
***************************************
Run 2 UNWEIGHTED /(1520)/Lambda efficiency ratio = 0.554116 +/- 0.00933542
Run 2 WEIGHTED /(1520)/Lambda efficiency ratio   = 0.556482 +/- 0.0093538
***************************************
Done importing Jpsi Lst(1520) shape
************************************************
Run 1 UNWEIGHTED Jpsi /(1600) Eff = 0.0449972 % +/- 0.000415111 %
Run 1 WEIGHTED Jpsi /(1600) Eff = 0.0455975 % +/- 0.000411639 %
************************************************
***************************************
Run 1 UNWEIGHTED /(1600)/Lambda efficiency ratio = 0.385656 +/- 0.00583742
Run 1 WEIGHTED /(1600)/Lambda efficiency ratio   = 0.390801 +/- 0.00586855
***************************************
Done importing Jpsi Lst(1600) shape
************************************************
Run 2 UNWEIGHTED Jpsi /(1600) Eff = 0.0587878 % +/- 0.000730542 %
Run 2 WEIGHTED Jpsi /(1600) Eff = 0.059035 % +/- 0.000730069 %
************************************************
***************************************
Run 2 UNWEIGHTED /(1600)/Lambda efficiency ratio = 0.475941 +/- 0.00686365
Run 2 WEIGHTED /(1600)/Lambda efficiency ratio   = 0.477943 +/- 0.0068678
***************************************
Done importing Jpsi Lst(1600) shape
***************************************
Get J/psi Xi shape from MC
***************************************
Done importing Xib shape
Done importing Xib shape
***************************************
Get J/psi Ks shape from MC
***************************************
Done importing Xib shape
Done defining J/psi Lambda Hypatia shapes
*****UING EXPONENTIAL BKG SHAPE*****
Done defining cont. bkg exp. shapes
Done defining Misc Lambda* Gaussian shapes
RooDataSet::ds_sim1[Lb_DTF_M_JpsiLConstr,GB_WT,wt_tau] = 7194 entries
RooDataSet::ds_sim_wt1[Lb_DTF_M_JpsiLConstr,weight:totWt] = 7194 entries (7829.58 weighted)
mcNentries = 7829.58
RooDataSet::ds_sim2[Lb_DTF_M_JpsiLConstr,GB_WT,wt_tau] = 26632 entries
RooDataSet::ds_sim_wt2[Lb_DTF_M_JpsiLConstr,weight:totWt] = 26632 entries (23456.4 weighted)
mcNentries = 23456.4
reduceEng varSubset = (Lb_DTF_M_JpsiLConstr) _wgtVar = totWt
 **********
 **    1 **SET PRINT           1
 **********
 **********
 **    2 **SET NOGRAD
 **********
 PARAMETER DEFINITIONS:
    NO.   NAME         VALUE      STEP SIZE      LIMITS
     1 a1_Run1      1.80000e+00  1.00000e-01    1.00000e+00  2.00000e+00
     2 a2_Run1      1.70000e+00  4.00000e-02    1.50000e+00  1.90000e+00
     3 lambda_Run1  -2.59000e+00  8.00000e-02   -2.80000e+00 -2.00000e+00
     4 mcnbkg_run1   3.91529e+03  7.82858e+02    1.00000e+00  7.82958e+03
     5 mcnsig_run1   7.82458e+03  2.50000e+00    3.91479e+03  7.82958e+03
     6 mean_Run1    5.61960e+03  2.00000e-01    5.61900e+03  5.62100e+03
     7 sigma_Run1   1.50000e+01  6.00000e-01    1.20000e+01  1.80000e+01
     8 tau_run1    -1.00000e-07  4.95000e-08   -1.00000e-05 -1.00000e-09
 **********
 **    3 **SET ERR         0.5
 **********
 **********
 **    4 **SET PRINT           1
 **********
 **********
 **    5 **SET STR           2
 **********
 NOW USING STRATEGY  2: MAKE SURE MINIMUM TRUE, ERRORS CORRECT  
 **********
 **    6 **MIGRAD        4000           1
 **********
 FIRST CALL TO USER FUNCTION AT NEW START POINT, WITH IFLAG=4.
 START MIGRAD MINIMIZATION.  STRATEGY  2.  CONVERGENCE WHEN EDM .LT. 1.00e-03
 MINUIT WARNING IN HESSE   
 ============== Negative diagonal element 5 in Error Matrix
 MINUIT WARNING IN HESSE   
 ============== 192.847 added to diagonal of error matrix
 COVARIANCE MATRIX CALCULATED SUCCESSFULLY
 FCN=-31313.8 FROM HESSE     STATUS=OK             85 CALLS          86 TOTAL
                     EDM=14221.3    STRATEGY= 2      ERROR MATRIX ACCURATE 
  EXT PARAMETER                                   STEP         FIRST   
  NO.   NAME      VALUE            ERROR          SIZE      DERIVATIVE 
   1  a1_Run1      1.80000e+00   2.67622e-02   5.00000e-01  -1.56531e+01
   2  a2_Run1      1.70000e+00   1.42023e-02   5.00000e-01  -1.01379e+01
   3  lambda_Run1  -2.59000e+00   2.14254e-02   3.68431e-01   7.89837e+01
   4  mcnbkg_run1   3.91529e+03   2.05097e+02   2.37321e-01   3.09604e+03
   5  mcnsig_run1   7.82458e+03   2.56420e+03   2.78781e-01   1.45355e+01
   6  mean_Run1    5.61960e+03   5.57732e-02   4.33059e-01  -2.52925e+01
   7  sigma_Run1   1.50000e+01   1.52520e-01   2.41207e-01   1.05331e+02
   8  tau_run1    -1.00000e-07   7.12277e-08   5.00000e-01  -7.61063e-04
                               ERR DEF= 0.5
 MINUIT WARNING IN MIGRAD  
 ============== Negative diagonal element 5 in Error Matrix
 MINUIT WARNING IN MIGRAD  
 ============== 1.48852 added to diagonal of error matrix
 MIGRAD FAILS TO FIND IMPROVEMENT
 MIGRAD MINIMIZATION HAS CONVERGED.
 MIGRAD WILL VERIFY CONVERGENCE AND ERROR MATRIX.
 COVARIANCE MATRIX CALCULATED SUCCESSFULLY
 FCN=-34044.9 FROM MIGRAD    STATUS=CONVERGED     736 CALLS         737 TOTAL
                     EDM=0.000600778    STRATEGY= 2      ERROR MATRIX ACCURATE 
  EXT PARAMETER                                   STEP         FIRST   
  NO.   NAME      VALUE            ERROR          SIZE      DERIVATIVE 
   1  a1_Run1      1.73941e+00   2.29411e-01   3.17278e-02  -5.80039e-03
   2  a2_Run1      1.62958e+00   2.64672e-01   6.38313e-02  -2.00524e-03
   3  lambda_Run1  -2.45282e+00   2.27112e-01   1.10345e-02  -4.74929e-02
   4  mcnbkg_run1   1.00631e+00   3.17379e+01   1.51985e-02   1.09485e-01
   5  mcnsig_run1   7.82890e+03   5.85374e+02   1.04368e-01  -2.04131e-03
   6  mean_Run1    5.61986e+03   9.13118e-02   1.17459e-02   2.03827e-02
   7  sigma_Run1   1.53639e+01   9.39181e-01   6.90554e-03   3.21986e-02
   8  tau_run1    -9.87286e-08   5.12276e-06   5.00000e-01  -3.77910e-06
                               ERR DEF= 0.5
 EXTERNAL ERROR MATRIX.    NDIM=  25    NPAR=  8    ERR DEF=0.5
  5.827e-02 -4.230e-02  5.148e-02 -2.909e-02 -9.901e-02 -3.463e-04  1.979e-01  3.405e-09 
 -4.230e-02  4.736e-02 -4.697e-02  2.597e-02  8.840e-02 -4.355e-04 -1.804e-01 -1.396e-08 
  5.148e-02 -4.697e-02  5.848e-02 -4.817e-03 -1.640e-02  2.948e-05  2.276e-01  2.910e-09 
 -2.909e-02  2.597e-02 -4.817e-03  8.028e-01  2.609e+00 -1.895e-04 -1.913e-02 -2.179e-07 
 -9.901e-02  8.840e-02 -1.640e-02  2.609e+00  1.682e+03 -6.451e-04 -6.512e-02 -7.415e-07 
 -3.463e-04 -4.355e-04  2.948e-05 -1.895e-04 -6.451e-04  8.362e-03  2.962e-05  2.127e-10 
  1.979e-01 -1.804e-01  2.276e-01 -1.913e-02 -6.512e-02  2.962e-05  9.130e-01  1.119e-08 
  3.405e-09 -1.396e-08  2.910e-09 -2.179e-07 -7.415e-07  2.127e-10  1.119e-08  5.238e-08 
 PARAMETER  CORRELATION COEFFICIENTS  
       NO.  GLOBAL      1      2      3      4      5      6      7      8
        1  0.89163   1.000 -0.805  0.882 -0.134 -0.010 -0.016  0.858  0.000
        2  0.90233  -0.805  1.000 -0.892  0.133  0.010 -0.022 -0.868 -0.000
        3  0.98986   0.882 -0.892  1.000 -0.022 -0.002  0.001  0.985  0.000
        4  0.34884  -0.134  0.133 -0.022  1.000  0.071 -0.002 -0.022 -0.001
        5  0.07100  -0.010  0.010 -0.002  0.071  1.000 -0.000 -0.002 -0.000
        6  0.06089  -0.016 -0.022  0.001 -0.002 -0.000  1.000  0.000  0.000
        7  0.98563   0.858 -0.868  0.985 -0.022 -0.002  0.000  1.000  0.000
        8  0.00112   0.000 -0.000  0.000 -0.001 -0.000  0.000  0.000  1.000
 **********
 **    7 **SET ERR         0.5
 **********
 **********
 **    8 **SET PRINT           1
 **********
 **********
 **    9 **HESSE        4000
 **********
 COVARIANCE MATRIX CALCULATED SUCCESSFULLY
 FCN=-34044.9 FROM HESSE     STATUS=OK             83 CALLS         820 TOTAL
                     EDM=0.000358086    STRATEGY= 2      ERROR MATRIX ACCURATE 
  EXT PARAMETER                                INTERNAL      INTERNAL  
  NO.   NAME      VALUE            ERROR       STEP SIZE       VALUE   
   1  a1_Run1      1.73941e+00   2.17704e-01   2.53822e-04   2.64229e+00
   2  a2_Run1      1.62958e+00   2.64083e-01   5.10651e-04  -3.59816e-01
   3  lambda_Run1  -2.45282e+00   2.14197e-01   2.20691e-03  -2.81419e+01
   4  mcnbkg_run1   1.00631e+00   3.99614e+00   1.70176e-01  -1.56900e+00
   5  mcnsig_run1   7.82890e+03   3.29129e+01   5.00000e-01  -1.24067e+02
   6  mean_Run1    5.61986e+03   9.13234e-02   4.69836e-04   3.28270e+00
   7  sigma_Run1   1.53639e+01   8.84606e-01   2.76221e-04  -1.24448e+01
   8  tau_run1    -9.87286e-08   8.34129e-06   1.00000e-01   1.37275e+00
                               ERR DEF= 0.5
 EXTERNAL ERROR MATRIX.    NDIM=  25    NPAR=  8    ERR DEF=0.5
  5.189e-02 -3.632e-02  4.349e-02 -1.387e-02 -5.599e-02 -2.351e-04  1.676e-01 -4.287e-08 
 -3.632e-02  4.178e-02 -3.957e-02  1.205e-02  4.864e-02 -5.522e-04 -1.522e-01  6.648e-08 
  4.349e-02 -3.957e-02  5.120e-02  3.349e-03  1.338e-02  1.203e-04  1.998e-01  6.892e-09 
 -1.387e-02  1.205e-02  3.349e-03  1.010e-01  4.024e-01 -1.503e-04  1.100e-02  3.886e-07 
 -5.599e-02  4.864e-02  1.338e-02  4.024e-01  8.997e+01 -6.066e-04  4.394e-02  1.567e-06 
 -2.351e-04 -5.522e-04  1.203e-04 -1.503e-04 -6.066e-04  8.364e-03  3.509e-04 -1.018e-09 
  1.676e-01 -1.522e-01  1.998e-01  1.100e-02  4.394e-02  3.509e-04  8.067e-01  1.981e-08 
 -4.287e-08  6.648e-08  6.892e-09  3.886e-07  1.567e-06 -1.018e-09  1.981e-08  5.134e-08 
 PARAMETER  CORRELATION COEFFICIENTS  
       NO.  GLOBAL      1      2      3      4      5      6      7      8
        1  0.87731   1.000 -0.780  0.844 -0.192 -0.026 -0.011  0.819 -0.001
        2  0.88834  -0.780  1.000 -0.856  0.186  0.025 -0.030 -0.829  0.001
        3  0.98841   0.844 -0.856  1.000  0.047  0.006  0.006  0.983  0.000
        4  0.57896  -0.192  0.186  0.047  1.000  0.134 -0.005  0.039  0.005
        5  0.13352  -0.026  0.025  0.006  0.134  1.000 -0.001  0.005  0.001
        6  0.06318  -0.011 -0.030  0.006 -0.005 -0.001  1.000  0.004 -0.000
        7  0.98371   0.819 -0.829  0.983  0.039  0.005  0.004  1.000  0.000
        8  0.00548  -0.001  0.001  0.000  0.005  0.001 -0.000  0.000  1.000
 **********
 **   10 **SET ERR         0.5
 **********
 **********
 **   11 **SET PRINT           1
 **********
 **********
 **   12 **HESSE        4000
 **********
 COVARIANCE MATRIX CALCULATED SUCCESSFULLY
 FCN=-47649.6 FROM HESSE     STATUS=OK             95 CALLS         915 TOTAL
                     EDM=0.575896    STRATEGY= 2      ERROR MATRIX ACCURATE 
  EXT PARAMETER                                INTERNAL      INTERNAL  
  NO.   NAME      VALUE            ERROR       STEP SIZE       VALUE   
   1  a1_Run1      1.73941e+00   1.98676e-01   5.17797e-03   2.64229e+00
   2  a2_Run1      1.62958e+00   1.52495e-01   1.04173e-02  -3.59816e-01
   3  lambda_Run1  -2.45282e+00   1.91304e-01   4.50210e-02  -2.81419e+01
   4  mcnbkg_run1   1.00631e+00   3.03105e+00   1.70592e-01  -1.56900e+00
   5  mcnsig_run1   7.82890e+03   2.35474e+01   5.00000e-01  -1.24067e+02
   6  mean_Run1    5.61986e+03   7.72786e-02   9.58465e-03   3.28270e+00
   7  sigma_Run1   1.53639e+01   7.75329e-01   5.63492e-03  -1.24448e+01
   8  tau_run1    -9.87286e-08   7.22114e-06   5.00000e-01   1.37275e+00
                               ERR DEF= 0.5
 EXTERNAL ERROR MATRIX.    NDIM=  25    NPAR=  8    ERR DEF=0.5
  4.251e-02 -2.924e-02  3.504e-02 -1.081e-02 -4.414e-02 -2.442e-04  1.337e-01  1.084e-08 
 -2.924e-02  3.177e-02 -3.076e-02  9.406e-03  3.843e-02 -3.622e-04 -1.174e-01 -1.286e-08 
  3.504e-02 -3.076e-02  3.985e-02  2.651e-03  1.074e-02  6.983e-05  1.541e-01 -2.948e-09 
 -1.081e-02  9.406e-03  2.651e-03  7.657e-02  3.093e-01 -6.824e-05  8.930e-03 -8.869e-08 
 -4.414e-02  3.843e-02  1.074e-02  3.093e-01  6.432e+01 -2.795e-04  3.621e-02 -3.627e-07 
 -2.442e-04 -3.622e-04  6.983e-05 -6.824e-05 -2.795e-04  5.984e-03  2.349e-04  1.370e-10 
  1.337e-01 -1.174e-01  1.541e-01  8.930e-03  3.621e-02  2.349e-04  6.152e-01 -9.931e-09 
  1.084e-08 -1.286e-08 -2.948e-09 -8.869e-08 -3.627e-07  1.370e-10 -9.931e-09  1.718e-08 
 PARAMETER  CORRELATION COEFFICIENTS  
       NO.  GLOBAL      1      2      3      4      5      6      7      8
        1  0.88518   1.000 -0.796  0.851 -0.190 -0.027 -0.015  0.827  0.000
        2  0.89833  -0.796  1.000 -0.865  0.191  0.027 -0.026 -0.840 -0.001
        3  0.98932   0.851 -0.865  1.000  0.048  0.007  0.005  0.984 -0.000
        4  0.59808  -0.190  0.191  0.048  1.000  0.139 -0.003  0.041 -0.002
        5  0.13936  -0.027  0.027  0.007  0.139  1.000 -0.000  0.006 -0.000
        6  0.06556  -0.015 -0.026  0.005 -0.003 -0.000  1.000  0.004  0.000
        7  0.98481   0.827 -0.840  0.984  0.041  0.006  0.004  1.000 -0.000
        8  0.00246   0.000 -0.001 -0.000 -0.002 -0.000  0.000 -0.000  1.000
reduceEng varSubset = (Lb_DTF_M_JpsiLConstr) _wgtVar = totWt
 **********
 **   13 **SET PRINT           1
 **********
 **********
 **   14 **SET NOGRAD
 **********
 PARAMETER DEFINITIONS:
    NO.   NAME         VALUE      STEP SIZE      LIMITS
     1 a1_Run2      2.00000e+00  1.00000e-01    1.50000e+00  2.50000e+00
     2 a2_Run2      1.75000e+00  2.00000e-01    1.00000e+00  3.00000e+00
     3 lambda_Run2  -2.30000e+00  8.00000e-02   -2.80000e+00 -2.00000e+00
     4 mcnbkg_run2   1.17287e+04  2.34554e+03    1.00000e+00  2.34564e+04
     5 mcnsig_run2   2.34514e+04  2.50000e+00    1.17282e+04  2.34564e+04
     6 mean_Run2    5.61960e+03  2.00000e-01    5.61900e+03  5.62100e+03
     7 sigma_Run2   1.40000e+01  6.00000e-01    1.10000e+01  1.70000e+01
     8 tau_run2    -1.00000e-07  4.95000e-08   -1.00000e-05 -1.00000e-09
 **********
 **   15 **SET ERR         0.5
 **********
 **********
 **   16 **SET PRINT           1
 **********
 **********
 **   17 **SET STR           2
 **********
 NOW USING STRATEGY  2: MAKE SURE MINIMUM TRUE, ERRORS CORRECT  
 **********
 **   18 **MIGRAD        4000           1
 **********
 FIRST CALL TO USER FUNCTION AT NEW START POINT, WITH IFLAG=4.
 START MIGRAD MINIMIZATION.  STRATEGY  2.  CONVERGENCE WHEN EDM .LT. 1.00e-03
 MINUIT WARNING IN HESSE   
 ============== Negative diagonal element 5 in Error Matrix
 MINUIT WARNING IN HESSE   
 ============== Negative diagonal element 8 in Error Matrix
 MINUIT WARNING IN HESSE   
 ============== 657.07 added to diagonal of error matrix
 COVARIANCE MATRIX CALCULATED SUCCESSFULLY
 FCN=-118395 FROM HESSE     STATUS=OK             85 CALLS          86 TOTAL
                     EDM=28341.3    STRATEGY= 2      ERROR MATRIX ACCURATE 
  EXT PARAMETER                                   STEP         FIRST   
  NO.   NAME      VALUE            ERROR          SIZE      DERIVATIVE 
   1  a1_Run2      2.00000e+00   1.87890e-02   5.00000e-01  -4.63805e+01
   2  a2_Run2      1.75000e+00   3.07232e-02   4.10130e-01  -1.65858e+02
   3  lambda_Run2  -2.30000e+00   1.38759e-02   4.76997e-01   2.31432e+02
   4  mcnbkg_run2   1.17287e+04   3.01968e+02   2.47543e-01   9.07202e+03
   5  mcnsig_run2   2.34514e+04   7.33967e+03   1.09039e-01   2.73658e+01
   6  mean_Run2    5.61960e+03   3.15469e-02   5.00000e-01  -1.42922e+02
   7  sigma_Run2   1.40000e+01   8.24482e-02   2.54293e-01   1.83596e+02
   8  tau_run2    -1.00000e-07   3.86117e-08   5.00000e-01   2.66471e-05
                               ERR DEF= 0.5
 MINUIT WARNING IN MIGRAD  
 ============== Negative diagonal element 1 in Error Matrix
 MINUIT WARNING IN MIGRAD  
 ============== Negative diagonal element 2 in Error Matrix
 MINUIT WARNING IN MIGRAD  
 ============== Negative diagonal element 3 in Error Matrix
 MINUIT WARNING IN MIGRAD  
 ============== Negative diagonal element 7 in Error Matrix
 MINUIT WARNING IN MIGRAD  
 ============== 19.0713 added to diagonal of error matrix
 EIGENVALUES OF SECOND-DERIVATIVE MATRIX:
        -2.8622e-01  1.0000e+00  1.0000e+00  1.0001e+00  1.0009e+00  1.0137e+00  1.0300e+00  2.2415e+00
 MINUIT WARNING IN MIGRAD  
 ============== MATRIX FORCED POS-DEF BY ADDING 0.288463 TO DIAGONAL.
 MIGRAD MINIMIZATION HAS CONVERGED.
 MIGRAD WILL VERIFY CONVERGENCE AND ERROR MATRIX.
 MINUIT WARNING IN HESSE   
 ============== Negative diagonal element 8 in Error Matrix
 MINUIT WARNING IN HESSE   
 ============== 1.00001 added to diagonal of error matrix
 COVARIANCE MATRIX CALCULATED SUCCESSFULLY
 FCN=-126380 FROM MIGRAD    STATUS=CONVERGED     999 CALLS        1000 TOTAL
                     EDM=1.56029e-05    STRATEGY= 2      ERROR MATRIX ACCURATE 
  EXT PARAMETER                                   STEP         FIRST   
  NO.   NAME      VALUE            ERROR          SIZE      DERIVATIVE 
   1  a1_Run2      1.98866e+00   9.97765e-02   4.62169e-02   6.86504e-03
   2  a2_Run2      2.19596e+00   1.26565e-01   2.99042e-02  -3.86040e-03
   3  lambda_Run2  -2.00597e+00   2.63885e-02   5.81758e-02  -9.73433e-03
   4  mcnbkg_run2   1.00000e+00   5.01077e+00   7.15980e-03** at limit **
   5  mcnsig_run2   2.34564e+04   5.20379e+02   1.14211e-01** at limit **
   6  mean_Run2    5.62008e+03   5.49964e-02   1.35427e-02   2.51832e-03
   7  sigma_Run2   1.41890e+01   1.32366e-01   7.34251e-03   1.21439e-02
   8  tau_run2    -1.00009e-07   2.25274e-06   5.00000e-01   8.26840e-07
                               ERR DEF= 0.5
 EXTERNAL ERROR MATRIX.    NDIM=  25    NPAR=  8    ERR DEF=0.5
  1.009e-02  1.792e-03  8.444e-04  2.832e-06  4.588e-05 -3.068e-04 -1.330e-03  5.139e-14 
  1.792e-03  1.611e-02  1.013e-03  3.967e-06  6.427e-05  2.464e-04 -1.974e-03 -6.607e-14 
  8.444e-04  1.013e-03  6.422e-04  4.081e-08  6.616e-07 -1.192e-06 -2.398e-03  1.410e-16 
  2.832e-06  3.967e-06  4.081e-08  7.325e-07  6.826e-06 -2.490e-08  1.538e-10  2.153e-16 
  4.588e-05  6.427e-05  6.616e-07  6.826e-06  1.396e+00 -4.033e-07  4.773e-09  3.507e-15 
 -3.068e-04  2.464e-04 -1.192e-06 -2.490e-08 -4.033e-07  3.028e-03 -5.727e-05 -1.234e-15 
 -1.330e-03 -1.974e-03 -2.398e-03  1.538e-10  4.773e-09 -5.727e-05  1.753e-02  1.668e-15 
  5.139e-14 -6.607e-14  1.410e-16  2.153e-16  3.507e-15 -1.234e-15  1.668e-15  9.802e-13 
 PARAMETER  CORRELATION COEFFICIENTS  
       NO.  GLOBAL      1      2      3      4      5      6      7      8
        1  0.39026   1.000  0.141  0.332  0.033  0.000 -0.056 -0.100  0.000
        2  0.35445   0.141  1.000  0.315  0.037  0.000  0.035 -0.117 -0.000
        3  0.78701   0.332  0.315  1.000  0.002  0.000 -0.001 -0.715  0.000
        4  0.05177   0.033  0.037  0.002  1.000  0.007 -0.001  0.000  0.000
        5  0.00675   0.000  0.000  0.000  0.007  1.000 -0.000  0.000  0.000
        6  0.07110  -0.056  0.035 -0.001 -0.001 -0.000  1.000 -0.008 -0.000
        7  0.73718  -0.100 -0.117 -0.715  0.000  0.000 -0.008  1.000  0.000
        8  0.00000   0.000 -0.000  0.000  0.000  0.000 -0.000  0.000  1.000
 **********
 **   19 **SET ERR         0.5
 **********
 **********
 **   20 **SET PRINT           1
 **********
 **********
 **   21 **HESSE        4000
 **********
 MINUIT WARNING IN HESSE   
 ============== Negative diagonal element 8 in Error Matrix
 MINUIT WARNING IN HESSE   
 ============== 1.00001 added to diagonal of error matrix
 COVARIANCE MATRIX CALCULATED SUCCESSFULLY
 FCN=-126380 FROM HESSE     STATUS=OK             97 CALLS        1097 TOTAL
                     EDM=1.62032e-05    STRATEGY= 2      ERROR MATRIX ACCURATE 
  EXT PARAMETER                                INTERNAL      INTERNAL  
  NO.   NAME      VALUE            ERROR       STEP SIZE       VALUE   
   1  a1_Run2      1.98866e+00   9.57487e-02   5.00000e-01  -2.26779e-02
   2  a2_Run2      2.19596e+00   1.04638e-01   4.97797e-01   1.97237e-01
   3  lambda_Run2  -2.00597e+00   2.72239e-02   4.74714e-02   1.39781e+00
   4  mcnbkg_run2   1.00000e+00   5.01525e+00   1.43196e-03  -1.57079e+00
                                 WARNING -   - ABOVE PARAMETER IS AT LIMIT.
   5  mcnsig_run2   2.34564e+04   3.23730e+01   5.00000e-01  -1.72783e+01
                                 WARNING -   - ABOVE PARAMETER IS AT LIMIT.
   6  mean_Run2    5.62008e+03   5.49197e-02   5.41709e-04   8.35951e-02
   7  sigma_Run2   1.41890e+01   1.39581e-01   2.93700e-04   6.30466e-02
   8  tau_run2    -1.00009e-07   2.25274e-06   1.00000e-01   1.37145e+00
                               ERR DEF= 0.5
 EXTERNAL ERROR MATRIX.    NDIM=  25    NPAR=  8    ERR DEF=0.5
  9.282e-03  7.324e-04  7.153e-04  4.829e-07  4.697e-06 -2.150e-04 -1.622e-03 -1.525e-13 
  7.324e-04  1.099e-02  5.227e-04  5.071e-07  4.932e-06  1.203e-04 -1.223e-03  1.375e-13 
  7.153e-04  5.227e-04  6.627e-04 -3.290e-08 -3.200e-07 -9.593e-07 -2.725e-03 -5.817e-15 
  4.829e-07  5.071e-07 -3.290e-08  7.331e-07  3.693e-07 -6.483e-09  8.713e-08 -1.274e-16 
  4.697e-06  4.932e-06 -3.200e-07  3.693e-07  8.564e-02 -6.308e-08  8.475e-07 -1.274e-15 
 -2.150e-04  1.203e-04 -9.593e-07 -6.483e-09 -6.308e-08  3.019e-03 -5.490e-05 -1.030e-15 
 -1.622e-03 -1.223e-03 -2.725e-03  8.713e-08  8.475e-07 -5.490e-05  1.950e-02  1.370e-14 
 -1.525e-13  1.375e-13 -5.817e-15 -1.274e-16 -1.274e-15 -1.030e-15  1.370e-14  9.802e-13 
 PARAMETER  CORRELATION COEFFICIENTS  
       NO.  GLOBAL      1      2      3      4      5      6      7      8
        1  0.32763   1.000  0.073  0.288  0.006  0.000 -0.041 -0.121 -0.000
        2  0.21783   0.073  1.000  0.194  0.006  0.000  0.021 -0.084  0.000
        3  0.79261   0.288  0.194  1.000 -0.001 -0.000 -0.001 -0.758 -0.000
        4  0.00937   0.006  0.006 -0.001  1.000  0.001 -0.000  0.001 -0.000
        5  0.00149   0.000  0.000 -0.000  0.001  1.000 -0.000  0.000 -0.000
        6  0.04825  -0.041  0.021 -0.001 -0.000 -0.000  1.000 -0.007 -0.000
        7  0.76763  -0.121 -0.084 -0.758  0.001  0.000 -0.007  1.000  0.000
        8  0.00000  -0.000  0.000 -0.000 -0.000 -0.000 -0.000  0.000  1.000
 **********
 **   22 **SET ERR         0.5
 **********
 **********
 **   23 **SET PRINT           1
 **********
 **********
 **   24 **HESSE        4000
 **********
 MINUIT WARNING IN HESSE   
 ============== Negative diagonal element 8 in Error Matrix
 MINUIT WARNING IN HESSE   
 ============== 1.00001 added to diagonal of error matrix
 COVARIANCE MATRIX CALCULATED SUCCESSFULLY
 FCN=-147411 FROM HESSE     STATUS=OK            105 CALLS        1202 TOTAL
                     EDM=14.5131    STRATEGY= 2      ERROR MATRIX ACCURATE 
  EXT PARAMETER                                INTERNAL      INTERNAL  
  NO.   NAME      VALUE            ERROR       STEP SIZE       VALUE   
   1  a1_Run2      1.98866e+00   1.09725e-01   5.00000e-01  -2.26779e-02
   2  a2_Run2      2.19596e+00   1.18514e-01   5.00000e-01   1.97237e-01
   3  lambda_Run2  -2.00597e+00   9.82050e-03   3.87367e-02   1.39781e+00
   4  mcnbkg_run2   1.00000e+00   3.49183e+00   1.92032e-01  -1.57079e+00
                                 WARNING -   - ABOVE PARAMETER IS AT LIMIT.
   5  mcnsig_run2   2.34564e+04   2.82803e+01   5.00000e-01  -1.72783e+01
                                 WARNING -   - ABOVE PARAMETER IS AT LIMIT.
   6  mean_Run2    5.62008e+03   5.09326e-02   1.10509e-02   8.35951e-02
   7  sigma_Run2   1.41890e+01   9.46257e-02   5.99149e-03   6.30466e-02
   8  tau_run2    -1.00009e-07   2.25274e-06   5.00000e-01   1.37145e+00
                               ERR DEF= 0.5
 EXTERNAL ERROR MATRIX.    NDIM=  25    NPAR=  8    ERR DEF=0.5
  1.224e-02  2.937e-03  1.196e-04  3.669e-05  1.926e-03 -3.049e-04  9.893e-04  4.427e-13 
  2.937e-03  1.411e-02  8.413e-05  3.447e-05  1.810e-03  1.166e-04  7.164e-04  2.823e-13 
  1.196e-04  8.413e-05  9.710e-05 -2.624e-07 -1.375e-05 -7.047e-07 -3.989e-04 -2.173e-15 
  3.669e-05  3.447e-05 -2.624e-07  5.104e-07  2.671e-05 -5.505e-07 -1.730e-06  5.138e-15 
  1.926e-03  1.810e-03 -1.375e-05  2.671e-05  7.481e-02 -2.890e-05 -9.028e-05  2.699e-13 
 -3.049e-04  1.166e-04 -7.047e-07 -5.505e-07 -2.890e-05  2.596e-03 -4.675e-05 -6.611e-15 
  9.893e-04  7.164e-04 -3.989e-04 -1.730e-06 -9.028e-05 -4.675e-05  8.957e-03 -1.320e-14 
  4.427e-13  2.823e-13 -2.173e-15  5.138e-15  2.699e-13 -6.611e-15 -1.320e-14  9.802e-13 
 PARAMETER  CORRELATION COEFFICIENTS  
       NO.  GLOBAL      1      2      3      4      5      6      7      8
        1  0.51523   1.000  0.223  0.110  0.464  0.064 -0.054  0.094  0.000
        2  0.43411   0.223  1.000  0.072  0.406  0.056  0.019  0.064  0.000
        3  0.48910   0.110  0.072  1.000 -0.037 -0.005 -0.001 -0.428 -0.000
        4  0.59303   0.464  0.406 -0.037  1.000  0.137 -0.015 -0.026  0.000
        5  0.13670   0.064  0.056 -0.005  0.137  1.000 -0.002 -0.003  0.000
        6  0.06322  -0.054  0.019 -0.001 -0.015 -0.002  1.000 -0.010 -0.000
        7  0.48181   0.094  0.064 -0.428 -0.026 -0.003 -0.010  1.000 -0.000
        8  0.00001   0.000  0.000 -0.000  0.000  0.000 -0.000 -0.000  1.000
Importing Run 1 data
Done making RooDataHist
RooDataHist::ds1[Lb_DTF_M_JpsiLConstr] = 350 bins (6713 weights)
Done importing Run 1 data
Importing Run 2 data
Done making RooDataHist
RooDataHist::ds2[Lb_DTF_M_JpsiLConstr] = 350 bins (27768 weights)
Done importing Run 2 data
before sb fit
 **********
 **    1 **SET PRINT           1
 **********
 **********
 **    2 **SET NOGRAD
 **********
 PARAMETER DEFINITIONS:
    NO.   NAME         VALUE      STEP SIZE      LIMITS
     1 slope_Run2  -2.00000e+00  2.50000e-01   -5.00000e+00  0.00000e+00
 **********
 **    3 **SET ERR         0.5
 **********
 **********
 **    4 **SET PRINT           1
 **********
 **********
 **    5 **SET STR           1
 **********
 NOW USING STRATEGY  1: TRY TO BALANCE SPEED AGAINST RELIABILITY
 **********
 **    6 **MIGRAD         500           1
 **********
 FIRST CALL TO USER FUNCTION AT NEW START POINT, WITH IFLAG=4.
 START MIGRAD MINIMIZATION.  STRATEGY  1.  CONVERGENCE WHEN EDM .LT. 1.00e-03
 FCN=128.924 FROM MIGRAD    STATUS=INITIATE        4 CALLS           5 TOTAL
                     EDM= unknown      STRATEGY= 1      NO ERROR MATRIX       
  EXT PARAMETER               CURRENT GUESS       STEP         FIRST   
  NO.   NAME      VALUE            ERROR          SIZE      DERIVATIVE 
   1  slope_Run2  -2.00000e+00   2.50000e-01   1.02263e-01   2.70464e+01
                               ERR DEF= 0.5
 MIGRAD MINIMIZATION HAS CONVERGED.
 MIGRAD WILL VERIFY CONVERGENCE AND ERROR MATRIX.
 COVARIANCE MATRIX CALCULATED SUCCESSFULLY
 FCN=128.012 FROM MIGRAD    STATUS=CONVERGED      21 CALLS          22 TOTAL
                     EDM=5.41156e-08    STRATEGY= 1      ERROR MATRIX ACCURATE 
  EXT PARAMETER                                   STEP         FIRST   
  NO.   NAME      VALUE            ERROR          SIZE      DERIVATIVE 
   1  slope_Run2  -2.19830e+00   1.79694e-01   5.59827e-04   3.20998e-03
                               ERR DEF= 0.5
 EXTERNAL ERROR MATRIX.    NDIM=  25    NPAR=  1    ERR DEF=0.5
  3.235e-02 
 **********
 **    7 **SET ERR         0.5
 **********
 **********
 **    8 **SET PRINT           1
 **********
 **********
 **    9 **HESSE         500
 **********
 COVARIANCE MATRIX CALCULATED SUCCESSFULLY
 FCN=128.012 FROM HESSE     STATUS=OK              5 CALLS          27 TOTAL
                     EDM=5.39239e-08    STRATEGY= 1      ERROR MATRIX ACCURATE 
  EXT PARAMETER                                INTERNAL      INTERNAL  
  NO.   NAME      VALUE            ERROR       STEP SIZE       VALUE   
   1  slope_Run2  -2.19830e+00   1.79694e-01   1.11965e-04   1.20974e-01
                               ERR DEF= 0.5
 EXTERNAL ERROR MATRIX.    NDIM=  25    NPAR=  1    ERR DEF=0.5
  3.235e-02 
RooDataHist::combData[sample,Lb_DTF_M_JpsiLConstr] = 700 bins (34481 weights)
Done importing combData and simPdf
**********Printing w after all imports***********

RooWorkspace(w) w contents

variables
---------
(Lb_DTF_M_JpsiLConstr,R,R_1405,R_1520,R_1600,a1_Run1,a1_Run2,a2_Run1,a2_Run2,eff_ratio1,eff_ratio2,eff_ratio_1405_1,eff_ratio_1405_2,eff_ratio_1520_1,eff_ratio_1520_2,eff_ratio_1600_1,eff_ratio_1600_2,geff_ratio1,geff_ratio2,geff_ratio_1405_1,geff_ratio_1405_2,geff_ratio_1520_1,geff_ratio_1520_2,geff_ratio_1600_1,geff_ratio_1600_2,gnXib1,gnXib2,gshift_Xib,lambda_Run1,lambda_Run2,mcnbkg_run1,mcnbkg_run2,mcnsig_run1,mcnsig_run2,mean_Run1,mean_Run2,miscLstMean_Run1,miscLstMean_Run2,miscLstSigma_Run1,miscLstSigma_Run2,nBkg_Run1,nBkg_Run2,nJpsiKs_Run1,nJpsiKs_Run2,nLb_Run1,nLb_Run2,nMiscLst_Run1,nMiscLst_Run2,nXib1,nXib2,nXib_JpsiLambda_Run1,nXib_JpsiLambda_Run2,sample,shift_Xib,sigma_Run1,sigma_Run2,slope_Run1,slope_Run2,tau_run1,tau_run2)

p.d.f.s
-------
RooExponential::Bkg_Run1[ x=Lb_DTF_M_JpsiLConstr c=Bkg_Run1_2 ] = 3.53263e-24
RooExponential::Bkg_Run2[ x=Lb_DTF_M_JpsiLConstr c=Bkg_Run2_2 ] = 1.39605e-15
RooKeysPdf::JPSIKS_RUN1[ x=Lb_DTF_M_JpsiLConstr ] = 0.00032224
RooKeysPdf::JPSIKS_RUN2[ x=Lb_DTF_M_JpsiLConstr ] = 0.000302053
RooKeysPdf::LST1405_Run1[ x=Lb_DTF_M_JpsiLConstr ] = 0.00103942
RooKeysPdf::LST1405_Run2[ x=Lb_DTF_M_JpsiLConstr ] = 0.000993595
RooKeysPdf::LST1520_Run1[ x=Lb_DTF_M_JpsiLConstr ] = 0.000478633
RooKeysPdf::LST1520_Run2[ x=Lb_DTF_M_JpsiLConstr ] = 0.000499484
RooKeysPdf::LST1600_Run1[ x=Lb_DTF_M_JpsiLConstr ] = 0.000299201
RooKeysPdf::LST1600_Run2[ x=Lb_DTF_M_JpsiLConstr ] = 0.000264099
RooHypatia2::Lb_Run1[ x=Lb_DTF_M_JpsiLConstr l=lambda_Run1 zeta=0 fb=0 sigma=sigma_Run1 mu=mean_Run1 a=a1_Run1 n=2 a2=a2_Run1 n2=2 ] = 5.63877e-05
RooHypatia2::Lb_Run2[ x=Lb_DTF_M_JpsiLConstr l=lambda_Run2 zeta=0 fb=0 sigma=sigma_Run2 mu=mean_Run2 a=a1_Run2 n=2 a2=a2_Run2 n2=2 ] = 8.5025e-05
RooKeysPdf::SIG_Run1[ x=Lb_DTF_M_JpsiLConstr ] = 0.00376982
RooKeysPdf::SIG_Run2[ x=Lb_DTF_M_JpsiLConstr ] = 0.00424713
RooKeysPdf::XIB_RUN1[ x=Lb_DTF_M_JpsiLConstr ] = 0.00157639
RooKeysPdf::XIB_RUN2[ x=Lb_DTF_M_JpsiLConstr ] = 0.00166013
RooHypatia2::Xib_Run1[ x=Lb_DTF_M_JpsiLConstr l=lambda_Run1 zeta=0 fb=0 sigma=sigma_Run1 mu=XibMean_Run1 a=a1_Run1 n=2 a2=a2_Run1 n2=2 ] = 1.66418e-05
RooHypatia2::Xib_Run2[ x=Lb_DTF_M_JpsiLConstr l=lambda_Run2 zeta=0 fb=0 sigma=sigma_Run2 mu=XibMean_Run2 a=a1_Run2 n=2 a2=a2_Run2 n2=2 ] = 2.51825e-05
RooGaussian::eff_ratio_1405_constraint1[ x=geff_ratio_1405_1 mean=eff_ratio_1405_1 sigma=0.007783 ] = 1
RooGaussian::eff_ratio_1405_constraint2[ x=geff_ratio_1405_2 mean=eff_ratio_1405_2 sigma=0.009028 ] = 1
RooGaussian::eff_ratio_1520_constraint1[ x=geff_ratio_1520_1 mean=eff_ratio_1520_1 sigma=0.006688 ] = 1
RooGaussian::eff_ratio_1520_constraint2[ x=geff_ratio_1520_2 mean=eff_ratio_1520_2 sigma=0.009354 ] = 1
RooGaussian::eff_ratio_1600_constraint1[ x=geff_ratio_1600_1 mean=eff_ratio_1600_1 sigma=0.005869 ] = 1
RooGaussian::eff_ratio_1600_constraint2[ x=geff_ratio_1600_2 mean=eff_ratio_1600_2 sigma=0.006868 ] = 1
RooGaussian::eff_ratio_constraint1[ x=geff_ratio1 mean=eff_ratio1 sigma=0.028569 ] = 1
RooGaussian::eff_ratio_constraint2[ x=geff_ratio2 mean=eff_ratio2 sigma=0.012978 ] = 1
RooGaussian::lstLump_Run1[ x=Lb_DTF_M_JpsiLConstr mean=miscLstMean_Run1 sigma=miscLstSigma_Run1 ] = 6.00372e-10
RooGaussian::lstLump_Run2[ x=Lb_DTF_M_JpsiLConstr mean=miscLstMean_Run2 sigma=miscLstSigma_Run2 ] = 6.00372e-10
RooAddPdf::mcFit_Run1[ mcnsig_run1 * Lb_Run1 + mcnbkg_run1 * mcbkg_Run1 ] = 0.000184834
RooAddPdf::mcFit_Run2[ mcnsig_run2 * Lb_Run2 + mcnbkg_run2 * mcbkg_Run2 ] = 0.000127629
RooExponential::mcbkg_Run1[ x=Lb_DTF_M_JpsiLConstr c=tau_run1 ] = 0.999467
RooExponential::mcbkg_Run2[ x=Lb_DTF_M_JpsiLConstr c=tau_run2 ] = 0.99946
RooAddPdf::model1[ nSigma1 * SIG_Run1 + nLb_Run1 * Lb_Run1 + nXib1 * XIB_RUN1 + n1405_Run1 * LST1405_Run1 + n1520_Run1 * LST1520_Run1 + n1600_Run1 * LST1600_Run1 + nMiscLst_Run1 * lstLump_Run1 + nBkg_Run1 * Bkg_Run1 + nXib_JpsiLambda_Run1 * Xib_Run1 + nJpsiKs_Run1 * JPSIKS_RUN1 ] = 5.44119e-05
RooAddPdf::model2[ nSigma2 * SIG_Run2 + nLb_Run2 * Lb_Run2 + nXib2 * XIB_RUN2 + n1405_Run2 * LST1405_Run2 + n1520_Run2 * LST1520_Run2 + n1600_Run2 * LST1600_Run2 + nMiscLst_Run2 * lstLump_Run2 + nBkg_Run2 * Bkg_Run2 + nXib_JpsiLambda_Run2 * Xib_Run2 + nJpsiKs_Run2 * JPSIKS_RUN2 ] = 8.25409e-05
RooProdPdf::model_const1[ model1 * eff_ratio_constraint1 * nXib_constraint1 * eff_ratio_1405_constraint1 * eff_ratio_1520_constraint1 * eff_ratio_1600_constraint1 * shift_Xib_constraint ] = 5.44119e-05
RooProdPdf::model_const2[ model2 * eff_ratio_constraint2 * nXib_constraint2 * eff_ratio_1405_constraint2 * eff_ratio_1520_constraint2 * eff_ratio_1600_constraint2 * shift_Xib_constraint ] = 8.25409e-05
