Info in <StandardHypoTestInvDemo>: Model ModelConfig has no snapshot  - make one using model poi
Info in <StandardHypoTestInvDemo>: Using Minuit as minimizer for computing the test statistic
Info in <StandardHypoTestInvDemo>:  Doing a first fit to the observed data 
Info in <TCanvas::Print>: pdf file ../plots/ANA/CLs_Hypatia_Expo_4700_6200_config1.pdf has been created
#######################################
Input file exists! Hurray!
Printing contents of w1 from input file

RooWorkspace(w1) w1 contents

variables
---------
(GB_WT,Lb_DTF_M_JpsiLConstr,sample,totWt,wt_tau)

p.d.f.s
-------
RooKeysPdf::JPSIKS_RUN1[ x=Lb_DTF_M_JpsiLConstr ] = 0.004878
RooKeysPdf::JPSIKS_RUN2[ x=Lb_DTF_M_JpsiLConstr ] = 0.00461574
RooKeysPdf::LST1405_Run1[ x=Lb_DTF_M_JpsiLConstr ] = 0.000189521
RooKeysPdf::LST1405_Run2[ x=Lb_DTF_M_JpsiLConstr ] = 0.000202956
RooKeysPdf::LST1520_Run1[ x=Lb_DTF_M_JpsiLConstr ] = 8.26641e-05
RooKeysPdf::LST1520_Run2[ x=Lb_DTF_M_JpsiLConstr ] = 8.11762e-05
RooKeysPdf::LST1600_Run1[ x=Lb_DTF_M_JpsiLConstr ] = 5.63586e-05
RooKeysPdf::LST1600_Run2[ x=Lb_DTF_M_JpsiLConstr ] = 5.87416e-05
RooKeysPdf::SIG_Run1[ x=Lb_DTF_M_JpsiLConstr ] = 0.00422082
RooKeysPdf::SIG_Run2[ x=Lb_DTF_M_JpsiLConstr ] = 0.00424705
RooKeysPdf::XIB_RUN1[ x=Lb_DTF_M_JpsiLConstr ] = 0.0023874
RooKeysPdf::XIB_RUN2[ x=Lb_DTF_M_JpsiLConstr ] = 0.00189981

datasets
--------
RooDataSet::ds_sig_Run1(Lb_DTF_M_JpsiLConstr,GB_WT,wt_tau,totWt)
RooDataSet::ds_sig_wt_Run1(Lb_DTF_M_JpsiLConstr)
RooDataSet::ds_sig_Run2(Lb_DTF_M_JpsiLConstr,GB_WT,wt_tau,totWt)
RooDataSet::ds_sig_wt_Run2(Lb_DTF_M_JpsiLConstr)
RooDataSet::ds_1405_Run1(Lb_DTF_M_JpsiLConstr)
RooDataSet::ds_1405_Run2(Lb_DTF_M_JpsiLConstr)
RooDataSet::ds_1520_Run1(Lb_DTF_M_JpsiLConstr)
RooDataSet::ds_1520_Run2(Lb_DTF_M_JpsiLConstr)
RooDataSet::ds_1600_Run1(Lb_DTF_M_JpsiLConstr)
RooDataSet::ds_1600_Run2(Lb_DTF_M_JpsiLConstr)
RooDataSet::ds_xi_Run1(Lb_DTF_M_JpsiLConstr,GB_WT)
RooDataSet::ds_xi_wt_Run1(Lb_DTF_M_JpsiLConstr)
RooDataSet::ds_xi_Run2(Lb_DTF_M_JpsiLConstr,GB_WT)
RooDataSet::ds_xi_wt_Run2(Lb_DTF_M_JpsiLConstr)
RooDataSet::ds_jpsiks_Run1(Lb_DTF_M_JpsiLConstr)
RooDataSet::ds_jpsiks_Run2(Lb_DTF_M_JpsiLConstr)
RooDataHist::ds1(Lb_DTF_M_JpsiLConstr)
RooDataHist::ds2(Lb_DTF_M_JpsiLConstr)
RooDataHist::combData(sample,Lb_DTF_M_JpsiLConstr)

#######################################
[#1] INFO:Eval -- RooRealVar::setRange(Lb_DTF_M_JpsiLConstr) new range named 'signal_window' created with bounds [5365,5600]
[#1] INFO:Eval -- RooRealVar::setRange(Lb_DTF_M_JpsiLConstr) new range named 'sideband_window' created with bounds [5800,6200]
[#1] INFO:Eval -- RooRealVar::setRange(Lb_DTF_M_JpsiLConstr) new range named 'simFit_window' created with bounds [5500,5740]
@@@@@@@@@@@@@@@@@@@@@@@@@@@@@@@@@@@@@@@
Get Xib Normalization
@@@@@@@@@@@@@@@@@@@@@@@@@@@@@@@@@@@@@@@
xibYield = 36.361+/-7.75666+/-3.27249
UNWEIGHTED Xib->JpsiXi Eff = 0.0631 % +/- 0.0014 %
WEIGHTED Xib->JpsiXi Eff = 0.0728 % +/- 0.0015 %
UNWEIGHTED Xib->JpsiLambda Eff = 0.0132 % +/-0.0006 %
WEIGHTED Xib->JpsiLambda Eff = 0.0206 % +/-0.0008 %
UNWEIGTED Norm = 14.5657440917+/-3.10721719881+/-1.75902771285
WEIGHTED Norm = 19.7817735369+/-4.21991946104+/-2.32839133356
BREAKUP OF SYSTEMATICS:
Overall Syst     = 11.7703871658%
*Tracking        = 5.0%
*Xi Vtx          = 1.4%
*Xib Yield       = 9.0%
*Xib->JpsiL eff  = 3.9095705964%
*Xib->JpsiXi eff = 2.08057811171%
*tauXib-/tauXib0 = 3.3118675253%
************************************************
The UNWEIGHTED LL Xib normalization for Run 1 is 14.5657 +/- 3.10722 +/- 1.75903
The WEIGHTED LL Xib normalization for Run 1 is 19.7818 +/- 4.21992 +/- 2.32839
************************************************
xibYield = 173.281+/-16.4207+/-10.39686
UNWEIGHTED Xib->JpsiXi Eff = 0.0650 % +/- 0.0014 %
WEIGHTED Xib->JpsiXi Eff = 0.0725 % +/- 0.0015 %
UNWEIGHTED Xib->JpsiLambda Eff = 0.0192 % +/-0.0007 %
WEIGHTED Xib->JpsiLambda Eff = 0.0240 % +/-0.0009 %
UNWEIGTED Norm = 98.0335916191+/-9.28999831429+/-9.47686646391
WEIGHTED Norm = 110.331982789+/-10.4554359092+/-10.5236032624
BREAKUP OF SYSTEMATICS:
Overall Syst     = 9.53812575142%
*Tracking        = 5.0%
*Xi Vtx          = 1.4%
*Xib Yield       = 6.0%
*Xib->JpsiL eff  = 3.55447879381%
*Xib->JpsiXi eff = 2.10072769515%
*tauXib-/tauXib0 = 3.3118675253%
************************************************
The UNWEIGHTED LL Xib normalization for Run 2 is 98.0336 +/- 9.29 +/- 9.47687
The WEIGHTED LL Xib normalization for Run 2 is 110.332 +/- 10.4554 +/- 10.5236
************************************************
@@@@@@@@@@@@@@@@@@@@@@@@@@@@@@@@@@@@@@@
Get Lb -> J/psi Lambda efficiency
@@@@@@@@@@@@@@@@@@@@@@@@@@@@@@@@@@@@@@@
************************************************
Run 1 UNWEIGHTED Jpsi Lambda Eff = 0.104129 % +/- 0.0012682 %
Run 1 WEIGHTED Jpsi Lambda Eff = 0.122673 % +/- 0.0014399 %
************************************************
************************************************
Run 2 UNWEIGHTED Jpsi Lambda Eff = 0.117395 % +/- 0.000836799 %
Run 2 WEIGHTED Jpsi Lambda Eff = 0.115469 % +/- 0.000868021 %
************************************************
@@@@@@@@@@@@@@@@@@@@@@@@@@@@@@@@@@@@@@@
Get Lb -> J/psi Sigma efficiency and shape
@@@@@@@@@@@@@@@@@@@@@@@@@@@@@@@@@@@@@@@
************************************************
Run 1 UNWEIGHTED Jpsi Sigma Eff = 0.0852773 % +/- 0.00173868 %
Run 1 WEIGHTED Jpsi Sigma Eff = 0.100428 % +/- 0.0019963 %
************************************************
***************************************
Run 1 UNWEIGHTED Lambda/Sigma efficiency ratio = 1.22107 +/- 0.0289994
Run 1 WEIGHTED Lambda/Sigma efficiency ratio   = 1.22149 +/- 0.0281978
***************************************
Done importing Jpsi Sigma shape
************************************************
Run 2 UNWEIGHTED Jpsi Sigma Eff = 0.10845 % +/- 0.00104485 %
Run 2 WEIGHTED Jpsi Sigma Eff = 0.108615 % +/- 0.00111337 %
************************************************
***************************************
Run 2 UNWEIGHTED Lambda/Sigma efficiency ratio = 1.08248 +/- 0.012973
Run 2 WEIGHTED Lambda/Sigma efficiency ratio   = 1.06311 +/- 0.0135138
***************************************
Done importing Jpsi Sigma shape
@@@@@@@@@@@@@@@@@@@@@@@@@@@@@@@@@@@@@@@
Get Lb -> J/psi Lst(1405) efficiency and shape
@@@@@@@@@@@@@@@@@@@@@@@@@@@@@@@@@@@@@@@
************************************************
Run 1 UNWEIGHTED Jpsi /(1405) Eff = 0.0656443 % +/- 0.000518639 %
Run 1 WEIGHTED Jpsi /(1405) Eff = 0.0665146 % +/- 0.000514524 %
************************************************
***************************************
Run 1 UNWEIGHTED /(1405)/Lambda efficiency ratio = 0.535118 +/- 0.00757144
Run 1 WEIGHTED /(1405)/Lambda efficiency ratio   = 0.542213 +/- 0.00762216
***************************************
Done importing Jpsi Lst(1405) shape
************************************************
Run 2 UNWEIGHTED Jpsi /(1405) Eff = 0.0717394 % +/- 0.000846397 %
Run 2 WEIGHTED Jpsi /(1405) Eff = 0.0720564 % +/- 0.000846533 %
************************************************
***************************************
Run 2 UNWEIGHTED /(1405)/Lambda efficiency ratio = 0.621286 +/- 0.00869153
Run 2 WEIGHTED /(1405)/Lambda efficiency ratio   = 0.624031 +/- 0.00870363
***************************************
Done importing Jpsi Lst(1405) shape
************************************************
Run 1 UNWEIGHTED Jpsi /(1520) Eff = 0.0558282 % +/- 0.000486057 %
Run 1 WEIGHTED Jpsi /(1520) Eff = 0.0565725 % +/- 0.000482109 %
************************************************
***************************************
Run 1 UNWEIGHTED /(1520)/Lambda efficiency ratio = 0.455099 +/- 0.00665091
Run 1 WEIGHTED /(1520)/Lambda efficiency ratio   = 0.461167 +/- 0.00668929
***************************************
Done importing Jpsi Lst(1520) shape
************************************************
Run 2 UNWEIGHTED Jpsi /(1520) Eff = 0.0600118 % +/- 0.000930796 %
Run 2 WEIGHTED Jpsi /(1520) Eff = 0.060251 % +/- 0.000931671 %
************************************************
***************************************
Run 2 UNWEIGHTED /(1520)/Lambda efficiency ratio = 0.519721 +/- 0.00895787
Run 2 WEIGHTED /(1520)/Lambda efficiency ratio   = 0.521793 +/- 0.00897149
***************************************
Done importing Jpsi Lst(1520) shape
************************************************
Run 1 UNWEIGHTED Jpsi /(1600) Eff = 0.048693 % +/- 0.000432407 %
Run 1 WEIGHTED Jpsi /(1600) Eff = 0.0493321 % +/- 0.00042877 %
************************************************
***************************************
Run 1 UNWEIGHTED /(1600)/Lambda efficiency ratio = 0.396935 +/- 0.00584228
Run 1 WEIGHTED /(1600)/Lambda efficiency ratio   = 0.402145 +/- 0.00587348
***************************************
Done importing Jpsi Lst(1600) shape
************************************************
Run 2 UNWEIGHTED Jpsi /(1600) Eff = 0.0506594 % +/- 0.000656462 %
Run 2 WEIGHTED Jpsi /(1600) Eff = 0.0508517 % +/- 0.000655632 %
************************************************
***************************************
Run 2 UNWEIGHTED /(1600)/Lambda efficiency ratio = 0.438726 +/- 0.00657254
Run 2 WEIGHTED /(1600)/Lambda efficiency ratio   = 0.440392 +/- 0.00657262
***************************************
Done importing Jpsi Lst(1600) shape
***************************************
Get J/psi Xi shape from MC
***************************************
Done importing Xib shape
Done importing Xib shape
***************************************
Get J/psi Ks shape from MC
***************************************
Done importing Xib shape
Done defining J/psi Lambda Hypatia shapes
*****UING EXPONENTIAL BKG SHAPE*****
Done defining cont. bkg exp. shapes
Done defining Misc Lambda* Gaussian shapes
RooDataSet::ds_sim1[Lb_DTF_M_JpsiLConstr,GB_WT,wt_tau] = 7558 entries
RooDataSet::ds_sim_wt1[Lb_DTF_M_JpsiLConstr,weight:totWt] = 7558 entries (8225.93 weighted)
mcNentries = 8225.93
RooDataSet::ds_sim2[Lb_DTF_M_JpsiLConstr,GB_WT,wt_tau] = 25082 entries
RooDataSet::ds_sim_wt2[Lb_DTF_M_JpsiLConstr,weight:totWt] = 25082 entries (21933.5 weighted)
mcNentries = 21933.5
reduceEng varSubset = (Lb_DTF_M_JpsiLConstr) _wgtVar = totWt
 **********
 **    1 **SET PRINT           1
 **********
 **********
 **    2 **SET NOGRAD
 **********
 PARAMETER DEFINITIONS:
    NO.   NAME         VALUE      STEP SIZE      LIMITS
     1 a1_Run1      1.80000e+00  1.00000e-01    1.00000e+00  2.00000e+00
     2 a2_Run1      1.70000e+00  4.00000e-02    1.50000e+00  1.90000e+00
     3 lambda_Run1  -2.59000e+00  8.00000e-02   -2.80000e+00 -2.00000e+00
     4 mcnbkg_run1   4.11346e+03  8.22493e+02    1.00000e+00  8.22593e+03
     5 mcnsig_run1   8.22093e+03  2.50000e+00    4.11296e+03  8.22593e+03
     6 mean_Run1    5.61960e+03  2.00000e-01    5.61900e+03  5.62100e+03
     7 sigma_Run1   1.50000e+01  6.00000e-01    1.20000e+01  1.80000e+01
     8 tau_run1    -1.00000e-07  4.95000e-08   -1.00000e-05 -1.00000e-09
 **********
 **    3 **SET ERR         0.5
 **********
 **********
 **    4 **SET PRINT           1
 **********
 **********
 **    5 **SET STR           2
 **********
 NOW USING STRATEGY  2: MAKE SURE MINIMUM TRUE, ERRORS CORRECT  
 **********
 **    6 **MIGRAD        4000           1
 **********
 FIRST CALL TO USER FUNCTION AT NEW START POINT, WITH IFLAG=4.
 START MIGRAD MINIMIZATION.  STRATEGY  2.  CONVERGENCE WHEN EDM .LT. 1.00e-03
 MINUIT WARNING IN HESSE   
 ============== Negative diagonal element 5 in Error Matrix
 MINUIT WARNING IN HESSE   
 ============== 210.057 added to diagonal of error matrix
 COVARIANCE MATRIX CALCULATED SUCCESSFULLY
 FCN=-33263.8 FROM HESSE     STATUS=OK             81 CALLS          82 TOTAL
                     EDM=11374.3    STRATEGY= 2      ERROR MATRIX ACCURATE 
  EXT PARAMETER                                   STEP         FIRST   
  NO.   NAME      VALUE            ERROR          SIZE      DERIVATIVE 
   1  a1_Run1      1.80000e+00   2.57365e-02   5.00000e-01  -1.62212e+01
   2  a2_Run1      1.70000e+00   1.36161e-02   5.00000e-01  -1.05933e+01
   3  lambda_Run1  -2.59000e+00   2.06566e-02   3.73088e-01   8.04119e+01
   4  mcnbkg_run1   4.11346e+03   1.88510e+02   2.35568e-01   3.24492e+03
   5  mcnsig_run1   8.22093e+03   2.59804e+03   1.84199e-01   1.50397e+01
   6  mean_Run1    5.61960e+03   5.36728e-02   4.34279e-01  -2.43796e+01
   7  sigma_Run1   1.50000e+01   1.45573e-01   2.41112e-01   1.03285e+02
   8  tau_run1    -1.00000e-07   6.82525e-08   5.00000e-01  -7.01644e-04
                               ERR DEF= 0.5
 MINUIT WARNING IN MIGRAD  
 ============== Negative diagonal element 4 in Error Matrix
 MINUIT WARNING IN MIGRAD  
 ============== Negative diagonal element 5 in Error Matrix
 MINUIT WARNING IN MIGRAD  
 ============== Negative diagonal element 7 in Error Matrix
 MINUIT WARNING IN MIGRAD  
 ============== 28.2159 added to diagonal of error matrix
 MINUIT WARNING IN MIGRAD  
 ============== Negative diagonal element 2 in Error Matrix
 MINUIT WARNING IN MIGRAD  
 ============== Negative diagonal element 3 in Error Matrix
 MINUIT WARNING IN MIGRAD  
 ============== Negative diagonal element 7 in Error Matrix
 MINUIT WARNING IN MIGRAD  
 ============== 4.24282 added to diagonal of error matrix
 MIGRAD FAILS TO FIND IMPROVEMENT
 EIGENVALUES OF SECOND-DERIVATIVE MATRIX:
        -8.1689e-02  4.8212e-01  8.9328e-01  9.7857e-01  1.0000e+00  1.0397e+00  1.1338e+00  2.5542e+00
 MINUIT WARNING IN HESSE   
 ============== MATRIX FORCED POS-DEF BY ADDING 0.084243 TO DIAGONAL.
 FCN=-36114.2 FROM HESSE     STATUS=NOT POSDEF     81 CALLS         971 TOTAL
                     EDM=0.00164519    STRATEGY= 2      ERR MATRIX NOT POS-DEF
  EXT PARAMETER                APPROXIMATE        STEP         FIRST   
  NO.   NAME      VALUE            ERROR          SIZE      DERIVATIVE 
   1  a1_Run1      1.58414e+00   4.12587e-01   2.59837e-02  -2.99146e-02
   2  a2_Run1      1.50185e+00   2.00864e-01   3.17130e-01  -4.11030e-03
   3  lambda_Run1  -2.58582e+00   6.62662e-01   1.30436e-02   3.62826e-04
   4  mcnbkg_run1   1.00000e+00   3.33199e+01   1.16156e-02** at limit **
   5  mcnsig_run1   8.22504e+03   5.71281e+02   9.50897e-02  -5.95085e-04
   6  mean_Run1    5.61983e+03   1.06045e-01   1.19404e-02  -4.69058e-02
   7  sigma_Run1   1.59318e+01   1.39856e+00   7.58042e-03   9.74948e-03
   8  tau_run1    -4.12943e-08   9.00681e-06   5.00000e-01  -4.63315e-06
                               ERR DEF= 0.5
 MIGRAD FAILS TO FIND IMPROVEMENT
 EIGENVALUES OF SECOND-DERIVATIVE MATRIX:
        -4.9672e-02  5.1696e-01  8.9332e-01  9.8013e-01  1.0000e+00  1.0416e+00  1.1302e+00  2.4874e+00
 MINUIT WARNING IN HESSE   
 ============== MATRIX FORCED POS-DEF BY ADDING 0.052160 TO DIAGONAL.
 FCN=-36114.2 FROM HESSE     STATUS=NOT POSDEF     77 CALLS        1095 TOTAL
                     EDM=0.000473464    STRATEGY= 2      ERR MATRIX NOT POS-DEF
  EXT PARAMETER                APPROXIMATE        STEP         FIRST   
  NO.   NAME      VALUE            ERROR          SIZE      DERIVATIVE 
   1  a1_Run1      1.58645e+00   4.12390e-01   2.69376e-02  -1.89082e-02
   2  a2_Run1      1.50529e+00   2.01509e-01   2.53704e-01  -1.58490e-03
   3  lambda_Run1  -2.58319e+00   6.63052e-01   1.04349e-02  -3.47539e-02
   4  mcnbkg_run1   1.00043e+00   2.93492e+01   1.18843e-02** at limit **
   5  mcnsig_run1   8.22503e+03   2.91710e+03   1.52144e-02  -5.34661e-04
   6  mean_Run1    5.61983e+03   9.75540e-02   1.19412e-02  -2.57163e-02
   7  sigma_Run1   1.59244e+01   1.54577e+00   7.57544e-03   1.45515e-01
   8  tau_run1    -3.62679e-08   5.72188e-06   5.00000e-01  -4.38296e-06
                               ERR DEF= 0.5
 MINUIT WARNING IN MIGRAD  
 ============== Negative diagonal element 1 in Error Matrix
 MINUIT WARNING IN MIGRAD  
 ============== Negative diagonal element 2 in Error Matrix
 MINUIT WARNING IN MIGRAD  
 ============== Negative diagonal element 3 in Error Matrix
 MINUIT WARNING IN MIGRAD  
 ============== Negative diagonal element 5 in Error Matrix
 MINUIT WARNING IN MIGRAD  
 ============== Negative diagonal element 7 in Error Matrix
 MINUIT WARNING IN MIGRAD  
 ============== 48.3063 added to diagonal of error matrix
 EIGENVALUES OF SECOND-DERIVATIVE MATRIX:
        -1.0466e-01  9.9998e-01  1.0000e+00  1.0001e+00  1.0012e+00  1.0034e+00  1.0069e+00  2.0931e+00
 MINUIT WARNING IN MIGRAD  
 ============== MATRIX FORCED POS-DEF BY ADDING 0.106756 TO DIAGONAL.
 MIGRAD FAILS TO FIND IMPROVEMENT
 MIGRAD MINIMIZATION HAS CONVERGED.
 MIGRAD WILL VERIFY CONVERGENCE AND ERROR MATRIX.
 EIGENVALUES OF SECOND-DERIVATIVE MATRIX:
        -2.4869e-02  5.5704e-01  8.9235e-01  9.7757e-01  1.0000e+00  1.0405e+00  1.1277e+00  2.4297e+00
 MINUIT WARNING IN HESSE   
 ============== MATRIX FORCED POS-DEF BY ADDING 0.027298 TO DIAGONAL.
 MIGRAD TERMINATED WITHOUT CONVERGENCE.
 FCN=-36114.2 FROM MIGRAD    STATUS=FAILED       1399 CALLS        1400 TOTAL
                     EDM=0.00173764    STRATEGY= 2      ERR MATRIX NOT POS-DEF
  EXT PARAMETER                APPROXIMATE        STEP         FIRST   
  NO.   NAME      VALUE            ERROR          SIZE      DERIVATIVE 
   1  a1_Run1      1.59156e+00   4.07634e-01   2.63948e-02  -7.11478e-03
   2  a2_Run1      1.51017e+00   3.58842e-01   1.85955e-01  -3.39417e-03
   3  lambda_Run1  -2.57644e+00   6.61272e-01   1.28267e-02   2.62526e-02
   4  mcnbkg_run1   1.00005e+00   2.28755e+01   1.19477e-02** at limit **
   5  mcnsig_run1   8.22509e+03   5.83210e+02   9.86098e-02  -9.41593e-04
   6  mean_Run1    5.61983e+03   9.31993e-02   1.19376e-02   1.19832e-02
   7  sigma_Run1   1.58981e+01   1.65202e+00   7.52835e-03  -3.55476e-02
   8  tau_run1    -4.55650e-08   5.87774e-06   5.00000e-01   4.93692e-06
                               ERR DEF= 0.5
 EXTERNAL ERROR MATRIX.    NDIM=  25    NPAR=  8    ERR DEF=0.5
  2.310e-01 -2.594e-01  2.534e-01 -1.614e-02 -4.912e-01 -1.237e-02  8.193e-01  3.978e-07 
 -2.594e-01  3.116e-01 -2.967e-01  1.904e-02  5.795e-01  1.598e-02 -9.582e-01 -4.993e-07 
  2.534e-01 -2.967e-01  2.909e-01 -1.771e-02 -5.388e-01 -1.475e-02  9.451e-01  4.612e-07 
 -1.614e-02  1.904e-02 -1.771e-02  4.446e-03  1.172e-01  9.625e-04 -5.700e-02 -6.036e-08 
 -4.912e-01  5.795e-01 -5.388e-01  1.172e-01  2.060e+03  2.929e-02 -1.735e+00 -1.837e-06 
 -1.237e-02  1.598e-02 -1.475e-02  9.625e-04  2.929e-02  8.712e-03 -4.746e-02 -2.612e-08 
  8.193e-01 -9.582e-01  9.451e-01 -5.700e-02 -1.735e+00 -4.746e-02  3.101e+00  1.486e-06 
  3.978e-07 -4.993e-07  4.612e-07 -6.036e-08 -1.837e-06 -2.612e-08  1.486e-06  1.199e-08 
ERR MATRIX NOT POS-DEF
 PARAMETER  CORRELATION COEFFICIENTS  
       NO.  GLOBAL      1      2      3      4      5      6      7      8
        1  0.97919   1.000 -0.967  0.978 -0.504 -0.023 -0.276  0.968  0.008
        2  0.98750  -0.967  1.000 -0.985  0.512  0.023  0.307 -0.975 -0.008
        3  0.99794   0.978 -0.985  1.000 -0.492 -0.022 -0.293  0.995  0.008
        4  0.52543  -0.504  0.512 -0.492  1.000  0.039  0.155 -0.485 -0.008
        5  0.03891  -0.023  0.023 -0.022  0.039  1.000  0.007 -0.022 -0.000
        6  0.31749  -0.276  0.307 -0.293  0.155  0.007  1.000 -0.289 -0.003
        7  0.99576   0.968 -0.975  0.995 -0.485 -0.022 -0.289  1.000  0.008
        8  0.00958   0.008 -0.008  0.008 -0.008 -0.000 -0.003  0.008  1.000
 ERR MATRIX NOT POS-DEF
 **********
 **    7 **SET ERR         0.5
 **********
 **********
 **    8 **SET PRINT           1
 **********
 **********
 **    9 **HESSE        4000
 **********
 EIGENVALUES OF SECOND-DERIVATIVE MATRIX:
        -8.9414e-02  2.1484e-01  8.8920e-01  9.6317e-01  1.0000e+00  1.1074e+00  1.1612e+00  2.7536e+00
 MINUIT WARNING IN HESSE   
 ============== MATRIX FORCED POS-DEF BY ADDING 0.092167 TO DIAGONAL.
 FCN=-36114.2 FROM HESSE     STATUS=NOT POSDEF    103 CALLS        1503 TOTAL
                     EDM=0.00236156    STRATEGY= 2      ERR MATRIX NOT POS-DEF
  EXT PARAMETER                APPROXIMATE     INTERNAL      INTERNAL  
  NO.   NAME      VALUE            ERROR       STEP SIZE       VALUE   
   1  a1_Run1      1.59156e+00   6.99545e-01   2.15382e-02  -3.32576e+00
   2  a2_Run1      1.51017e+00   3.50429e-01   5.00000e-01   5.03259e+00
   3  lambda_Run1  -2.57644e+00   6.34845e-01   5.13069e-04   2.24480e+01
   4  mcnbkg_run1   1.00005e+00   6.06635e+01   1.67191e-01  -3.65996e+02
                                 WARNING -   - ABOVE PARAMETER IS AT LIMIT.
   5  mcnsig_run1   8.22509e+03   3.68719e+01   5.00000e-01  -2.05300e+03
   6  mean_Run1    5.61983e+03   9.62578e-02   4.77503e-04  -6.44964e+00
   7  sigma_Run1   1.58981e+01   1.23260e+00   3.01134e-04   5.68527e+01
   8  tau_run1    -4.55650e-08   9.63428e-06   5.00000e-01   1.70442e+00
                               ERR DEF= 0.5
 EXTERNAL ERROR MATRIX.    NDIM=  25    NPAR=  8    ERR DEF=0.5
  3.439e-01 -3.885e-01  2.642e-01 -6.155e-02 -2.827e+00 -2.416e-02  7.201e-01  4.357e-06 
 -3.885e-01  4.560e-01 -3.064e-01  7.150e-02  3.284e+00  2.928e-02 -8.350e-01 -5.090e-06 
  2.642e-01 -3.064e-01  2.110e-01 -4.761e-02 -2.187e+00 -1.944e-02  5.799e-01  3.389e-06 
 -6.155e-02  7.150e-02 -4.761e-02  1.181e-02  5.420e-01  4.556e-03 -1.296e-01 -8.330e-07 
 -2.827e+00  3.284e+00 -2.187e+00  5.420e-01  1.243e+02  2.093e-01 -5.952e+00 -3.826e-05 
 -2.416e-02  2.928e-02 -1.944e-02  4.556e-03  2.093e-01  9.295e-03 -5.287e-02 -3.251e-07 
  7.201e-01 -8.350e-01  5.799e-01 -1.296e-01 -5.952e+00 -5.287e-02  1.624e+00  9.226e-06 
  4.357e-06 -5.090e-06  3.389e-06 -8.330e-07 -3.826e-05 -3.251e-07  9.226e-06  1.133e-08 
ERR MATRIX NOT POS-DEF
 PARAMETER  CORRELATION COEFFICIENTS  
       NO.  GLOBAL      1      2      3      4      5      6      7      8
        1  0.98670   1.000 -0.981  0.981 -0.966 -0.432 -0.427  0.964  0.070
        2  0.99419  -0.981  1.000 -0.988  0.974  0.436  0.450 -0.970 -0.071
        3  0.99733   0.981 -0.988  1.000 -0.954 -0.427 -0.439  0.991  0.069
        4  0.97964  -0.966  0.974 -0.954  1.000  0.447  0.435 -0.936 -0.072
        5  0.44736  -0.432  0.436 -0.427  0.447  1.000  0.195 -0.419 -0.032
        6  0.45530  -0.427  0.450 -0.439  0.435  0.195  1.000 -0.430 -0.032
        7  0.99237   0.964 -0.970  0.991 -0.936 -0.419 -0.430  1.000  0.068
        8  0.07208   0.070 -0.071  0.069 -0.072 -0.032 -0.032  0.068  1.000
 ERR MATRIX NOT POS-DEF
 **********
 **   10 **SET ERR         0.5
 **********
 **********
 **   11 **SET PRINT           1
 **********
 **********
 **   12 **HESSE        4000
 **********
 COVARIANCE MATRIX CALCULATED SUCCESSFULLY
 FCN=-50523.3 FROM HESSE     STATUS=OK             99 CALLS        1602 TOTAL
                     EDM=0.665185    STRATEGY= 2      ERROR MATRIX ACCURATE 
  EXT PARAMETER                                INTERNAL      INTERNAL  
  NO.   NAME      VALUE            ERROR       STEP SIZE       VALUE   
   1  a1_Run1      1.59156e+00   1.24257e-01   1.75752e-02  -3.32576e+00
   2  a2_Run1      1.51017e+00   4.97425e-02   8.16000e-02   5.03259e+00
   3  lambda_Run1  -2.57644e+00   1.28914e-01   1.04666e-02   2.24480e+01
   4  mcnbkg_run1   1.00005e+00   2.99410e+00   1.85335e-01  -3.65996e+02
                                 WARNING -   - ABOVE PARAMETER IS AT LIMIT.
   5  mcnsig_run1   8.22509e+03   2.35316e+01   5.00000e-01  -2.05300e+03
   6  mean_Run1    5.61983e+03   7.60986e-02   9.74107e-03  -6.44964e+00
   7  sigma_Run1   1.58981e+01   5.23069e-01   6.14313e-03   5.68527e+01
   8  tau_run1    -4.55650e-08   5.74008e-06   5.00000e-01   1.70442e+00
                               ERR DEF= 0.5
 EXTERNAL ERROR MATRIX.    NDIM=  25    NPAR=  8    ERR DEF=0.5
  1.578e-02 -2.511e-03  1.130e-02 -6.313e-05 -3.393e-03  8.109e-04  4.096e-02 -5.059e-09 
 -2.511e-03  2.174e-03 -2.919e-03  9.718e-05  5.291e-03  4.696e-05 -1.035e-02 -6.448e-09 
  1.130e-02 -2.919e-03  1.739e-02  1.183e-03  6.429e-02  5.581e-04  6.674e-02 -8.117e-08 
 -6.313e-05  9.718e-05  1.183e-03  5.815e-04  3.133e-02  1.579e-05  4.448e-03 -3.654e-08 
 -3.393e-03  5.291e-03  6.429e-02  3.133e-02  7.924e+01  8.612e-04  2.418e-01 -1.992e-06 
  8.109e-04  4.696e-05  5.581e-04  1.579e-05  8.612e-04  5.803e-03  2.184e-03 -1.399e-09 
  4.096e-02 -1.035e-02  6.674e-02  4.448e-03  2.418e-01  2.184e-03  2.767e-01 -3.052e-07 
 -5.059e-09 -6.448e-09 -8.117e-08 -3.654e-08 -1.992e-06 -1.399e-09 -3.052e-07  4.424e-09 
 PARAMETER  CORRELATION COEFFICIENTS  
       NO.  GLOBAL      1      2      3      4      5      6      7      8
        1  0.75859   1.000 -0.429  0.682 -0.021 -0.003  0.085  0.620 -0.001
        2  0.57081  -0.429  1.000 -0.475  0.086  0.013  0.013 -0.422 -0.002
        3  0.97391   0.682 -0.475  1.000  0.372  0.055  0.056  0.962 -0.009
        4  0.60218  -0.021  0.086  0.372  1.000  0.146  0.009  0.351 -0.023
        5  0.14597  -0.003  0.013  0.055  0.146  1.000  0.001  0.052 -0.003
        6  0.10214   0.085  0.013  0.056  0.009  0.001  1.000  0.054 -0.000
        7  0.96491   0.620 -0.422  0.962  0.351  0.052  0.054  1.000 -0.009
        8  0.02282  -0.001 -0.002 -0.009 -0.023 -0.003 -0.000 -0.009  1.000
reduceEng varSubset = (Lb_DTF_M_JpsiLConstr) _wgtVar = totWt
 **********
 **   13 **SET PRINT           1
 **********
 **********
 **   14 **SET NOGRAD
 **********
 PARAMETER DEFINITIONS:
    NO.   NAME         VALUE      STEP SIZE      LIMITS
     1 a1_Run2      2.00000e+00  1.00000e-01    1.50000e+00  2.50000e+00
     2 a2_Run2      1.75000e+00  2.00000e-01    1.00000e+00  3.00000e+00
     3 lambda_Run2  -2.30000e+00  8.00000e-02   -2.80000e+00 -2.00000e+00
     4 mcnbkg_run2   1.09672e+04  2.19325e+03    1.00000e+00  2.19335e+04
     5 mcnsig_run2   2.19285e+04  2.50000e+00    1.09667e+04  2.19335e+04
     6 mean_Run2    5.61960e+03  2.00000e-01    5.61900e+03  5.62100e+03
     7 sigma_Run2   1.40000e+01  6.00000e-01    1.10000e+01  1.70000e+01
     8 tau_run2    -1.00000e-07  4.95000e-08   -1.00000e-05 -1.00000e-09
 **********
 **   15 **SET ERR         0.5
 **********
 **********
 **   16 **SET PRINT           1
 **********
 **********
 **   17 **SET STR           2
 **********
 NOW USING STRATEGY  2: MAKE SURE MINIMUM TRUE, ERRORS CORRECT  
 **********
 **   18 **MIGRAD        4000           1
 **********
 FIRST CALL TO USER FUNCTION AT NEW START POINT, WITH IFLAG=4.
 START MIGRAD MINIMIZATION.  STRATEGY  2.  CONVERGENCE WHEN EDM .LT. 1.00e-03
 MINUIT WARNING IN HESSE   
 ============== Negative diagonal element 5 in Error Matrix
 MINUIT WARNING IN HESSE   
 ============== 615.842 added to diagonal of error matrix
 COVARIANCE MATRIX CALCULATED SUCCESSFULLY
 FCN=-109145 FROM HESSE     STATUS=OK             85 CALLS          86 TOTAL
                     EDM=26539    STRATEGY= 2      ERROR MATRIX ACCURATE 
  EXT PARAMETER                                   STEP         FIRST   
  NO.   NAME      VALUE            ERROR          SIZE      DERIVATIVE 
   1  a1_Run2      2.00000e+00   1.94064e-02   5.00000e-01  -4.36798e+01
   2  a2_Run2      1.75000e+00   3.17513e-02   4.06293e-01  -1.54986e+02
   3  lambda_Run2  -2.30000e+00   1.43148e-02   4.70930e-01   2.03246e+02
   4  mcnbkg_run2   1.09672e+04   2.92250e+02   2.46013e-01   8.47546e+03
   5  mcnsig_run2   2.19285e+04   6.86672e+03   1.12763e-01   2.65393e+01
   6  mean_Run2    5.61960e+03   3.26375e-02   5.00000e-01  -1.35350e+02
   7  sigma_Run2   1.40000e+01   8.50418e-02   2.51281e-01   1.43930e+02
   8  tau_run2    -1.00000e-07   3.98825e-08   5.00000e-01  -6.29660e-04
                               ERR DEF= 0.5
 MINUIT WARNING IN MIGRAD  
 ============== Negative diagonal element 5 in Error Matrix
 MINUIT WARNING IN MIGRAD  
 ============== 1.00481 added to diagonal of error matrix
 MIGRAD MINIMIZATION HAS CONVERGED.
 MIGRAD WILL VERIFY CONVERGENCE AND ERROR MATRIX.
 MINUIT WARNING IN HESSE   
 ============== Negative diagonal element 8 in Error Matrix
 MINUIT WARNING IN HESSE   
 ============== 1.00001 added to diagonal of error matrix
 COVARIANCE MATRIX CALCULATED SUCCESSFULLY
 FCN=-116628 FROM HESSE     STATUS=OK             79 CALLS         882 TOTAL
                     EDM=0.000820767    STRATEGY= 2      ERROR MATRIX ACCURATE 
  EXT PARAMETER                                   STEP         FIRST   
  NO.   NAME      VALUE            ERROR          SIZE      DERIVATIVE 
   1  a1_Run2      2.07584e+00   1.13038e-01   4.88134e-02   3.11796e-02
   2  a2_Run2      2.18206e+00   1.37895e-01   2.91406e-02  -1.34424e-02
   3  lambda_Run2  -2.01171e+00   3.60392e-02   4.09368e-02   6.98693e-02
   4  mcnbkg_run2   1.00015e+00   6.05999e+00   7.94654e-03** at limit **
   5  mcnsig_run2   2.19335e+04   1.49035e+03   5.35694e-02** at limit **
   6  mean_Run2    5.62009e+03   5.71760e-02   1.35462e-02   3.62455e-03
   7  sigma_Run2   1.43108e+01   1.81685e-01   7.34251e-03   1.63342e-01
   8  tau_run2    -9.38593e-08   2.25557e-06   5.00000e-01   1.68948e-06
                               ERR DEF= 0.5
 MIGRAD FAILS TO FIND IMPROVEMENT
 MACHINE ACCURACY LIMITS FURTHER IMPROVEMENT.
 MIGRAD MINIMIZATION HAS CONVERGED.
 MIGRAD WILL VERIFY CONVERGENCE AND ERROR MATRIX.
 MINUIT WARNING IN HESSE   
 ============== Negative diagonal element 8 in Error Matrix
 MINUIT WARNING IN HESSE   
 ============== 1.00001 added to diagonal of error matrix
 COVARIANCE MATRIX CALCULATED SUCCESSFULLY
 FCN=-116628 FROM MIGRAD    STATUS=CONVERGED    1021 CALLS        1022 TOTAL
                     EDM=8.64741e-05    STRATEGY= 2      ERROR MATRIX ACCURATE 
  EXT PARAMETER                                   STEP         FIRST   
  NO.   NAME      VALUE            ERROR          SIZE      DERIVATIVE 
   1  a1_Run2      2.05512e+00   1.25856e-01   4.84342e-02  -6.15354e-04
   2  a2_Run2      2.15889e+00   1.50006e-01   2.83098e-02  -1.77215e-02
   3  lambda_Run2  -2.02397e+00   4.95316e-02   2.93791e-02  -1.22674e-02
   4  mcnbkg_run2   1.00045e+00   5.97861e+00   7.85114e-03** at limit **
   5  mcnsig_run2   2.19335e+04   1.84191e+03   4.28555e-02   2.40555e-04
   6  mean_Run2    5.62009e+03   5.71905e-02   1.35449e-02   1.37027e-02
   7  sigma_Run2   1.43665e+01   2.41110e-01   7.36214e-03   6.69016e-02
   8  tau_run2    -9.38755e-08   2.25556e-06   5.00000e-01   1.68911e-06
                               ERR DEF= 0.5
 EXTERNAL ERROR MATRIX.    NDIM=  25    NPAR=  8    ERR DEF=0.5
  1.619e-02 -7.525e-03  3.880e-03  4.629e-04  1.830e-04 -2.136e-04  1.534e-02  6.529e-14 
 -7.525e-03  2.268e-02 -4.719e-03 -5.644e-04 -2.231e-04 -3.130e-04 -1.885e-02  7.596e-14 
  3.880e-03 -4.719e-03  2.570e-03  2.815e-05  1.114e-05  2.664e-05  1.123e-02 -1.902e-15 
  4.629e-04 -5.644e-04  2.815e-05  1.086e-02  2.632e-03 -1.346e-09  1.201e-04  6.422e-14 
  1.830e-04 -2.231e-04  1.114e-05  2.632e-03  2.374e+01 -2.903e-10  4.749e-05  2.359e-14 
 -2.136e-04 -3.130e-04  2.664e-05 -1.346e-09 -2.903e-10  3.274e-03  1.439e-04 -1.048e-15 
  1.534e-02 -1.885e-02  1.123e-02  1.201e-04  4.749e-05  1.439e-04  5.826e-02 -8.925e-15 
  6.529e-14  7.596e-14 -1.902e-15  6.422e-14  2.359e-14 -1.048e-15 -8.925e-15  9.200e-13 
 PARAMETER  CORRELATION COEFFICIENTS  
       NO.  GLOBAL      1      2      3      4      5      6      7      8
        1  0.61790   1.000 -0.393  0.602  0.035  0.000 -0.029  0.500  0.000
        2  0.63200  -0.393  1.000 -0.618 -0.036 -0.000 -0.036 -0.519  0.000
        3  0.94304   0.602 -0.618  1.000  0.005  0.000  0.009  0.918 -0.000
        4  0.05843   0.035 -0.036  0.005  1.000  0.005 -0.000  0.005  0.000
        5  0.00519   0.000 -0.000  0.000  0.005  1.000 -0.000  0.000  0.000
        6  0.06034  -0.029 -0.036  0.009 -0.000 -0.000  1.000  0.010 -0.000
        7  0.92235   0.500 -0.519  0.918  0.005  0.000  0.010  1.000 -0.000
        8  0.00000   0.000  0.000 -0.000  0.000  0.000 -0.000 -0.000  1.000
 **********
 **   19 **SET ERR         0.5
 **********
 **********
 **   20 **SET PRINT           1
 **********
 **********
 **   21 **HESSE        4000
 **********
 MINUIT WARNING IN HESSE   
 ============== Negative diagonal element 8 in Error Matrix
 MINUIT WARNING IN HESSE   
 ============== 1.00001 added to diagonal of error matrix
 EIGENVALUES OF SECOND-DERIVATIVE MATRIX:
        -6.9540e-03  7.4756e-01  9.3192e-01  9.9890e-01  1.0000e+00  1.0011e+00  1.0802e+00  2.2473e+00
 MINUIT WARNING IN HESSE   
 ============== MATRIX FORCED POS-DEF BY ADDING 0.009201 TO DIAGONAL.
 FCN=-116628 FROM HESSE     STATUS=NOT POSDEF     77 CALLS        1099 TOTAL
                     EDM=0.000219694    STRATEGY= 2      ERR MATRIX NOT POS-DEF
  EXT PARAMETER                APPROXIMATE     INTERNAL      INTERNAL  
  NO.   NAME      VALUE            ERROR       STEP SIZE       VALUE   
   1  a1_Run2      2.05512e+00   3.82339e-01   7.74947e-05   1.10469e-01
   2  a2_Run2      2.15889e+00   5.43430e-01   5.00000e-01   2.98203e+00
   3  lambda_Run2  -2.02397e+00   7.18683e-01   2.35033e-04  -5.06034e+00
   4  mcnbkg_run2   1.00045e+00   5.93715e+00   1.57023e-03   6.75440e+01
                                 WARNING -   - ABOVE PARAMETER IS AT LIMIT.
   5  mcnsig_run2   2.19335e+04   3.20580e+01   5.00000e-01  -9.26780e+01
   6  mean_Run2    5.62009e+03   5.79553e-02   5.41797e-04   9.19310e-02
   7  sigma_Run2   1.43665e+01   1.12074e+00   2.94486e-04  -3.26408e+00
   8  tau_run2    -9.38755e-08   2.23672e-06   1.00000e-01   1.37774e+00
                               ERR DEF= 0.5
 EXTERNAL ERROR MATRIX.    NDIM=  25    NPAR=  8    ERR DEF=0.5
  1.903e-01 -2.407e-01  1.120e-01  2.453e-04  5.752e-05  4.232e-03  4.842e-01  7.071e-13 
 -2.407e-01  3.312e-01 -1.494e-01 -3.010e-04 -7.057e-05 -6.329e-03 -6.463e-01 -1.308e-12 
  1.120e-01 -1.494e-01  6.964e-02  1.173e-04  2.751e-05  2.793e-03  3.022e-01  5.501e-13 
  2.453e-04 -3.010e-04  1.173e-04  1.079e-02  7.247e-05  4.844e-06  5.081e-04 -2.113e-14 
  5.752e-05 -7.057e-05  2.751e-05  7.247e-05  3.895e-01  1.136e-06  1.191e-04 -5.024e-15 
  4.232e-03 -6.329e-03  2.793e-03  4.844e-06  1.136e-06  3.363e-03  1.213e-02  2.604e-14 
  4.842e-01 -6.463e-01  3.022e-01  5.081e-04  1.191e-04  1.213e-02  1.320e+00  2.394e-12 
  7.071e-13 -1.308e-12  5.501e-13 -2.113e-14 -5.024e-15  2.604e-14  2.394e-12  9.116e-13 
ERR MATRIX NOT POS-DEF
 PARAMETER  CORRELATION COEFFICIENTS  
       NO.  GLOBAL      1      2      3      4      5      6      7      8
        1  0.97372   1.000 -0.959  0.973  0.005  0.000  0.167  0.966  0.000
        2  0.98449  -0.959  1.000 -0.984 -0.005 -0.000 -0.190 -0.977 -0.000
        3  0.99797   0.973 -0.984  1.000  0.004  0.000  0.183  0.996  0.000
        4  0.00841   0.005 -0.005  0.004  1.000  0.001  0.001  0.004 -0.000
        5  0.00116   0.000 -0.000  0.000  0.001  1.000  0.000  0.000 -0.000
        6  0.19670   0.167 -0.190  0.183  0.001  0.000  1.000  0.182  0.000
        7  0.99673   0.966 -0.977  0.996  0.004  0.000  0.182  1.000  0.000
        8  0.00000   0.000 -0.000  0.000 -0.000 -0.000  0.000  0.000  1.000
 ERR MATRIX NOT POS-DEF
 **********
 **   22 **SET ERR         0.5
 **********
 **********
 **   23 **SET PRINT           1
 **********
 **********
 **   24 **HESSE        4000
 **********
 MINUIT WARNING IN HESSE   
 ============== Negative diagonal element 8 in Error Matrix
 MINUIT WARNING IN HESSE   
 ============== 1.00003 added to diagonal of error matrix
 COVARIANCE MATRIX CALCULATED SUCCESSFULLY
 FCN=-135228 FROM HESSE     STATUS=OK             99 CALLS        1198 TOTAL
                     EDM=8.00592    STRATEGY= 2      ERROR MATRIX ACCURATE 
  EXT PARAMETER                                INTERNAL      INTERNAL  
  NO.   NAME      VALUE            ERROR       STEP SIZE       VALUE   
   1  a1_Run2      2.05512e+00   1.36971e-01   1.58089e-03   1.10469e-01
   2  a2_Run2      2.15889e+00   1.51765e-01   5.00000e-01   2.98203e+00
   3  lambda_Run2  -2.02397e+00   2.67038e-02   4.79467e-03  -5.06034e+00
   4  mcnbkg_run2   1.00045e+00   4.01741e+00   1.93899e-01   6.75440e+01
                                 WARNING -   - ABOVE PARAMETER IS AT LIMIT.
   5  mcnsig_run2   2.19335e+04   2.84981e+01   5.00000e-01  -9.26780e+01
   6  mean_Run2    5.62009e+03   5.32372e-02   1.10527e-02   9.19310e-02
   7  sigma_Run2   1.43665e+01   1.42885e-01   6.00751e-03  -3.26408e+00
   8  tau_run2    -9.38755e-08   2.25556e-06   5.00000e-01   1.37774e+00
                               ERR DEF= 0.5
 EXTERNAL ERROR MATRIX.    NDIM=  25    NPAR=  8    ERR DEF=0.5
  1.926e-02 -1.052e-02  1.796e-03  6.473e-03  6.427e-03 -1.722e-04  5.141e-03  9.126e-13 
 -1.052e-02  2.322e-02 -2.358e-03 -6.795e-03 -6.744e-03 -5.264e-04 -7.100e-03 -7.949e-13 
  1.796e-03 -2.358e-03  7.224e-04  4.719e-04  4.684e-04  3.746e-05  2.961e-03  5.895e-14 
  6.473e-03 -6.795e-03  4.719e-04  7.298e-03  7.226e-03  5.455e-05  1.643e-03  9.277e-13 
  6.427e-03 -6.744e-03  4.684e-04  7.226e-03  3.462e-01  5.408e-05  1.630e-03  9.235e-13 
 -1.722e-04 -5.264e-04  3.746e-05  5.455e-05  5.408e-05  2.837e-03  1.491e-04  4.224e-15 
  5.141e-03 -7.100e-03  2.961e-03  1.643e-03  1.630e-03  1.491e-04  2.043e-02  2.020e-13 
  9.126e-13 -7.949e-13  5.895e-14  9.277e-13  9.235e-13  4.224e-15  2.020e-13  9.200e-13 
 PARAMETER  CORRELATION COEFFICIENTS  
       NO.  GLOBAL      1      2      3      4      5      6      7      8
        1  0.68352   1.000 -0.498  0.481  0.546  0.079 -0.023  0.259  0.000
        2  0.72981  -0.498  1.000 -0.576 -0.522 -0.075 -0.065 -0.326 -0.000
        3  0.87175   0.481 -0.576  1.000  0.206  0.030  0.026  0.771  0.000
        4  0.67173   0.546 -0.522  0.206  1.000  0.144  0.012  0.135  0.000
        5  0.14375   0.079 -0.075  0.030  0.144  1.000  0.002  0.019  0.000
        6  0.09137  -0.023 -0.065  0.026  0.012  0.002  1.000  0.020  0.000
        7  0.79592   0.259 -0.326  0.771  0.135  0.019  0.020  1.000  0.000
        8  0.00001   0.000 -0.000  0.000  0.000  0.000  0.000  0.000  1.000
Importing Run 1 data
Done making RooDataHist
RooDataHist::ds1[Lb_DTF_M_JpsiLConstr] = 375 bins (7148 weights)
Done importing Run 1 data
Importing Run 2 data
Done making RooDataHist
RooDataHist::ds2[Lb_DTF_M_JpsiLConstr] = 375 bins (25086 weights)
Done importing Run 2 data
before sb fit
 **********
 **    1 **SET PRINT           1
 **********
 **********
 **    2 **SET NOGRAD
 **********
 PARAMETER DEFINITIONS:
    NO.   NAME         VALUE      STEP SIZE      LIMITS
     1 slope_Run2  -2.00000e+00  2.50000e-01   -5.00000e+00  0.00000e+00
 **********
 **    3 **SET ERR         0.5
 **********
 **********
 **    4 **SET PRINT           1
 **********
 **********
 **    5 **SET STR           1
 **********
 NOW USING STRATEGY  1: TRY TO BALANCE SPEED AGAINST RELIABILITY
 **********
 **    6 **MIGRAD         500           1
 **********
 FIRST CALL TO USER FUNCTION AT NEW START POINT, WITH IFLAG=4.
 START MIGRAD MINIMIZATION.  STRATEGY  1.  CONVERGENCE WHEN EDM .LT. 1.00e-03
 FCN=119.334 FROM MIGRAD    STATUS=INITIATE        4 CALLS           5 TOTAL
                     EDM= unknown      STRATEGY= 1      NO ERROR MATRIX       
  EXT PARAMETER               CURRENT GUESS       STEP         FIRST   
  NO.   NAME      VALUE            ERROR          SIZE      DERIVATIVE 
   1  slope_Run2  -2.00000e+00   2.50000e-01   1.02263e-01   5.12837e+01
                               ERR DEF= 0.5
 MIGRAD MINIMIZATION HAS CONVERGED.
 MIGRAD WILL VERIFY CONVERGENCE AND ERROR MATRIX.
 COVARIANCE MATRIX CALCULATED SUCCESSFULLY
 FCN=116.858 FROM MIGRAD    STATUS=CONVERGED      21 CALLS          22 TOTAL
                     EDM=1.09262e-05    STRATEGY= 1      ERROR MATRIX ACCURATE 
  EXT PARAMETER                                   STEP         FIRST   
  NO.   NAME      VALUE            ERROR          SIZE      DERIVATIVE 
   1  slope_Run2  -2.30521e+00   1.86034e-01   5.31939e-04   4.42442e-02
                               ERR DEF= 0.5
 EXTERNAL ERROR MATRIX.    NDIM=  25    NPAR=  1    ERR DEF=0.5
  3.467e-02 
 **********
 **    7 **SET ERR         0.5
 **********
 **********
 **    8 **SET PRINT           1
 **********
 **********
 **    9 **HESSE         500
 **********
 COVARIANCE MATRIX CALCULATED SUCCESSFULLY
 FCN=116.858 FROM HESSE     STATUS=OK              5 CALLS          27 TOTAL
