************************
************************
************************
************************
************************
************************
************************
************************
************************
************************
Wed Aug 21 16:27:12 EDT 2019
-------------------------
Set LHCb Style - Feb 2012
-------------------------
inputFlag = 1
#######################################
Input file exists! Hurray!
Printing contents of w1 from input file

RooWorkspace(w1) w1 contents

variables
---------
(GB_WT,Lb_DTF_M_JpsiLConstr,sample,totWt,wt_tau)

p.d.f.s
-------
RooKeysPdf::JPSIKS_RUN1[ x=Lb_DTF_M_JpsiLConstr ] = 2.41547e-05
RooKeysPdf::JPSIKS_RUN2[ x=Lb_DTF_M_JpsiLConstr ] = 2.47803e-05
RooKeysPdf::LST1405_Run1[ x=Lb_DTF_M_JpsiLConstr ] = 0.00199337
RooKeysPdf::LST1405_Run2[ x=Lb_DTF_M_JpsiLConstr ] = 0.00215905
RooKeysPdf::LST1520_Run1[ x=Lb_DTF_M_JpsiLConstr ] = 0.00133618
RooKeysPdf::LST1520_Run2[ x=Lb_DTF_M_JpsiLConstr ] = 0.00148813
RooKeysPdf::LST1600_Run1[ x=Lb_DTF_M_JpsiLConstr ] = 0.000817526
RooKeysPdf::LST1600_Run2[ x=Lb_DTF_M_JpsiLConstr ] = 0.00095907
RooKeysPdf::SIG_Run1[ x=Lb_DTF_M_JpsiLConstr ] = 0.000100141
RooKeysPdf::SIG_Run2[ x=Lb_DTF_M_JpsiLConstr ] = 4.50538e-05
RooKeysPdf::XIB_RUN1[ x=Lb_DTF_M_JpsiLConstr ] = 0.00145423
RooKeysPdf::XIB_RUN2[ x=Lb_DTF_M_JpsiLConstr ] = 0.00138996

datasets
--------
RooDataSet::ds_sig_Run1(Lb_DTF_M_JpsiLConstr,GB_WT,wt_tau,totWt)
RooDataSet::ds_sig_wt_Run1(Lb_DTF_M_JpsiLConstr)
RooDataSet::ds_sig_Run2(Lb_DTF_M_JpsiLConstr,GB_WT,wt_tau,totWt)
RooDataSet::ds_sig_wt_Run2(Lb_DTF_M_JpsiLConstr)
RooDataSet::ds_1405_Run1(Lb_DTF_M_JpsiLConstr)
RooDataSet::ds_1405_Run2(Lb_DTF_M_JpsiLConstr)
RooDataSet::ds_1520_Run1(Lb_DTF_M_JpsiLConstr)
RooDataSet::ds_1520_Run2(Lb_DTF_M_JpsiLConstr)
RooDataSet::ds_1600_Run1(Lb_DTF_M_JpsiLConstr)
RooDataSet::ds_1600_Run2(Lb_DTF_M_JpsiLConstr)
RooDataSet::ds_xi_Run1(Lb_DTF_M_JpsiLConstr,GB_WT)
RooDataSet::ds_xi_wt_Run1(Lb_DTF_M_JpsiLConstr)
RooDataSet::ds_xi_Run2(Lb_DTF_M_JpsiLConstr,GB_WT)
RooDataSet::ds_xi_wt_Run2(Lb_DTF_M_JpsiLConstr)
RooDataSet::ds_jpsiks_Run1(Lb_DTF_M_JpsiLConstr)
RooDataSet::ds_jpsiks_Run2(Lb_DTF_M_JpsiLConstr)
RooDataHist::ds1(Lb_DTF_M_JpsiLConstr)
RooDataHist::ds2(Lb_DTF_M_JpsiLConstr)
RooDataHist::combData(sample,Lb_DTF_M_JpsiLConstr)

#######################################
[#1] INFO:Eval -- RooRealVar::setRange(Lb_DTF_M_JpsiLConstr) new range named 'signal_window' created with bounds [5365,5600]
[#1] INFO:Eval -- RooRealVar::setRange(Lb_DTF_M_JpsiLConstr) new range named 'sideband_window' created with bounds [5800,6000]
[#1] INFO:Eval -- RooRealVar::setRange(Lb_DTF_M_JpsiLConstr) new range named 'simFit_window' created with bounds [5500,5740]
@@@@@@@@@@@@@@@@@@@@@@@@@@@@@@@@@@@@@@@
Get Xib Normalization
@@@@@@@@@@@@@@@@@@@@@@@@@@@@@@@@@@@@@@@
xibYield = 36.361+/-7.75666+/-3.27249
UNWEIGHTED Xib->JpsiXi Eff = 0.0631 % +/- 0.0014 %
WEIGHTED Xib->JpsiXi Eff = 0.0728 % +/- 0.0015 %
UNWEIGHTED Xib->JpsiLambda Eff = 0.0121 % +/-0.0006 %
WEIGHTED Xib->JpsiLambda Eff = 0.0175 % +/-0.0007 %
UNWEIGTED Norm = 13.4303297415+/-2.86500650403+/-1.63234595523
WEIGHTED Norm = 16.8181433185+/-3.58770714647+/-1.99871438228
BREAKUP OF SYSTEMATICS:
Overall Syst     = 11.8842748836%
*Tracking        = 5.0%
*Xi Vtx          = 1.4%
*Xib Yield       = 9.0%
*Xib->JpsiL eff  = 4.24013180509%
*Xib->JpsiXi eff = 2.08057811171%
*tauXib-/tauXib0 = 3.3118675253%
************************************************
The UNWEIGHTED LL Xib normalization for Run 1 is 13.4303 +/- 2.86501 +/- 1.63235
The WEIGHTED LL Xib normalization for Run 1 is 16.8181 +/- 3.58771 +/- 1.99871
************************************************
xibYield = 173.281+/-16.4207+/-10.39686
UNWEIGHTED Xib->JpsiXi Eff = 0.0650 % +/- 0.0014 %
WEIGHTED Xib->JpsiXi Eff = 0.0725 % +/- 0.0015 %
UNWEIGHTED Xib->JpsiLambda Eff = 0.0142 % +/-0.0006 %
WEIGHTED Xib->JpsiLambda Eff = 0.0201 % +/-0.0008 %
UNWEIGTED Norm = 72.6010459803+/-6.87992333683+/-7.21399175024
WEIGHTED Norm = 92.0453076365+/-8.72252805044+/-8.89971563308
BREAKUP OF SYSTEMATICS:
Overall Syst     = 9.66884229256%
*Tracking        = 5.0%
*Xi Vtx          = 1.4%
*Xib Yield       = 6.0%
*Xib->JpsiL eff  = 3.89165619295%
*Xib->JpsiXi eff = 2.10072769515%
*tauXib-/tauXib0 = 3.3118675253%
************************************************
The UNWEIGHTED LL Xib normalization for Run 2 is 72.601 +/- 6.87992 +/- 7.21399
The WEIGHTED LL Xib normalization for Run 2 is 92.0453 +/- 8.72253 +/- 8.89972
************************************************
@@@@@@@@@@@@@@@@@@@@@@@@@@@@@@@@@@@@@@@
Get Lb -> J/psi Lambda efficiency
@@@@@@@@@@@@@@@@@@@@@@@@@@@@@@@@@@@@@@@
************************************************
Run 1 UNWEIGHTED Jpsi Lambda Eff = 0.0982059 % +/- 0.00122766 %
Run 1 WEIGHTED Jpsi Lambda Eff = 0.115977 % +/- 0.00139545 %
************************************************
************************************************
Run 2 UNWEIGHTED Jpsi Lambda Eff = 0.107077 % +/- 0.000791486 %
Run 2 WEIGHTED Jpsi Lambda Eff = 0.10442 % +/- 0.000817691 %
************************************************
@@@@@@@@@@@@@@@@@@@@@@@@@@@@@@@@@@@@@@@
Get Lb -> J/psi Sigma efficiency and shape
@@@@@@@@@@@@@@@@@@@@@@@@@@@@@@@@@@@@@@@
************************************************
Run 1 UNWEIGHTED Jpsi Sigma Eff = 0.0814121 % +/- 0.0016978 %
Run 1 WEIGHTED Jpsi Sigma Eff = 0.0962223 % +/- 0.00195292 %
************************************************
***************************************
Run 1 UNWEIGHTED Lambda/Sigma efficiency ratio = 1.20628 +/- 0.0293298
Run 1 WEIGHTED Lambda/Sigma efficiency ratio   = 1.2053 +/- 0.0284383
***************************************
Done importing Jpsi Sigma shape
************************************************
Run 2 UNWEIGHTED Jpsi Sigma Eff = 0.0981906 % +/- 0.000990147 %
Run 2 WEIGHTED Jpsi Sigma Eff = 0.0977096 % +/- 0.00105199 %
************************************************
***************************************
Run 2 UNWEIGHTED Lambda/Sigma efficiency ratio = 1.0905 +/- 0.0136345
Run 2 WEIGHTED Lambda/Sigma efficiency ratio   = 1.06867 +/- 0.0142274
***************************************
Done importing Jpsi Sigma shape
@@@@@@@@@@@@@@@@@@@@@@@@@@@@@@@@@@@@@@@
Get Lb -> J/psi Lst(1405) efficiency and shape
@@@@@@@@@@@@@@@@@@@@@@@@@@@@@@@@@@@@@@@
************************************************
Run 1 UNWEIGHTED Jpsi /(1405) Eff = 0.0610947 % +/- 0.000499391 %
Run 1 WEIGHTED Jpsi /(1405) Eff = 0.0619227 % +/- 0.000495462 %
************************************************
***************************************
Run 1 UNWEIGHTED /(1405)/Lambda efficiency ratio = 0.526784 +/- 0.00766261
Run 1 WEIGHTED /(1405)/Lambda efficiency ratio   = 0.533923 +/- 0.00771501
***************************************
Done importing Jpsi Lst(1405) shape
************************************************
Run 2 UNWEIGHTED Jpsi /(1405) Eff = 0.0642778 % +/- 0.000778839 %
Run 2 WEIGHTED Jpsi /(1405) Eff = 0.0646283 % +/- 0.000779374 %
************************************************
***************************************
Run 2 UNWEIGHTED /(1405)/Lambda efficiency ratio = 0.615571 +/- 0.00888083
Run 2 WEIGHTED /(1405)/Lambda efficiency ratio   = 0.618928 +/- 0.00889941
***************************************
Done importing Jpsi Lst(1405) shape
************************************************
Run 1 UNWEIGHTED Jpsi /(1520) Eff = 0.051133 % +/- 0.000464318 %
Run 1 WEIGHTED Jpsi /(1520) Eff = 0.0518346 % +/- 0.000460599 %
************************************************
***************************************
Run 1 UNWEIGHTED /(1520)/Lambda efficiency ratio = 0.44089 +/- 0.00664603
Run 1 WEIGHTED /(1520)/Lambda efficiency ratio   = 0.44694 +/- 0.00668518
***************************************
Done importing Jpsi Lst(1520) shape
************************************************
Run 2 UNWEIGHTED Jpsi /(1520) Eff = 0.053292 % +/- 0.000844452 %
Run 2 WEIGHTED Jpsi /(1520) Eff = 0.0535591 % +/- 0.000845745 %
************************************************
***************************************
Run 2 UNWEIGHTED /(1520)/Lambda efficiency ratio = 0.510363 +/- 0.00902072
Run 2 WEIGHTED /(1520)/Lambda efficiency ratio   = 0.512921 +/- 0.0090407
***************************************
Done importing Jpsi Lst(1520) shape
************************************************
Run 1 UNWEIGHTED Jpsi /(1600) Eff = 0.044601 % +/- 0.00041322 %
Run 1 WEIGHTED Jpsi /(1600) Eff = 0.0451997 % +/- 0.000409778 %
************************************************
***************************************
Run 1 UNWEIGHTED /(1600)/Lambda efficiency ratio = 0.384568 +/- 0.00583998
Run 1 WEIGHTED /(1600)/Lambda efficiency ratio   = 0.389731 +/- 0.00587141
***************************************
Done importing Jpsi Lst(1600) shape
************************************************
Run 2 UNWEIGHTED Jpsi /(1600) Eff = 0.0452108 % +/- 0.000606028 %
Run 2 WEIGHTED Jpsi /(1600) Eff = 0.0454349 % +/- 0.000605604 %
************************************************
***************************************
Run 2 UNWEIGHTED /(1600)/Lambda efficiency ratio = 0.432971 +/- 0.00672155
Run 2 WEIGHTED /(1600)/Lambda efficiency ratio   = 0.435117 +/- 0.00672654
***************************************
Done importing Jpsi Lst(1600) shape
***************************************
Get J/psi Xi shape from MC
***************************************
Done importing Xib shape
Done importing Xib shape
***************************************
Get J/psi Ks shape from MC
***************************************
Done importing Xib shape
Done defining J/psi Lambda Hypatia shapes
*****UING EXPONENTIAL BKG SHAPE*****
Done defining cont. bkg exp. shapes
Done defining Misc Lambda* Gaussian shapes
RooDataSet::ds_sim1[Lb_DTF_M_JpsiLConstr,GB_WT,wt_tau] = 7132 entries
RooDataSet::ds_sim_wt1[Lb_DTF_M_JpsiLConstr,weight:totWt] = 7132 entries (7781.35 weighted)
mcNentries = 7781.35
RooDataSet::ds_sim2[Lb_DTF_M_JpsiLConstr,GB_WT,wt_tau] = 22877 entries
RooDataSet::ds_sim_wt2[Lb_DTF_M_JpsiLConstr,weight:totWt] = 22877 entries (19836.4 weighted)
mcNentries = 19836.4
reduceEng varSubset = (Lb_DTF_M_JpsiLConstr) _wgtVar = totWt
 **********
 **    1 **SET PRINT           1
 **********
 **********
 **    2 **SET NOGRAD
 **********
 PARAMETER DEFINITIONS:
    NO.   NAME         VALUE      STEP SIZE      LIMITS
     1 a1_Run1      1.80000e+00  1.00000e-01    1.00000e+00  2.00000e+00
     2 a2_Run1      1.70000e+00  4.00000e-02    1.50000e+00  1.90000e+00
     3 lambda_Run1  -2.59000e+00  8.00000e-02   -2.80000e+00 -2.00000e+00
     4 mcnbkg_run1   3.89118e+03  7.78035e+02    1.00000e+00  7.78135e+03
     5 mcnsig_run1   7.77635e+03  2.50000e+00    3.89068e+03  7.78135e+03
     6 mean_Run1    5.61960e+03  2.00000e-01    5.61900e+03  5.62100e+03
     7 sigma_Run1   1.50000e+01  6.00000e-01    1.20000e+01  1.80000e+01
     8 tau_run1    -1.00000e-07  4.95000e-08   -1.00000e-05 -1.00000e-09
 **********
 **    3 **SET ERR         0.5
 **********
 **********
 **    4 **SET PRINT           1
 **********
 **********
 **    5 **SET STR           2
 **********
 NOW USING STRATEGY  2: MAKE SURE MINIMUM TRUE, ERRORS CORRECT  
 **********
 **    6 **MIGRAD        4000           1
 **********
 FIRST CALL TO USER FUNCTION AT NEW START POINT, WITH IFLAG=4.
 START MIGRAD MINIMIZATION.  STRATEGY  2.  CONVERGENCE WHEN EDM .LT. 1.00e-03
 MINUIT WARNING IN HESSE   
 ============== Negative diagonal element 5 in Error Matrix
 MINUIT WARNING IN HESSE   
 ============== 194.782 added to diagonal of error matrix
 COVARIANCE MATRIX CALCULATED SUCCESSFULLY
 FCN=-31031.7 FROM HESSE     STATUS=OK             85 CALLS          86 TOTAL
                     EDM=13343.7    STRATEGY= 2      ERROR MATRIX ACCURATE 
  EXT PARAMETER                                   STEP         FIRST   
  NO.   NAME      VALUE            ERROR          SIZE      DERIVATIVE 
   1  a1_Run1      1.80000e+00   2.67155e-02   5.00000e-01  -1.51534e+01
   2  a2_Run1      1.70000e+00   1.41344e-02   5.00000e-01  -1.01398e+01
   3  lambda_Run1  -2.59000e+00   2.13908e-02   3.69497e-01   7.74010e+01
   4  mcnbkg_run1   3.89118e+03   1.99379e+02   2.31943e-01   3.06502e+03
   5  mcnsig_run1   7.77635e+03   2.53978e+03   2.76315e-01   1.47043e+01
   6  mean_Run1    5.61960e+03   5.59713e-02   4.41369e-01  -3.19517e+01
   7  sigma_Run1   1.50000e+01   1.52192e-01   2.41037e-01   1.02527e+02
   8  tau_run1    -1.00000e-07   7.08744e-08   5.00000e-01  -9.28793e-05
                               ERR DEF= 0.5
 MIGRAD FAILS TO FIND IMPROVEMENT
 MIGRAD MINIMIZATION HAS CONVERGED.
 MIGRAD WILL VERIFY CONVERGENCE AND ERROR MATRIX.
 COVARIANCE MATRIX CALCULATED SUCCESSFULLY
 FCN=-33710.6 FROM HESSE     STATUS=OK             73 CALLS         999 TOTAL
                     EDM=0.000741299    STRATEGY= 2      ERROR MATRIX ACCURATE 
  EXT PARAMETER                                   STEP         FIRST   
  NO.   NAME      VALUE            ERROR          SIZE      DERIVATIVE 
   1  a1_Run1      1.60264e+00   1.98298e-01   2.51864e-02  -5.75815e-02
   2  a2_Run1      1.75906e+00   3.07722e-01   7.54838e-02   8.56953e-03
   3  lambda_Run1  -2.44070e+00   2.01023e-01   1.10289e-02  -1.31649e-02
   4  mcnbkg_run1   1.17984e+01   1.63102e+01   4.63979e-03  -3.86242e-02
   5  mcnsig_run1   7.77233e+03   2.37547e+02   5.92741e-02  -6.67843e-02
   6  mean_Run1    5.61993e+03   9.19702e-02   1.16648e-02  -4.04467e-02
   7  sigma_Run1   1.53343e+01   8.30824e-01   6.90172e-03   1.12801e-02
   8  tau_run1    -9.97634e-08   6.69721e-06   5.00000e-01  -1.13769e-04
                               ERR DEF= 0.5
 MINUIT WARNING IN MIGRAD  
 ============== Negative diagonal element 4 in Error Matrix
 MINUIT WARNING IN MIGRAD  
 ============== 1.00063 added to diagonal of error matrix
 MIGRAD FAILS TO FIND IMPROVEMENT
 MACHINE ACCURACY LIMITS FURTHER IMPROVEMENT.
 MIGRAD MINIMIZATION HAS CONVERGED.
 MIGRAD WILL VERIFY CONVERGENCE AND ERROR MATRIX.
 COVARIANCE MATRIX CALCULATED SUCCESSFULLY
 FCN=-33710.6 FROM MIGRAD    STATUS=CONVERGED    1202 CALLS        1203 TOTAL
                     EDM=4.60356e-06    STRATEGY= 2      ERROR MATRIX ACCURATE 
  EXT PARAMETER                                   STEP         FIRST   
  NO.   NAME      VALUE            ERROR          SIZE      DERIVATIVE 
   1  a1_Run1      1.60559e+00   1.95250e-01   2.52519e-02  -1.33558e-03
   2  a2_Run1      1.76091e+00   3.06846e-01   7.54325e-02   1.01863e-03
   3  lambda_Run1  -2.43931e+00   1.98438e-01   1.10448e-02   6.01143e-03
   4  mcnbkg_run1   1.19729e+01   1.61295e+01   4.53904e-03   7.61413e-04
   5  mcnsig_run1   7.76946e+03   1.60299e+02   5.08337e-02  -2.23463e-03
   6  mean_Run1    5.61993e+03   9.19493e-02   1.16658e-02  -3.28080e-03
   7  sigma_Run1   1.53290e+01   8.20481e-01   6.89959e-03  -3.26280e-03
   8  tau_run1    -1.29404e-09   8.52629e-06   5.00000e-01  -6.27449e-06
                               ERR DEF= 0.5
 EXTERNAL ERROR MATRIX.    NDIM=  25    NPAR=  8    ERR DEF=0.5
  4.034e-02  3.373e-02 -3.324e-02  9.107e-01  1.084e+00 -1.328e-03 -1.278e-01 -1.655e-10 
  3.373e-02  5.043e-02 -3.425e-02  1.407e+00  1.676e+00 -6.153e-04 -1.331e-01 -1.640e-09 
 -3.324e-02 -3.425e-02  4.316e-02  2.817e-01  3.351e-01  8.627e-04  1.692e-01 -4.554e-10 
  9.107e-01  1.407e+00  2.817e-01  2.604e+02  2.961e+02 -2.485e-02  1.011e+00 -2.153e-07 
  1.084e+00  1.676e+00  3.351e-01  2.961e+02  7.756e+03 -2.957e-02  1.202e+00 -2.566e-07 
 -1.328e-03 -6.153e-04  8.627e-04 -2.485e-02 -2.957e-02  8.479e-03  3.229e-03  5.517e-12 
 -1.278e-01 -1.331e-01  1.692e-01  1.011e+00  1.202e+00  3.229e-03  6.909e-01 -1.649e-09 
 -1.655e-10 -1.640e-09 -4.554e-10 -2.153e-07 -2.566e-07  5.517e-12 -1.649e-09  5.181e-12 
 PARAMETER  CORRELATION COEFFICIENTS  
       NO.  GLOBAL      1      2      3      4      5      6      7      8
        1  0.87473   1.000  0.748 -0.797  0.281  0.061 -0.072 -0.765 -0.000
        2  0.86329   0.748  1.000 -0.734  0.388  0.085 -0.030 -0.713 -0.003
        3  0.98597  -0.797 -0.734  1.000  0.084  0.018  0.045  0.980 -0.001
        4  0.76185   0.281  0.388  0.084  1.000  0.208 -0.017  0.075 -0.006
        5  0.20868   0.061  0.085  0.018  0.208  1.000 -0.004  0.016 -0.001
        6  0.08080  -0.072 -0.030  0.045 -0.017 -0.004  1.000  0.042  0.000
        7  0.98076  -0.765 -0.713  0.980  0.075  0.016  0.042  1.000 -0.001
        8  0.00668  -0.000 -0.003 -0.001 -0.006 -0.001  0.000 -0.001  1.000
 **********
 **    7 **SET ERR         0.5
 **********
 **********
 **    8 **SET PRINT           1
 **********
 **********
 **    9 **HESSE        4000
 **********
 COVARIANCE MATRIX CALCULATED SUCCESSFULLY
 FCN=-33710.6 FROM HESSE     STATUS=OK             83 CALLS        1286 TOTAL
                     EDM=3.45987e-06    STRATEGY= 2      ERROR MATRIX ACCURATE 
  EXT PARAMETER                                INTERNAL      INTERNAL  
  NO.   NAME      VALUE            ERROR       STEP SIZE       VALUE   
   1  a1_Run1      1.60559e+00   1.63030e-01   2.02015e-04   2.12774e-01
   2  a2_Run1      1.76091e+00   2.94327e-01   5.00000e-01   3.09463e-01
   3  lambda_Run1  -2.43931e+00   1.62516e-01   4.41793e-04  -3.04316e+00
   4  mcnbkg_run1   1.19729e+01   1.62668e+01   7.26246e-06  -7.77886e+00
   5  mcnsig_run1   7.76946e+03   3.70374e+01   5.00000e-01  -6.11504e+01
   6  mean_Run1    5.61993e+03   9.19374e-02   4.66632e-04  -7.11463e-02
   7  sigma_Run1   1.53290e+01   6.71305e-01   2.75984e-04   1.09873e-01
   8  tau_run1    -1.29404e-09   8.52609e-06   5.00000e-01   1.55995e+00
                               ERR DEF= 0.5
 EXTERNAL ERROR MATRIX.    NDIM=  25    NPAR=  8    ERR DEF=0.5
  2.763e-02  1.862e-02 -1.931e-02  5.717e-01  3.169e-01 -1.040e-03 -7.274e-02  1.961e-10 
  1.862e-02  3.646e-02 -1.612e-02  1.274e+00  7.057e-01 -1.263e-04 -6.098e-02 -1.555e-09 
 -1.931e-02 -1.612e-02  2.803e-02  7.067e-01  3.916e-01  5.722e-04  1.099e-01 -9.645e-10 
  5.717e-01  1.274e+00  7.067e-01  2.649e+02  1.402e+02 -8.632e-03  2.743e+00 -2.284e-07 
  3.169e-01  7.057e-01  3.916e-01  1.402e+02  1.386e+03 -4.787e-03  1.520e+00 -1.265e-07 
 -1.040e-03 -1.263e-04  5.722e-04 -8.632e-03 -4.787e-03  8.477e-03  2.081e-03 -1.499e-11 
 -7.274e-02 -6.098e-02  1.099e-01  2.743e+00  1.520e+00  2.081e-03  4.585e-01 -3.716e-09 
  1.961e-10 -1.555e-09 -9.645e-10 -2.284e-07 -1.265e-07 -1.499e-11 -3.716e-09  5.181e-12 
 PARAMETER  CORRELATION COEFFICIENTS  
       NO.  GLOBAL      1      2      3      4      5      6      7      8
        1  0.81193   1.000  0.587 -0.694  0.211  0.051 -0.068 -0.646  0.001
        2  0.75768   0.587  1.000 -0.504  0.410  0.099 -0.007 -0.472 -0.004
        3  0.97831  -0.694 -0.504  1.000  0.259  0.063  0.037  0.969 -0.003
        4  0.76649   0.211  0.410  0.259  1.000  0.231 -0.006  0.249 -0.006
        5  0.23172   0.051  0.099  0.063  0.231  1.000 -0.001  0.060 -0.001
        6  0.07946  -0.068 -0.007  0.037 -0.006 -0.001  1.000  0.033 -0.000
        7  0.97085  -0.646 -0.472  0.969  0.249  0.060  0.033  1.000 -0.002
        8  0.00699   0.001 -0.004 -0.003 -0.006 -0.001 -0.000 -0.002  1.000
 **********
 **   10 **SET ERR         0.5
 **********
 **********
 **   11 **SET PRINT           1
 **********
 **********
 **   12 **HESSE        4000
 **********
 COVARIANCE MATRIX CALCULATED SUCCESSFULLY
 FCN=-47336.3 FROM HESSE     STATUS=OK             79 CALLS        1365 TOTAL
                     EDM=0.563275    STRATEGY= 2      ERROR MATRIX ACCURATE 
  EXT PARAMETER                                INTERNAL      INTERNAL  
  NO.   NAME      VALUE            ERROR       STEP SIZE       VALUE   
   1  a1_Run1      1.60559e+00   2.53989e-01   4.12110e-03   2.12774e-01
   2  a2_Run1      1.76091e+00   3.21802e-01   4.78533e-02   3.09463e-01
   3  lambda_Run1  -2.43931e+00   2.41910e-01   9.01257e-03  -3.04316e+00
   4  mcnbkg_run1   1.19729e+01   1.75362e+01   1.89172e-04  -7.77886e+00
   5  mcnsig_run1   7.76946e+03   1.23598e+02   1.23341e-02  -6.11504e+01
   6  mean_Run1    5.61993e+03   7.79083e-02   9.51929e-03  -7.11463e-02
   7  sigma_Run1   1.53290e+01   9.95569e-01   5.63007e-03   1.09873e-01
   8  tau_run1    -1.29404e-09   9.98439e-06   5.00000e-01   1.55995e+00
                               ERR DEF= 0.5
 EXTERNAL ERROR MATRIX.    NDIM=  25    NPAR=  8    ERR DEF=0.5
  7.134e-02  6.517e-02 -6.236e-02  1.769e+00  1.920e+00 -2.228e-03 -2.388e-01 -1.079e-09 
  6.517e-02  7.748e-02 -6.008e-02  2.513e+00  2.728e+00 -1.634e-03 -2.314e-01 -2.274e-09 
 -6.236e-02 -6.008e-02  6.760e-02 -4.327e-01 -4.697e-01  1.746e-03  2.614e-01  4.268e-11 
  1.769e+00  2.513e+00 -4.327e-01  3.079e+02  3.251e+02 -4.908e-02 -1.722e+00 -2.725e-07 
  1.920e+00  2.728e+00 -4.697e-01  3.251e+02  5.961e+03 -5.328e-02 -1.869e+00 -2.958e-07 
 -2.228e-03 -1.634e-03  1.746e-03 -4.908e-02 -5.328e-02  6.082e-03  6.578e-03  2.909e-11 
 -2.388e-01 -2.314e-01  2.614e-01 -1.722e+00 -1.869e+00  6.578e-03  1.030e+00  2.406e-10 
 -1.079e-09 -2.274e-09  4.268e-11 -2.725e-07 -2.958e-07  2.909e-11  2.406e-10  2.331e-12 
 PARAMETER  CORRELATION COEFFICIENTS  
       NO.  GLOBAL      1      2      3      4      5      6      7      8
        1  0.94729   1.000  0.877 -0.898  0.377  0.093 -0.107 -0.881 -0.003
        2  0.93903   0.877  1.000 -0.830  0.514  0.127 -0.075 -0.819 -0.005
        3  0.99363  -0.898 -0.830  1.000 -0.095 -0.023  0.086  0.990  0.000
        4  0.84704   0.377  0.514 -0.095  1.000  0.240 -0.036 -0.097 -0.010
        5  0.24022   0.093  0.127 -0.023  0.240  1.000 -0.009 -0.024 -0.003
        6  0.11481  -0.107 -0.075  0.086 -0.036 -0.009  1.000  0.083  0.000
        7  0.99089  -0.881 -0.819  0.990 -0.097 -0.024  0.083  1.000  0.000
        8  0.01056  -0.003 -0.005  0.000 -0.010 -0.003  0.000  0.000  1.000
reduceEng varSubset = (Lb_DTF_M_JpsiLConstr) _wgtVar = totWt
 **********
 **   13 **SET PRINT           1
 **********
 **********
 **   14 **SET NOGRAD
 **********
 PARAMETER DEFINITIONS:
    NO.   NAME         VALUE      STEP SIZE      LIMITS
     1 a1_Run2      2.00000e+00  1.00000e-01    1.50000e+00  2.50000e+00
     2 a2_Run2      1.75000e+00  2.00000e-01    1.00000e+00  3.00000e+00
     3 lambda_Run2  -2.30000e+00  8.00000e-02   -2.80000e+00 -2.00000e+00
     4 mcnbkg_run2   9.91870e+03  1.98354e+03    1.00000e+00  1.98364e+04
     5 mcnsig_run2   1.98314e+04  2.50000e+00    9.91820e+03  1.98364e+04
     6 mean_Run2    5.61960e+03  2.00000e-01    5.61900e+03  5.62100e+03
     7 sigma_Run2   1.40000e+01  6.00000e-01    1.10000e+01  1.70000e+01
     8 tau_run2    -1.00000e-07  4.95000e-08   -1.00000e-05 -1.00000e-09
 **********
 **   15 **SET ERR         0.5
 **********
 **********
 **   16 **SET PRINT           1
 **********
 **********
 **   17 **SET STR           2
 **********
 NOW USING STRATEGY  2: MAKE SURE MINIMUM TRUE, ERRORS CORRECT  
 **********
 **   18 **MIGRAD        4000           1
 **********
 FIRST CALL TO USER FUNCTION AT NEW START POINT, WITH IFLAG=4.
 START MIGRAD MINIMIZATION.  STRATEGY  2.  CONVERGENCE WHEN EDM .LT. 1.00e-03
 MINUIT WARNING IN HESSE   
 ============== Negative diagonal element 5 in Error Matrix
 MINUIT WARNING IN HESSE   
 ============== 538.526 added to diagonal of error matrix
 COVARIANCE MATRIX CALCULATED SUCCESSFULLY
 FCN=-97084.7 FROM HESSE     STATUS=OK             83 CALLS          84 TOTAL
                     EDM=25617.1    STRATEGY= 2      ERROR MATRIX ACCURATE 
  EXT PARAMETER                                   STEP         FIRST   
  NO.   NAME      VALUE            ERROR          SIZE      DERIVATIVE 
   1  a1_Run2      2.00000e+00   2.07036e-02   5.00000e-01  -4.01134e+01
   2  a2_Run2      1.75000e+00   3.35831e-02   3.97403e-01  -1.42533e+02
   3  lambda_Run2  -2.30000e+00   1.53214e-02   4.71026e-01   2.15979e+02
   4  mcnbkg_run2   9.91870e+03   2.85323e+02   2.52316e-01   7.73620e+03
   5  mcnsig_run2   1.98314e+04   6.21506e+03   1.18577e-01   2.44349e+01
   6  mean_Run2    5.61960e+03   3.47445e-02   5.00000e-01  -1.28673e+02
   7  sigma_Run2   1.40000e+01   9.06997e-02   2.51205e-01   1.93075e+02
   8  tau_run2    -1.00000e-07   4.26478e-08   5.00000e-01  -2.66676e-04
                               ERR DEF= 0.5
 MINUIT WARNING IN MIGRAD  
 ============== Negative diagonal element 5 in Error Matrix
 MINUIT WARNING IN MIGRAD  
 ============== 1.001 added to diagonal of error matrix
 MIGRAD MINIMIZATION HAS CONVERGED.
 MIGRAD WILL VERIFY CONVERGENCE AND ERROR MATRIX.
 MINUIT WARNING IN HESSE   
 ============== Negative diagonal element 8 in Error Matrix
 MINUIT WARNING IN HESSE   
 ============== 1.00001 added to diagonal of error matrix
 COVARIANCE MATRIX CALCULATED SUCCESSFULLY
 FCN=-103967 FROM HESSE     STATUS=OK             79 CALLS        1843 TOTAL
                     EDM=0.00278969    STRATEGY= 2      ERROR MATRIX ACCURATE 
  EXT PARAMETER                                   STEP         FIRST   
  NO.   NAME      VALUE            ERROR          SIZE      DERIVATIVE 
   1  a1_Run2      2.05631e+00   2.57589e-01   4.66552e-02   6.16361e-02
   2  a2_Run2      2.26347e+00   3.68285e-01   3.35773e-02   1.57743e-02
   3  lambda_Run2  -2.05081e+00   1.53071e-01   2.06230e-02  -2.91320e-02
   4  mcnbkg_run2   1.00004e+00   5.47468e+00   7.40507e-03** at limit **
   5  mcnsig_run2   1.98364e+04   2.57316e+02   1.68433e-01   4.70400e-04
   6  mean_Run2    5.62011e+03   5.89728e-02   1.32142e-02  -1.80769e-02
   7  sigma_Run2   1.42091e+01   8.00097e-01   7.17885e-03   3.89816e-02
   8  tau_run2    -9.99514e-08   2.25277e-06   5.00000e-01   2.65216e-06
                               ERR DEF= 0.5
 MIGRAD FAILS TO FIND IMPROVEMENT
 MIGRAD MINIMIZATION HAS CONVERGED.
 MIGRAD WILL VERIFY CONVERGENCE AND ERROR MATRIX.
 MINUIT WARNING IN HESSE   
 ============== Negative diagonal element 8 in Error Matrix
 MINUIT WARNING IN HESSE   
 ============== 1.00001 added to diagonal of error matrix
 COVARIANCE MATRIX CALCULATED SUCCESSFULLY
 FCN=-103967 FROM MIGRAD    STATUS=CONVERGED    1975 CALLS        1976 TOTAL
                     EDM=0.000103121    STRATEGY= 2      ERROR MATRIX ACCURATE 
  EXT PARAMETER                                   STEP         FIRST   
  NO.   NAME      VALUE            ERROR          SIZE      DERIVATIVE 
   1  a1_Run2      2.04845e+00   1.89550e-01   4.51393e-02   1.00532e-02
   2  a2_Run2      2.25429e+00   2.76816e-01   3.32448e-02  -1.38164e-03
   3  lambda_Run2  -2.05513e+00   1.14463e-01   1.64984e-02  -1.28135e-02
   4  mcnbkg_run2   1.00000e+00   5.43060e+00   7.38348e-03** at limit **
   5  mcnsig_run2   1.98364e+04   2.26544e+03   2.69492e-02   4.84864e-04
   6  mean_Run2    5.62011e+03   5.89446e-02   1.32125e-02  -3.12927e-04
   7  sigma_Run2   1.42282e+01   5.56158e-01   7.17584e-03  -4.26417e-03
   8  tau_run2    -9.99552e-08   2.25277e-06   5.00000e-01   2.64008e-06
                               ERR DEF= 0.5
 EXTERNAL ERROR MATRIX.    NDIM=  25    NPAR=  8    ERR DEF=0.5
  3.782e-02  4.045e-02 -2.026e-02  1.323e-05  2.000e-04  1.239e-04  9.017e-02  3.551e-14 
  4.045e-02  7.882e-02 -2.922e-02  2.219e-05  3.354e-04 -4.891e-04  1.301e-01 -1.344e-13 
 -2.026e-02 -2.922e-02  1.480e-02  8.796e-07  1.324e-05  9.325e-05 -6.698e-02  2.103e-14 
  1.323e-05  2.219e-05  8.796e-07  1.473e-05  1.266e-04  1.239e-08 -4.012e-06  3.030e-15 
  2.000e-04  3.354e-04  1.324e-05  1.266e-04  1.145e+02  1.874e-07 -6.042e-05  4.869e-14 
  1.239e-04 -4.891e-04  9.325e-05  1.239e-08  1.874e-07  3.479e-03 -4.606e-04  1.095e-15 
  9.017e-02  1.301e-01 -6.698e-02 -4.012e-06 -6.042e-05 -4.606e-04  3.129e-01 -9.430e-14 
  3.551e-14 -1.344e-13  2.103e-14  3.030e-15  4.869e-14  1.095e-15 -9.430e-14  9.797e-13 
 PARAMETER  CORRELATION COEFFICIENTS  
       NO.  GLOBAL      1      2      3      4      5      6      7      8
        1  0.86091   1.000  0.741 -0.857  0.018  0.000  0.011  0.829  0.000
        2  0.85992   0.741  1.000 -0.856  0.021  0.000 -0.030  0.828 -0.000
        3  0.98886  -0.857 -0.856  1.000  0.002  0.000  0.013 -0.984  0.000
        4  0.05761   0.018  0.021  0.002  1.000  0.003  0.000 -0.002  0.000
        5  0.00309   0.000  0.000  0.000  0.003  1.000  0.000 -0.000  0.000
        6  0.05803   0.011 -0.030  0.013  0.000  0.000  1.000 -0.014  0.000
        7  0.98506   0.829  0.828 -0.984 -0.002 -0.000 -0.014  1.000 -0.000
        8  0.00000   0.000 -0.000  0.000  0.000  0.000  0.000 -0.000  1.000
 **********
 **   19 **SET ERR         0.5
 **********
 **********
 **   20 **SET PRINT           1
 **********
 **********
 **   21 **HESSE        4000
 **********
 MINUIT WARNING IN HESSE   
 ============== Negative diagonal element 8 in Error Matrix
 MINUIT WARNING IN HESSE   
 ============== 1.00001 added to diagonal of error matrix
 COVARIANCE MATRIX CALCULATED SUCCESSFULLY
 FCN=-103967 FROM HESSE     STATUS=OK             79 CALLS        2055 TOTAL
                     EDM=3.38123e-05    STRATEGY= 2      ERROR MATRIX ACCURATE 
  EXT PARAMETER                                INTERNAL      INTERNAL  
  NO.   NAME      VALUE            ERROR       STEP SIZE       VALUE   
   1  a1_Run2      2.04845e+00   1.29793e-01   5.00000e-01   9.70535e-02
   2  a2_Run2      2.25429e+00   1.96847e-01   2.65958e-04   2.57112e-01
   3  lambda_Run2  -2.05513e+00   6.83152e-02   1.31987e-04   2.10205e+00
   4  mcnbkg_run2   1.00000e+00   5.44045e+00   1.47670e-03  -6.44027e+01
                                 WARNING -   - ABOVE PARAMETER IS AT LIMIT.
   5  mcnsig_run2   1.98364e+04   3.23146e+01   5.00000e-01  -5.70201e+02
   6  mean_Run2    5.62011e+03   5.89344e-02   1.05700e-04   3.03171e+00
   7  sigma_Run2   1.42282e+01   3.28618e-01   5.74068e-05   9.34863e+00
   8  tau_run2    -9.99552e-08   2.25277e-06   1.00000e-01   1.37150e+00
                               ERR DEF= 0.5
 EXTERNAL ERROR MATRIX.    NDIM=  25    NPAR=  8    ERR DEF=0.5
  1.724e-02  1.143e-02 -5.669e-03  2.549e-06  2.562e-05  8.011e-05  2.427e-02 -1.556e-13 
  1.143e-02  3.930e-02 -9.488e-03  4.023e-06  4.043e-05 -5.118e-04  4.056e-02  3.392e-13 
 -5.669e-03 -9.488e-03  4.855e-03  3.247e-07  3.263e-06  9.728e-05 -2.190e-02 -2.889e-14 
  2.549e-06  4.023e-06  3.247e-07  1.476e-05  7.290e-06 -1.278e-08 -1.399e-06 -1.778e-15 
  2.562e-05  4.043e-05  3.263e-06  7.290e-06  1.504e+00 -1.285e-07 -1.406e-05 -1.793e-14 
  8.011e-05 -5.118e-04  9.728e-05 -1.278e-08 -1.285e-07  3.477e-03 -4.534e-04  9.050e-16 
  2.427e-02  4.056e-02 -2.190e-02 -1.399e-06 -1.406e-05 -4.534e-04  1.084e-01  1.226e-13 
 -1.556e-13  3.392e-13 -2.889e-14 -1.778e-15 -1.793e-14  9.050e-16  1.226e-13  9.797e-13 
 PARAMETER  CORRELATION COEFFICIENTS  
       NO.  GLOBAL      1      2      3      4      5      6      7      8
        1  0.62807   1.000  0.439 -0.620  0.005  0.000  0.010  0.561 -0.000
        2  0.69703   0.439  1.000 -0.687  0.005  0.000 -0.044  0.621  0.000
        3  0.96566  -0.620 -0.687  1.000  0.001  0.000  0.024 -0.954 -0.000
        4  0.01151   0.005  0.005  0.001  1.000  0.002 -0.000 -0.001 -0.000
        5  0.00158   0.000  0.000  0.000  0.002  1.000 -0.000 -0.000 -0.000
        6  0.05558   0.010 -0.044  0.024 -0.000 -0.000  1.000 -0.023  0.000
        7  0.95626   0.561  0.621 -0.954 -0.001 -0.000 -0.023  1.000  0.000
        8  0.00000  -0.000  0.000 -0.000 -0.000 -0.000  0.000  0.000  1.000
 **********
 **   22 **SET ERR         0.5
 **********
 **********
 **   23 **SET PRINT           1
 **********
 **********
 **   24 **HESSE        4000
 **********
 MINUIT WARNING IN HESSE   
 ============== Negative diagonal element 8 in Error Matrix
 MINUIT WARNING IN HESSE   
 ============== 1.00003 added to diagonal of error matrix
 COVARIANCE MATRIX CALCULATED SUCCESSFULLY
 FCN=-119516 FROM HESSE     STATUS=OK             99 CALLS        2154 TOTAL
                     EDM=14.603    STRATEGY= 2      ERROR MATRIX ACCURATE 
  EXT PARAMETER                                INTERNAL      INTERNAL  
  NO.   NAME      VALUE            ERROR       STEP SIZE       VALUE   
   1  a1_Run2      2.04845e+00   1.36314e-01   5.00000e-01   9.70535e-02
   2  a2_Run2      2.25429e+00   2.78106e-01   5.42555e-03   2.57112e-01
   3  lambda_Run2  -2.05513e+00   5.02149e-02   2.69254e-03   2.10205e+00
   4  mcnbkg_run2   1.00000e+00   4.03513e+00   1.85102e-01  -6.44027e+01
                                 WARNING -   - ABOVE PARAMETER IS AT LIMIT.
   5  mcnsig_run2   1.98364e+04   2.86647e+01   5.00000e-01  -5.70201e+02
   6  mean_Run2    5.62011e+03   5.49841e-02   2.15629e-03   3.03171e+00
   7  sigma_Run2   1.42282e+01   2.38133e-01   1.17110e-03   9.34863e+00
   8  tau_run2    -9.99552e-08   2.25277e-06   5.00000e-01   1.37150e+00
                               ERR DEF= 0.5
 EXTERNAL ERROR MATRIX.    NDIM=  25    NPAR=  8    ERR DEF=0.5
  1.907e-02  2.157e-02 -3.927e-03  2.153e-04  1.022e-02 -1.757e-05  1.548e-02  8.069e-13 
  2.157e-02  7.957e-02 -9.527e-03  5.092e-04  2.416e-02 -1.008e-03  3.733e-02  1.541e-12 
 -3.927e-03 -9.527e-03  2.575e-03 -2.982e-05 -1.416e-03  1.055e-04 -1.113e-02 -8.045e-14 
  2.153e-04  5.092e-04 -2.982e-05  1.095e-05  5.174e-04 -4.457e-06  1.234e-04  3.843e-14 
  1.022e-02  2.416e-02 -1.416e-03  5.174e-04  1.334e+00 -2.114e-04  5.860e-03  1.827e-12 
 -1.757e-05 -1.008e-03  1.055e-04 -4.457e-06 -2.114e-04  3.026e-03 -4.396e-04 -1.239e-14 
  1.548e-02  3.733e-02 -1.113e-02  1.234e-04  5.860e-03 -4.396e-04  5.683e-02  3.386e-13 
  8.069e-13  1.541e-12 -8.045e-14  3.843e-14  1.827e-12 -1.239e-14  3.386e-13  9.797e-13 
 PARAMETER  CORRELATION COEFFICIENTS  
       NO.  GLOBAL      1      2      3      4      5      6      7      8
        1  0.68496   1.000  0.554 -0.560  0.471  0.064 -0.002  0.470  0.000
        2  0.80719   0.554  1.000 -0.666  0.546  0.074 -0.065  0.555  0.000
        3  0.94841  -0.560 -0.666  1.000 -0.178 -0.024  0.038 -0.920 -0.000
        4  0.68281   0.471  0.546 -0.178  1.000  0.135 -0.024  0.157  0.000
        5  0.13542   0.064  0.074 -0.024  0.135  1.000 -0.003  0.021  0.000
        6  0.07681  -0.002 -0.065  0.038 -0.024 -0.003  1.000 -0.034 -0.000
        7  0.92568   0.470  0.555 -0.920  0.157  0.021 -0.034  1.000  0.000
        8  0.00001   0.000  0.000 -0.000  0.000  0.000 -0.000  0.000  1.000
Importing Run 1 data
Done making RooDataHist
RooDataHist::ds1[Lb_DTF_M_JpsiLConstr] = 325 bins (6626 weights)
Done importing Run 1 data
Importing Run 2 data
Done making RooDataHist
RooDataHist::ds2[Lb_DTF_M_JpsiLConstr] = 325 bins (21932 weights)
Done importing Run 2 data
before sb fit
 **********
 **    1 **SET PRINT           1
 **********
 **********
 **    2 **SET NOGRAD
 **********
 PARAMETER DEFINITIONS:
    NO.   NAME         VALUE      STEP SIZE      LIMITS
     1 slope_Run2  -2.00000e+00  2.50000e-01   -5.00000e+00  0.00000e+00
 **********
 **    3 **SET ERR         0.5
 **********
 **********
 **    4 **SET PRINT           1
 **********
 **********
 **    5 **SET STR           1
 **********
 NOW USING STRATEGY  1: TRY TO BALANCE SPEED AGAINST RELIABILITY
 **********
 **    6 **MIGRAD         500           1
 **********
 FIRST CALL TO USER FUNCTION AT NEW START POINT, WITH IFLAG=4.
 START MIGRAD MINIMIZATION.  STRATEGY  1.  CONVERGENCE WHEN EDM .LT. 1.00e-03
 FCN=51.4776 FROM MIGRAD    STATUS=INITIATE        4 CALLS           5 TOTAL
                     EDM= unknown      STRATEGY= 1      NO ERROR MATRIX       
  EXT PARAMETER               CURRENT GUESS       STEP         FIRST   
  NO.   NAME      VALUE            ERROR          SIZE      DERIVATIVE 
   1  slope_Run2  -2.00000e+00   2.50000e-01   1.02263e-01   5.84506e-02
                               ERR DEF= 0.5
 MIGRAD MINIMIZATION HAS CONVERGED.
 MIGRAD WILL VERIFY CONVERGENCE AND ERROR MATRIX.
 COVARIANCE MATRIX CALCULATED SUCCESSFULLY
 FCN=51.4775 FROM MIGRAD    STATUS=CONVERGED      14 CALLS          15 TOTAL
                     EDM=5.41227e-10    STRATEGY= 1      ERROR MATRIX ACCURATE 
  EXT PARAMETER                                   STEP         FIRST   
  NO.   NAME      VALUE            ERROR          SIZE      DERIVATIVE 
   1  slope_Run2  -2.00163e+00   2.61747e-01   5.30409e-04   2.17327e-04
                               ERR DEF= 0.5
 EXTERNAL ERROR MATRIX.    NDIM=  25    NPAR=  1    ERR DEF=0.5
  6.877e-02 
 **********
 **    7 **SET ERR         0.5
 **********
 **********
 **    8 **SET PRINT           1
 **********
 **********
 **    9 **HESSE         500
 **********
 COVARIANCE MATRIX CALCULATED SUCCESSFULLY
 FCN=51.4775 FROM HESSE     STATUS=OK              5 CALLS          20 TOTAL
                     EDM=5.40746e-10    STRATEGY= 1      ERROR MATRIX ACCURATE 
  EXT PARAMETER                                INTERNAL      INTERNAL  
  NO.   NAME      VALUE            ERROR       STEP SIZE       VALUE   
   1  slope_Run2  -2.00163e+00   2.61747e-01   2.12164e-05   2.00694e-01
                               ERR DEF= 0.5
 EXTERNAL ERROR MATRIX.    NDIM=  25    NPAR=  1    ERR DEF=0.5
  6.877e-02 
RooDataHist::combData[sample,Lb_DTF_M_JpsiLConstr] = 650 bins (28558 weights)
Done importing combData and simPdf
**********Printing w after all imports***********

RooWorkspace(w) w contents

variables
---------
(Lb_DTF_M_JpsiLConstr,R,R_1405,R_1520,R_1600,a1_Run1,a1_Run2,a2_Run1,a2_Run2,eff_ratio1,eff_ratio2,eff_ratio_1405_1,eff_ratio_1405_2,eff_ratio_1520_1,eff_ratio_1520_2,eff_ratio_1600_1,eff_ratio_1600_2,geff_ratio1,geff_ratio2,geff_ratio_1405_1,geff_ratio_1405_2,geff_ratio_1520_1,geff_ratio_1520_2,geff_ratio_1600_1,geff_ratio_1600_2,gnXib1,gnXib2,gshift_Xib,lambda_Run1,lambda_Run2,mcnbkg_run1,mcnbkg_run2,mcnsig_run1,mcnsig_run2,mean_Run1,mean_Run2,miscLstMean_Run1,miscLstMean_Run2,miscLstSigma_Run1,miscLstSigma_Run2,nBkg_Run1,nBkg_Run2,nJpsiKs_Run1,nJpsiKs_Run2,nLb_Run1,nLb_Run2,nMiscLst_Run1,nMiscLst_Run2,nXib1,nXib2,nXib_JpsiLambda_Run1,nXib_JpsiLambda_Run2,sample,shift_Xib,sigma_Run1,sigma_Run2,slope_Run1,slope_Run2,tau_run1,tau_run2)

p.d.f.s
-------
RooExponential::Bkg_Run1[ x=Lb_DTF_M_JpsiLConstr c=Bkg_Run1_2 ] = 5.82432e-24
RooExponential::Bkg_Run2[ x=Lb_DTF_M_JpsiLConstr c=Bkg_Run2_2 ] = 7.11272e-24
RooKeysPdf::JPSIKS_RUN1[ x=Lb_DTF_M_JpsiLConstr ] = 2.41547e-05
RooKeysPdf::JPSIKS_RUN2[ x=Lb_DTF_M_JpsiLConstr ] = 2.47803e-05
RooKeysPdf::LST1405_Run1[ x=Lb_DTF_M_JpsiLConstr ] = 0.00199337
RooKeysPdf::LST1405_Run2[ x=Lb_DTF_M_JpsiLConstr ] = 0.00215905
RooKeysPdf::LST1520_Run1[ x=Lb_DTF_M_JpsiLConstr ] = 0.00133618
RooKeysPdf::LST1520_Run2[ x=Lb_DTF_M_JpsiLConstr ] = 0.00148813
RooKeysPdf::LST1600_Run1[ x=Lb_DTF_M_JpsiLConstr ] = 0.000817526
RooKeysPdf::LST1600_Run2[ x=Lb_DTF_M_JpsiLConstr ] = 0.00095907
RooHypatia2::Lb_Run1[ x=Lb_DTF_M_JpsiLConstr l=lambda_Run1 zeta=0 fb=0 sigma=sigma_Run1 mu=mean_Run1 a=a1_Run1 n=2 a2=a2_Run1 n2=2 ] = 4.82591e-05
RooHypatia2::Lb_Run2[ x=Lb_DTF_M_JpsiLConstr l=lambda_Run2 zeta=0 fb=0 sigma=sigma_Run2 mu=mean_Run2 a=a1_Run2 n=2 a2=a2_Run2 n2=2 ] = 4.5493e-05
RooKeysPdf::SIG_Run1[ x=Lb_DTF_M_JpsiLConstr ] = 0.000100141
RooKeysPdf::SIG_Run2[ x=Lb_DTF_M_JpsiLConstr ] = 4.50538e-05
RooKeysPdf::XIB_RUN1[ x=Lb_DTF_M_JpsiLConstr ] = 0.00145423
RooKeysPdf::XIB_RUN2[ x=Lb_DTF_M_JpsiLConstr ] = 0.00138996
RooHypatia2::Xib_Run1[ x=Lb_DTF_M_JpsiLConstr l=lambda_Run1 zeta=0 fb=0 sigma=sigma_Run1 mu=XibMean_Run1 a=a1_Run1 n=2 a2=a2_Run1 n2=2 ] = 1.72757e-05
RooHypatia2::Xib_Run2[ x=Lb_DTF_M_JpsiLConstr l=lambda_Run2 zeta=0 fb=0 sigma=sigma_Run2 mu=XibMean_Run2 a=a1_Run2 n=2 a2=a2_Run2 n2=2 ] = 1.61911e-05
RooGaussian::eff_ratio_1405_constraint1[ x=geff_ratio_1405_1 mean=eff_ratio_1405_1 sigma=0.007715 ] = 1
RooGaussian::eff_ratio_1405_constraint2[ x=geff_ratio_1405_2 mean=eff_ratio_1405_2 sigma=0.008899 ] = 1
RooGaussian::eff_ratio_1520_constraint1[ x=geff_ratio_1520_1 mean=eff_ratio_1520_1 sigma=0.006685 ] = 1
RooGaussian::eff_ratio_1520_constraint2[ x=geff_ratio_1520_2 mean=eff_ratio_1520_2 sigma=0.009041 ] = 1
RooGaussian::eff_ratio_1600_constraint1[ x=geff_ratio_1600_1 mean=eff_ratio_1600_1 sigma=0.005871 ] = 1
RooGaussian::eff_ratio_1600_constraint2[ x=geff_ratio_1600_2 mean=eff_ratio_1600_2 sigma=0.006727 ] = 1
RooGaussian::eff_ratio_constraint1[ x=geff_ratio1 mean=eff_ratio1 sigma=0.028438 ] = 1
