************************
************************
************************
************************
************************
************************
************************
************************
************************
************************
Wed Aug 21 16:26:02 EDT 2019
-------------------------
Set LHCb Style - Feb 2012
-------------------------
inputFlag = 1
#######################################
Input file exists! Hurray!
Printing contents of w1 from input file

RooWorkspace(w1) w1 contents

variables
---------
(GB_WT,Lb_DTF_M_JpsiLConstr,sample,totWt,wt_tau)

p.d.f.s
-------
RooKeysPdf::JPSIKS_RUN1[ x=Lb_DTF_M_JpsiLConstr ] = 2.39104e-05
RooKeysPdf::JPSIKS_RUN2[ x=Lb_DTF_M_JpsiLConstr ] = 2.65743e-05
RooKeysPdf::LST1405_Run1[ x=Lb_DTF_M_JpsiLConstr ] = 0.0020405
RooKeysPdf::LST1405_Run2[ x=Lb_DTF_M_JpsiLConstr ] = 0.00212193
RooKeysPdf::LST1520_Run1[ x=Lb_DTF_M_JpsiLConstr ] = 0.00137278
RooKeysPdf::LST1520_Run2[ x=Lb_DTF_M_JpsiLConstr ] = 0.00145287
RooKeysPdf::LST1600_Run1[ x=Lb_DTF_M_JpsiLConstr ] = 0.000831477
RooKeysPdf::LST1600_Run2[ x=Lb_DTF_M_JpsiLConstr ] = 0.000934189
RooKeysPdf::SIG_Run1[ x=Lb_DTF_M_JpsiLConstr ] = 9.94779e-05
RooKeysPdf::SIG_Run2[ x=Lb_DTF_M_JpsiLConstr ] = 4.61033e-05
RooKeysPdf::XIB_RUN1[ x=Lb_DTF_M_JpsiLConstr ] = 0.00146901
RooKeysPdf::XIB_RUN2[ x=Lb_DTF_M_JpsiLConstr ] = 0.00134499

datasets
--------
RooDataSet::ds_sig_Run1(Lb_DTF_M_JpsiLConstr,GB_WT,wt_tau,totWt)
RooDataSet::ds_sig_wt_Run1(Lb_DTF_M_JpsiLConstr)
RooDataSet::ds_sig_Run2(Lb_DTF_M_JpsiLConstr,GB_WT,wt_tau,totWt)
RooDataSet::ds_sig_wt_Run2(Lb_DTF_M_JpsiLConstr)
RooDataSet::ds_1405_Run1(Lb_DTF_M_JpsiLConstr)
RooDataSet::ds_1405_Run2(Lb_DTF_M_JpsiLConstr)
RooDataSet::ds_1520_Run1(Lb_DTF_M_JpsiLConstr)
RooDataSet::ds_1520_Run2(Lb_DTF_M_JpsiLConstr)
RooDataSet::ds_1600_Run1(Lb_DTF_M_JpsiLConstr)
RooDataSet::ds_1600_Run2(Lb_DTF_M_JpsiLConstr)
RooDataSet::ds_xi_Run1(Lb_DTF_M_JpsiLConstr,GB_WT)
RooDataSet::ds_xi_wt_Run1(Lb_DTF_M_JpsiLConstr)
RooDataSet::ds_xi_Run2(Lb_DTF_M_JpsiLConstr,GB_WT)
RooDataSet::ds_xi_wt_Run2(Lb_DTF_M_JpsiLConstr)
RooDataSet::ds_jpsiks_Run1(Lb_DTF_M_JpsiLConstr)
RooDataSet::ds_jpsiks_Run2(Lb_DTF_M_JpsiLConstr)
RooDataHist::ds1(Lb_DTF_M_JpsiLConstr)
RooDataHist::ds2(Lb_DTF_M_JpsiLConstr)
RooDataHist::combData(sample,Lb_DTF_M_JpsiLConstr)

#######################################
[#1] INFO:Eval -- RooRealVar::setRange(Lb_DTF_M_JpsiLConstr) new range named 'signal_window' created with bounds [5365,5600]
[#1] INFO:Eval -- RooRealVar::setRange(Lb_DTF_M_JpsiLConstr) new range named 'sideband_window' created with bounds [5800,6000]
[#1] INFO:Eval -- RooRealVar::setRange(Lb_DTF_M_JpsiLConstr) new range named 'simFit_window' created with bounds [5500,5740]
@@@@@@@@@@@@@@@@@@@@@@@@@@@@@@@@@@@@@@@
Get Xib Normalization
@@@@@@@@@@@@@@@@@@@@@@@@@@@@@@@@@@@@@@@
xibYield = 36.361+/-7.75666+/-3.27249
UNWEIGHTED Xib->JpsiXi Eff = 0.0631 % +/- 0.0014 %
WEIGHTED Xib->JpsiXi Eff = 0.0728 % +/- 0.0015 %
UNWEIGHTED Xib->JpsiLambda Eff = 0.0110 % +/-0.0006 %
WEIGHTED Xib->JpsiLambda Eff = 0.0161 % +/-0.0007 %
UNWEIGTED Norm = 12.1975941614+/-2.60203489255+/-1.49471628644
WEIGHTED Norm = 15.4394242731+/-3.2935938143+/-1.84526470886
BREAKUP OF SYSTEMATICS:
Overall Syst     = 11.9516419539%
*Tracking        = 5.0%
*Xi Vtx          = 1.4%
*Xib Yield       = 9.0%
*Xib->JpsiL eff  = 4.42543484981%
*Xib->JpsiXi eff = 2.08057811171%
*tauXib-/tauXib0 = 3.3118675253%
************************************************
The UNWEIGHTED LL Xib normalization for Run 1 is 12.1976 +/- 2.60203 +/- 1.49472
The WEIGHTED LL Xib normalization for Run 1 is 15.4394 +/- 3.29359 +/- 1.84526
************************************************
xibYield = 173.281+/-16.4207+/-10.39686
UNWEIGHTED Xib->JpsiXi Eff = 0.0650 % +/- 0.0014 %
WEIGHTED Xib->JpsiXi Eff = 0.0725 % +/- 0.0015 %
UNWEIGHTED Xib->JpsiLambda Eff = 0.0163 % +/-0.0007 %
WEIGHTED Xib->JpsiLambda Eff = 0.0223 % +/-0.0008 %
UNWEIGTED Norm = 83.2472278756+/-7.88879193205+/-8.16201251397
WEIGHTED Norm = 102.227958373+/-9.68747084824+/-9.8041705949
BREAKUP OF SYSTEMATICS:
Overall Syst     = 9.59049828536%
*Tracking        = 5.0%
*Xi Vtx          = 1.4%
*Xib Yield       = 6.0%
*Xib->JpsiL eff  = 3.6927136373%
*Xib->JpsiXi eff = 2.10072769515%
*tauXib-/tauXib0 = 3.3118675253%
************************************************
The UNWEIGHTED LL Xib normalization for Run 2 is 83.2472 +/- 7.88879 +/- 8.16201
The WEIGHTED LL Xib normalization for Run 2 is 102.228 +/- 9.68747 +/- 9.80417
************************************************
@@@@@@@@@@@@@@@@@@@@@@@@@@@@@@@@@@@@@@@
Get Lb -> J/psi Lambda efficiency
@@@@@@@@@@@@@@@@@@@@@@@@@@@@@@@@@@@@@@@
************************************************
Run 1 UNWEIGHTED Jpsi Lambda Eff = 0.093722 % +/- 0.00119639 %
Run 1 WEIGHTED Jpsi Lambda Eff = 0.109849 % +/- 0.00135396 %
************************************************
************************************************
Run 2 UNWEIGHTED Jpsi Lambda Eff = 0.114489 % +/- 0.000824144 %
Run 2 WEIGHTED Jpsi Lambda Eff = 0.112579 % +/- 0.000854988 %
************************************************
@@@@@@@@@@@@@@@@@@@@@@@@@@@@@@@@@@@@@@@
Get Lb -> J/psi Sigma efficiency and shape
@@@@@@@@@@@@@@@@@@@@@@@@@@@@@@@@@@@@@@@
************************************************
Run 1 UNWEIGHTED Jpsi Sigma Eff = 0.0770636 % +/- 0.00165072 %
Run 1 WEIGHTED Jpsi Sigma Eff = 0.0900865 % +/- 0.00188804 %
************************************************
***************************************
Run 1 UNWEIGHTED Lambda/Sigma efficiency ratio = 1.21616 +/- 0.0303257
Run 1 WEIGHTED Lambda/Sigma efficiency ratio   = 1.21937 +/- 0.0296476
***************************************
Done importing Jpsi Sigma shape
************************************************
Run 2 UNWEIGHTED Jpsi Sigma Eff = 0.105506 % +/- 0.00102936 %
Run 2 WEIGHTED Jpsi Sigma Eff = 0.105461 % +/- 0.00109588 %
************************************************
***************************************
Run 2 UNWEIGHTED Lambda/Sigma efficiency ratio = 1.08514 +/- 0.0131569
Run 2 WEIGHTED Lambda/Sigma efficiency ratio   = 1.06749 +/- 0.0137396
***************************************
Done importing Jpsi Sigma shape
@@@@@@@@@@@@@@@@@@@@@@@@@@@@@@@@@@@@@@@
Get Lb -> J/psi Lst(1405) efficiency and shape
@@@@@@@@@@@@@@@@@@@@@@@@@@@@@@@@@@@@@@@
************************************************
Run 1 UNWEIGHTED Jpsi /(1405) Eff = 0.0569127 % +/- 0.000481149 %
Run 1 WEIGHTED Jpsi /(1405) Eff = 0.0577025 % +/- 0.000477405 %
************************************************
***************************************
Run 1 UNWEIGHTED /(1405)/Lambda efficiency ratio = 0.5181 +/- 0.00774373
Run 1 WEIGHTED /(1405)/Lambda efficiency ratio   = 0.525289 +/- 0.00779792
***************************************
Done importing Jpsi Lst(1405) shape
************************************************
Run 2 UNWEIGHTED Jpsi /(1405) Eff = 0.0707819 % +/- 0.000837759 %
Run 2 WEIGHTED Jpsi /(1405) Eff = 0.0711444 % +/- 0.000838317 %
************************************************
***************************************
Run 2 UNWEIGHTED /(1405)/Lambda efficiency ratio = 0.628734 +/- 0.00884178
Run 2 WEIGHTED /(1405)/Lambda efficiency ratio   = 0.631954 +/- 0.00885918
***************************************
Done importing Jpsi Lst(1405) shape
************************************************
Run 1 UNWEIGHTED Jpsi /(1520) Eff = 0.0475913 % +/- 0.000447328 %
Run 1 WEIGHTED Jpsi /(1520) Eff = 0.0482552 % +/- 0.000443768 %
************************************************
***************************************
Run 1 UNWEIGHTED /(1520)/Lambda efficiency ratio = 0.433243 +/- 0.00671555
Run 1 WEIGHTED /(1520)/Lambda efficiency ratio   = 0.439286 +/- 0.0067555
***************************************
Done importing Jpsi Lst(1520) shape
************************************************
Run 2 UNWEIGHTED Jpsi /(1520) Eff = 0.0593808 % +/- 0.000922705 %
Run 2 WEIGHTED Jpsi /(1520) Eff = 0.0596619 % +/- 0.000924121 %
************************************************
***************************************
Run 2 UNWEIGHTED /(1520)/Lambda efficiency ratio = 0.527462 +/- 0.00912266
Run 2 WEIGHTED /(1520)/Lambda efficiency ratio   = 0.529958 +/- 0.00914229
***************************************
Done importing Jpsi Lst(1520) shape
************************************************
Run 1 UNWEIGHTED Jpsi /(1600) Eff = 0.0414348 % +/- 0.00039782 %
Run 1 WEIGHTED Jpsi /(1600) Eff = 0.0420052 % +/- 0.000394553 %
************************************************
***************************************
Run 1 UNWEIGHTED /(1600)/Lambda efficiency ratio = 0.377197 +/- 0.00589326
Run 1 WEIGHTED /(1600)/Lambda efficiency ratio   = 0.38239 +/- 0.00592582
***************************************
Done importing Jpsi Lst(1600) shape
************************************************
Run 2 UNWEIGHTED Jpsi /(1600) Eff = 0.0505506 % +/- 0.000655462 %
Run 2 WEIGHTED Jpsi /(1600) Eff = 0.0507839 % +/- 0.00065501 %
************************************************
***************************************
Run 2 UNWEIGHTED /(1600)/Lambda efficiency ratio = 0.449025 +/- 0.00674744
Run 2 WEIGHTED /(1600)/Lambda efficiency ratio   = 0.451098 +/- 0.00675195
***************************************
Done importing Jpsi Lst(1600) shape
***************************************
Get J/psi Xi shape from MC
***************************************
Done importing Xib shape
Done importing Xib shape
***************************************
Get J/psi Ks shape from MC
***************************************
Done importing Xib shape
Done defining J/psi Lambda Hypatia shapes
*****UING EXPONENTIAL BKG SHAPE*****
Done defining cont. bkg exp. shapes
Done defining Misc Lambda* Gaussian shapes
RooDataSet::ds_sim1[Lb_DTF_M_JpsiLConstr,GB_WT,wt_tau] = 6803 entries
RooDataSet::ds_sim_wt1[Lb_DTF_M_JpsiLConstr,weight:totWt] = 6803 entries (7367.59 weighted)
mcNentries = 7367.59
RooDataSet::ds_sim2[Lb_DTF_M_JpsiLConstr,GB_WT,wt_tau] = 24457 entries
RooDataSet::ds_sim_wt2[Lb_DTF_M_JpsiLConstr,weight:totWt] = 24457 entries (21382.2 weighted)
mcNentries = 21382.2
reduceEng varSubset = (Lb_DTF_M_JpsiLConstr) _wgtVar = totWt
 **********
 **    1 **SET PRINT           1
 **********
 **********
 **    2 **SET NOGRAD
 **********
 PARAMETER DEFINITIONS:
    NO.   NAME         VALUE      STEP SIZE      LIMITS
     1 a1_Run1      1.80000e+00  1.00000e-01    1.00000e+00  2.00000e+00
     2 a2_Run1      1.70000e+00  4.00000e-02    1.50000e+00  1.90000e+00
     3 lambda_Run1  -2.59000e+00  8.00000e-02   -2.80000e+00 -2.00000e+00
     4 mcnbkg_run1   3.68429e+03  7.36659e+02    1.00000e+00  7.36759e+03
     5 mcnsig_run1   7.36259e+03  2.50000e+00    3.68379e+03  7.36759e+03
     6 mean_Run1    5.61960e+03  2.00000e-01    5.61900e+03  5.62100e+03
     7 sigma_Run1   1.50000e+01  6.00000e-01    1.20000e+01  1.80000e+01
     8 tau_run1    -1.00000e-07  4.95000e-08   -1.00000e-05 -1.00000e-09
 **********
 **    3 **SET ERR         0.5
 **********
 **********
 **    4 **SET PRINT           1
 **********
 **********
 **    5 **SET STR           2
 **********
 NOW USING STRATEGY  2: MAKE SURE MINIMUM TRUE, ERRORS CORRECT  
 **********
 **    6 **MIGRAD        4000           1
 **********
 FIRST CALL TO USER FUNCTION AT NEW START POINT, WITH IFLAG=4.
 START MIGRAD MINIMIZATION.  STRATEGY  2.  CONVERGENCE WHEN EDM .LT. 1.00e-03
 MINUIT WARNING IN HESSE   
 ============== Negative diagonal element 5 in Error Matrix
 MINUIT WARNING IN HESSE   
 ============== 181.501 added to diagonal of error matrix
 COVARIANCE MATRIX CALCULATED SUCCESSFULLY
 FCN=-28997.9 FROM HESSE     STATUS=OK             85 CALLS          86 TOTAL
                     EDM=12943.9    STRATEGY= 2      ERROR MATRIX ACCURATE 
  EXT PARAMETER                                   STEP         FIRST   
  NO.   NAME      VALUE            ERROR          SIZE      DERIVATIVE 
   1  a1_Run1      1.80000e+00   2.75927e-02   5.00000e-01  -1.47129e+01
   2  a2_Run1      1.70000e+00   1.46379e-02   5.00000e-01  -9.48059e+00
   3  lambda_Run1  -2.59000e+00   2.21547e-02   3.67998e-01   7.16197e+01
   4  mcnbkg_run1   3.68429e+03   1.96131e+02   2.35946e-01   2.91306e+03
   5  mcnsig_run1   7.36259e+03   2.39958e+03   2.76850e-01   1.40998e+01
   6  mean_Run1    5.61960e+03   5.72576e-02   4.24365e-01  -1.85239e+01
   7  sigma_Run1   1.50000e+01   1.56435e-01   2.37588e-01   9.15080e+01
   8  tau_run1    -1.00000e-07   7.34168e-08   5.00000e-01  -2.34449e-04
                               ERR DEF= 0.5
 MIGRAD FAILS TO FIND IMPROVEMENT
 MIGRAD MINIMIZATION HAS CONVERGED.
 MIGRAD WILL VERIFY CONVERGENCE AND ERROR MATRIX.
 MINUIT WARNING IN HESSE   
 ============== Negative diagonal element 8 in Error Matrix
 MINUIT WARNING IN HESSE   
 ============== 1 added to diagonal of error matrix
 COVARIANCE MATRIX CALCULATED SUCCESSFULLY
 FCN=-31574.2 FROM MIGRAD    STATUS=CONVERGED     708 CALLS         709 TOTAL
                     EDM=9.6304e-05    STRATEGY= 2      ERROR MATRIX ACCURATE 
  EXT PARAMETER                                   STEP         FIRST   
  NO.   NAME      VALUE            ERROR          SIZE      DERIVATIVE 
   1  a1_Run1      1.61391e+00   1.55098e-01   2.44485e-02   1.93335e-02
   2  a2_Run1      1.56354e+00   1.08675e-01   7.45910e-02   7.37092e-03
   3  lambda_Run1  -2.59215e+00   1.72844e-01   1.30022e-02  -5.46197e-02
   4  mcnbkg_run1   1.00012e+00   9.17704e+00   8.58946e-03** at limit **
   5  mcnsig_run1   7.36724e+03   3.77412e+02   1.07654e-01  -2.90601e-03
   6  mean_Run1    5.61980e+03   9.42962e-02   1.18551e-02  -3.06140e-02
   7  sigma_Run1   1.59725e+01   7.12553e-01   7.41965e-03   5.13823e-02
   8  tau_run1    -1.00004e-07   2.25274e-06   5.00000e-01   6.20403e-07
                               ERR DEF= 0.5
 EXTERNAL ERROR MATRIX.    NDIM=  25    NPAR=  8    ERR DEF=0.5
  2.492e-02  1.191e-02  2.256e-02  2.566e-04  2.125e-03 -5.256e-04  8.486e-02  1.222e-13 
  1.191e-02  1.501e-02  1.692e-02  1.619e-04  1.341e-03  2.250e-04  6.329e-02 -4.560e-14 
  2.256e-02  1.692e-02  3.266e-02 -2.201e-04 -1.821e-03 -2.335e-04  1.263e-01  3.821e-14 
  2.566e-04  1.619e-04 -2.201e-04  4.318e-03  2.029e-02  5.533e-07 -8.277e-04  1.311e-14 
  2.125e-03  1.341e-03 -1.821e-03  2.029e-02  5.413e+02  4.584e-06 -6.850e-03  1.087e-13 
 -5.256e-04  2.250e-04 -2.335e-04  5.533e-07  4.584e-06  8.919e-03 -1.013e-03 -2.497e-15 
  8.486e-02  6.329e-02  1.263e-01 -8.277e-04 -6.850e-03 -1.013e-03  5.188e-01  1.473e-13 
  1.222e-13 -4.560e-14  3.821e-14  1.311e-14  1.087e-13 -2.497e-15  1.473e-13  9.801e-13 
 PARAMETER  CORRELATION COEFFICIENTS  
       NO.  GLOBAL      1      2      3      4      5      6      7      8
        1  0.79686   1.000  0.616  0.791  0.025  0.001 -0.035  0.746  0.000
        2  0.77172   0.616  1.000  0.764  0.020  0.000  0.019  0.717 -0.000
        3  0.97860   0.791  0.764  1.000 -0.019 -0.000 -0.014  0.970  0.000
        4  0.08745   0.025  0.020 -0.019  1.000  0.013  0.000 -0.017  0.000
        5  0.01330   0.001  0.000 -0.000  0.013  1.000  0.000 -0.000  0.000
        6  0.06380  -0.035  0.019 -0.014  0.000  0.000  1.000 -0.015 -0.000
        7  0.97117   0.746  0.717  0.970 -0.017 -0.000 -0.015  1.000  0.000
        8  0.00000   0.000 -0.000  0.000  0.000  0.000 -0.000  0.000  1.000
 **********
 **    7 **SET ERR         0.5
 **********
 **********
 **    8 **SET PRINT           1
 **********
 **********
 **    9 **HESSE        4000
 **********
 MINUIT WARNING IN HESSE   
 ============== Negative diagonal element 8 in Error Matrix
 MINUIT WARNING IN HESSE   
 ============== 1 added to diagonal of error matrix
 COVARIANCE MATRIX CALCULATED SUCCESSFULLY
 FCN=-31574.2 FROM HESSE     STATUS=OK             69 CALLS         778 TOTAL
                     EDM=8.33347e-05    STRATEGY= 2      ERROR MATRIX ACCURATE 
  EXT PARAMETER                                INTERNAL      INTERNAL  
  NO.   NAME      VALUE            ERROR       STEP SIZE       VALUE   
   1  a1_Run1      1.61391e+00   1.43556e-01   4.88970e-03   2.29832e-01
   2  a2_Run1      1.56354e+00   1.01071e-01   2.98364e-03  -7.50871e-01
   3  lambda_Run1  -2.59215e+00   1.51124e-01   5.20090e-04  -5.01089e-01
   4  mcnbkg_run1   1.00012e+00   9.21785e+00   1.71789e-03  -1.41369e+01
                                 WARNING -   - ABOVE PARAMETER IS AT LIMIT.
   5  mcnsig_run1   7.36724e+03   3.14589e+01   5.00000e-01  -1.11507e+02
   6  mean_Run1    5.61980e+03   9.43164e-02   2.37102e-03  -1.97692e-01
   7  sigma_Run1   1.59725e+01   6.19264e-01   2.96786e-04   2.81148e+00
   8  tau_run1    -1.00004e-07   2.25274e-06   1.00000e-01   1.37145e+00
                               ERR DEF= 0.5
 EXTERNAL ERROR MATRIX.    NDIM=  25    NPAR=  8    ERR DEF=0.5
  2.123e-02  8.744e-03  1.694e-02  6.681e-05  3.145e-04 -5.674e-04  6.241e-02 -3.641e-13 
  8.744e-03  1.245e-02  1.229e-02  4.026e-05  1.895e-04  2.330e-04  4.500e-02  1.319e-13 
  1.694e-02  1.229e-02  2.441e-02 -5.088e-05 -2.395e-04 -2.369e-04  9.360e-02 -1.131e-13 
  6.681e-05  4.026e-05 -5.088e-05  4.337e-03  1.496e-03 -2.077e-07 -1.909e-04 -9.654e-15 
  3.145e-04  1.895e-04 -2.395e-04  1.496e-03  4.367e+01 -9.778e-07 -8.987e-04 -4.576e-14 
 -5.674e-04  2.330e-04 -2.369e-04 -2.077e-07 -9.778e-07  8.923e-03 -9.933e-04  8.559e-15 
  6.241e-02  4.500e-02  9.360e-02 -1.909e-04 -8.987e-04 -9.933e-04  3.897e-01 -4.237e-13 
 -3.641e-13  1.319e-13 -1.131e-13 -9.654e-15 -4.576e-14  8.559e-15 -4.237e-13  9.801e-13 
 PARAMETER  CORRELATION COEFFICIENTS  
       NO.  GLOBAL      1      2      3      4      5      6      7      8
        1  0.75147   1.000  0.538  0.744  0.007  0.000 -0.041  0.686 -0.000
        2  0.71413   0.538  1.000  0.705  0.005  0.000  0.022  0.646  0.000
        3  0.97126   0.744  0.705  1.000 -0.005 -0.000 -0.016  0.960 -0.000
        4  0.02146   0.007  0.005 -0.005  1.000  0.003 -0.000 -0.005 -0.000
        5  0.00356   0.000  0.000 -0.000  0.003  1.000 -0.000 -0.000 -0.000
        6  0.06736  -0.041  0.022 -0.016 -0.000 -0.000  1.000 -0.017  0.000
        7  0.96143   0.686  0.646  0.960 -0.005 -0.000 -0.017  1.000 -0.000
        8  0.00000  -0.000  0.000 -0.000 -0.000 -0.000  0.000 -0.000  1.000
 **********
 **   10 **SET ERR         0.5
 **********
 **********
 **   11 **SET PRINT           1
 **********
 **********
 **   12 **HESSE        4000
 **********
 COVARIANCE MATRIX CALCULATED SUCCESSFULLY
 FCN=-44058.9 FROM HESSE     STATUS=OK             95 CALLS         873 TOTAL
                     EDM=0.21317    STRATEGY= 2      ERROR MATRIX ACCURATE 
  EXT PARAMETER                                INTERNAL      INTERNAL  
  NO.   NAME      VALUE            ERROR       STEP SIZE       VALUE   
   1  a1_Run1      1.61391e+00   1.85043e-01   9.97499e-02   2.29832e-01
   2  a2_Run1      1.56354e+00   2.25707e-01   6.08663e-02  -7.50871e-01
   3  lambda_Run1  -2.59215e+00   2.30587e-01   1.06098e-02  -5.01089e-01
   4  mcnbkg_run1   1.00012e+00   2.62724e+00   1.42003e-01  -1.41369e+01
                                 WARNING -   - ABOVE PARAMETER IS AT LIMIT.
   5  mcnsig_run1   7.36724e+03   2.36230e+01   5.00000e-01  -1.11507e+02
   6  mean_Run1    5.61980e+03   8.02304e-02   4.83688e-02  -1.97692e-01
   7  sigma_Run1   1.59725e+01   9.54628e-01   6.05443e-03   2.81148e+00
   8  tau_run1    -1.00004e-07   5.01662e-06   5.00000e-01   1.37145e+00
                               ERR DEF= 0.5
 EXTERNAL ERROR MATRIX.    NDIM=  25    NPAR=  8    ERR DEF=0.5
  3.603e-02  2.658e-02  4.209e-02  4.233e-04  7.628e-03 -1.922e-04  1.594e-01  3.786e-09 
  2.658e-02  2.927e-02  3.830e-02  2.747e-04  4.975e-03  3.722e-04  1.447e-01 -5.878e-09 
  4.209e-02  3.830e-02  6.331e-02 -1.152e-03 -2.049e-02  9.077e-05  2.421e-01  5.535e-09 
  4.233e-04  2.747e-04 -1.152e-03  1.236e-03  2.176e-02  6.663e-06 -4.270e-03 -5.447e-09 
  7.628e-03  4.975e-03 -2.049e-02  2.176e-02  3.277e+01  1.199e-04 -7.600e-02 -9.901e-08 
 -1.922e-04  3.722e-04  9.077e-05  6.663e-06  1.199e-04  6.451e-03  1.998e-04 -1.961e-10 
  1.594e-01  1.447e-01  2.421e-01 -4.270e-03 -7.600e-02  1.998e-04  9.479e-01  2.093e-08 
  3.786e-09 -5.878e-09  5.535e-09 -5.447e-09 -9.901e-08 -1.961e-10  2.093e-08  6.173e-08 
 PARAMETER  CORRELATION COEFFICIENTS  
       NO.  GLOBAL      1      2      3      4      5      6      7      8
        1  0.90160   1.000  0.819  0.881  0.063  0.007 -0.013  0.862  0.000
        2  0.90770   0.819  1.000  0.890  0.046  0.005  0.027  0.869 -0.000
        3  0.99198   0.881  0.890  1.000 -0.130 -0.014  0.004  0.988  0.000
        4  0.51600   0.063  0.046 -0.130  1.000  0.108  0.002 -0.125 -0.001
        5  0.10816   0.007  0.005 -0.014  0.108  1.000  0.000 -0.014 -0.000
        6  0.06761  -0.013  0.027  0.004  0.002  0.000  1.000  0.003 -0.000
        7  0.98880   0.862  0.869  0.988 -0.125 -0.014  0.003  1.000  0.000
        8  0.00073   0.000 -0.000  0.000 -0.001 -0.000 -0.000  0.000  1.000
reduceEng varSubset = (Lb_DTF_M_JpsiLConstr) _wgtVar = totWt
 **********
 **   13 **SET PRINT           1
 **********
 **********
 **   14 **SET NOGRAD
 **********
 PARAMETER DEFINITIONS:
    NO.   NAME         VALUE      STEP SIZE      LIMITS
     1 a1_Run2      2.00000e+00  1.00000e-01    1.50000e+00  2.50000e+00
     2 a2_Run2      1.75000e+00  2.00000e-01    1.00000e+00  3.00000e+00
     3 lambda_Run2  -2.30000e+00  8.00000e-02   -2.80000e+00 -2.00000e+00
     4 mcnbkg_run2   1.06916e+04  2.13812e+03    1.00000e+00  2.13822e+04
     5 mcnsig_run2   2.13772e+04  2.50000e+00    1.06911e+04  2.13822e+04
     6 mean_Run2    5.61960e+03  2.00000e-01    5.61900e+03  5.62100e+03
     7 sigma_Run2   1.40000e+01  6.00000e-01    1.10000e+01  1.70000e+01
     8 tau_run2    -1.00000e-07  4.95000e-08   -1.00000e-05 -1.00000e-09
 **********
 **   15 **SET ERR         0.5
 **********
 **********
 **   16 **SET PRINT           1
 **********
 **********
 **   17 **SET STR           2
 **********
 NOW USING STRATEGY  2: MAKE SURE MINIMUM TRUE, ERRORS CORRECT  
 **********
 **   18 **MIGRAD        4000           1
 **********
 FIRST CALL TO USER FUNCTION AT NEW START POINT, WITH IFLAG=4.
 START MIGRAD MINIMIZATION.  STRATEGY  2.  CONVERGENCE WHEN EDM .LT. 1.00e-03
 MINUIT WARNING IN HESSE   
 ============== Negative diagonal element 5 in Error Matrix
 MINUIT WARNING IN HESSE   
 ============== 586.242 added to diagonal of error matrix
 COVARIANCE MATRIX CALCULATED SUCCESSFULLY
 FCN=-106149 FROM HESSE     STATUS=OK             83 CALLS          84 TOTAL
                     EDM=27078.2    STRATEGY= 2      ERROR MATRIX ACCURATE 
  EXT PARAMETER                                   STEP         FIRST   
  NO.   NAME      VALUE            ERROR          SIZE      DERIVATIVE 
   1  a1_Run2      2.00000e+00   1.98611e-02   5.00000e-01  -4.28810e+01
   2  a2_Run2      1.75000e+00   3.22985e-02   4.01840e-01  -1.53110e+02
   3  lambda_Run2  -2.30000e+00   1.46829e-02   4.73457e-01   2.24085e+02
   4  mcnbkg_run2   1.06916e+04   2.93851e+02   2.51548e-01   8.31821e+03
   5  mcnsig_run2   2.13772e+04   6.69550e+03   1.14208e-01   2.55990e+01
   6  mean_Run2    5.61960e+03   3.33779e-02   5.00000e-01  -1.40307e+02
   7  sigma_Run2   1.40000e+01   8.69679e-02   2.52347e-01   1.90272e+02
   8  tau_run2    -1.00000e-07   4.08764e-08   5.00000e-01  -1.03848e-04
                               ERR DEF= 0.5
 MIGRAD FAILS TO FIND IMPROVEMENT
 MIGRAD MINIMIZATION HAS CONVERGED.
 MIGRAD WILL VERIFY CONVERGENCE AND ERROR MATRIX.
 MINUIT WARNING IN HESSE   
 ============== Negative diagonal element 8 in Error Matrix
 MINUIT WARNING IN HESSE   
 ============== 1.00001 added to diagonal of error matrix
 COVARIANCE MATRIX CALCULATED SUCCESSFULLY
 FCN=-113535 FROM MIGRAD    STATUS=CONVERGED     834 CALLS         835 TOTAL
                     EDM=1.80308e-05    STRATEGY= 2      ERROR MATRIX ACCURATE 
  EXT PARAMETER                                   STEP         FIRST   
  NO.   NAME      VALUE            ERROR          SIZE      DERIVATIVE 
   1  a1_Run2      2.00212e+00   1.35925e-01   4.53646e-02   6.24622e-03
   2  a2_Run2      2.23889e+00   1.77617e-01   3.16220e-02   1.86847e-02
   3  lambda_Run2  -2.05681e+00   6.44730e-02   1.98213e-02  -4.55398e-02
   4  mcnbkg_run2   1.00000e+00   4.66218e+00   6.86678e-03** at limit **
   5  mcnsig_run2   2.13821e+04   5.03067e+02   1.15210e-01  -7.29740e-04
   6  mean_Run2    5.62012e+03   5.70954e-02   1.33853e-02  -4.16947e-03
   7  sigma_Run2   1.43064e+01   3.02820e-01   7.30101e-03  -1.16114e-01
   8  tau_run2    -1.00001e-07   2.25275e-06   5.00000e-01   1.15113e-06
                               ERR DEF= 0.5
 EXTERNAL ERROR MATRIX.    NDIM=  25    NPAR=  8    ERR DEF=0.5
  1.895e-02  1.208e-02  6.392e-03  1.421e-06  3.390e-04 -2.523e-04 -2.649e-02  5.713e-14 
  1.208e-02  3.191e-02  7.874e-03  2.122e-06  5.064e-04  2.518e-04 -3.277e-02 -7.705e-14 
  6.392e-03  7.874e-03  4.301e-03  9.143e-08  2.184e-05  3.636e-06 -1.887e-02  1.153e-15 
  1.421e-06  2.122e-06  9.143e-08  1.746e-07  2.130e-05 -6.880e-09 -4.101e-07  1.300e-16 
  3.390e-04  5.064e-04  2.184e-05  2.130e-05  6.249e+01 -1.641e-06 -9.791e-05  3.210e-14 
 -2.523e-04  2.518e-04  3.636e-06 -6.880e-09 -1.641e-06  3.263e-03 -6.292e-05 -7.897e-16 
 -2.649e-02 -3.277e-02 -1.887e-02 -4.101e-07 -9.791e-05 -6.292e-05  9.202e-02 -4.023e-15 
  5.713e-14 -7.705e-14  1.153e-15  1.300e-16  3.210e-14 -7.897e-16 -4.023e-15  9.801e-13 
 PARAMETER  CORRELATION COEFFICIENTS  
       NO.  GLOBAL      1      2      3      4      5      6      7      8
        1  0.71894   1.000  0.491  0.708  0.025  0.000 -0.032 -0.634  0.000
        2  0.68119   0.491  1.000  0.672  0.028  0.000  0.025 -0.605 -0.000
        3  0.96398   0.708  0.672  1.000  0.003  0.000  0.001 -0.949  0.000
        4  0.04848   0.025  0.028  0.003  1.000  0.006 -0.000 -0.003  0.000
        5  0.00645   0.000  0.000  0.000  0.006  1.000 -0.000 -0.000  0.000
        6  0.05770  -0.032  0.025  0.001 -0.000 -0.000  1.000 -0.004 -0.000
        7  0.95121  -0.634 -0.605 -0.949 -0.003 -0.000 -0.004  1.000 -0.000
        8  0.00000   0.000 -0.000  0.000  0.000  0.000 -0.000 -0.000  1.000
 **********
 **   19 **SET ERR         0.5
 **********
 **********
 **   20 **SET PRINT           1
 **********
 **********
 **   21 **HESSE        4000
 **********
 MINUIT WARNING IN HESSE   
 ============== Negative diagonal element 8 in Error Matrix
 MINUIT WARNING IN HESSE   
 ============== 1.00001 added to diagonal of error matrix
 COVARIANCE MATRIX CALCULATED SUCCESSFULLY
 FCN=-113535 FROM HESSE     STATUS=OK             85 CALLS         920 TOTAL
                     EDM=1.77797e-05    STRATEGY= 2      ERROR MATRIX ACCURATE 
  EXT PARAMETER                                INTERNAL      INTERNAL  
  NO.   NAME      VALUE            ERROR       STEP SIZE       VALUE   
   1  a1_Run2      2.00212e+00   1.15482e-01   5.00000e-01   4.23048e-03
   2  a2_Run2      2.23889e+00   1.26804e-01   5.00000e-01   2.41223e-01
   3  lambda_Run2  -2.05681e+00   5.31653e-02   7.92854e-04   1.03133e+00
   4  mcnbkg_run2   1.00000e+00   4.66727e+00   1.37336e-03  -1.57080e+00
                                 WARNING -   - ABOVE PARAMETER IS AT LIMIT.
   5  mcnsig_run2   2.13821e+04   3.23341e+01   5.00000e-01  -1.09922e+01
   6  mean_Run2    5.62012e+03   5.70542e-02   5.35410e-04   1.18210e-01
   7  sigma_Run2   1.43064e+01   2.67793e-01   2.92040e-04   1.02317e-01
   8  tau_run2    -1.00001e-07   2.25275e-06   1.00000e-01   1.37146e+00
                               ERR DEF= 0.5
 EXTERNAL ERROR MATRIX.    NDIM=  25    NPAR=  8    ERR DEF=0.5
  1.358e-02  3.251e-03  3.444e-03  1.592e-07  2.558e-05 -2.094e-04 -1.475e-02 -1.974e-13 
  3.251e-03  1.617e-02  2.574e-03  2.161e-07  3.471e-05  1.455e-04 -1.087e-02  1.568e-13 
  3.444e-03  2.574e-03  2.892e-03 -7.894e-08 -1.268e-05 -1.265e-06 -1.348e-02 -2.701e-14 
  1.592e-07  2.161e-07 -7.894e-08  1.748e-07  1.135e-06 -2.376e-09  3.431e-07 -7.898e-17 
  2.558e-05  3.471e-05 -1.268e-05  1.135e-06  3.957e+00 -3.818e-07  5.513e-05 -1.261e-14 
 -2.094e-04  1.455e-04 -1.265e-06 -2.376e-09 -3.818e-07  3.259e-03 -4.584e-05 -5.284e-16 
 -1.475e-02 -1.087e-02 -1.348e-02  3.431e-07  5.513e-05 -4.584e-05  7.191e-02  1.164e-13 
 -1.974e-13  1.568e-13 -2.701e-14 -7.898e-17 -1.261e-14 -5.284e-16  1.164e-13  9.801e-13 
 PARAMETER  CORRELATION COEFFICIENTS  
       NO.  GLOBAL      1      2      3      4      5      6      7      8
        1  0.56302   1.000  0.219  0.550  0.003  0.000 -0.031 -0.472 -0.000
        2  0.38847   0.219  1.000  0.376  0.004  0.000  0.020 -0.319  0.000
        3  0.94594   0.550  0.376  1.000 -0.004 -0.000 -0.000 -0.935 -0.000
        4  0.00949   0.003  0.004 -0.004  1.000  0.001 -0.000  0.003 -0.000
        5  0.00140   0.000  0.000 -0.000  0.001  1.000 -0.000  0.000 -0.000
        6  0.04410  -0.031  0.020 -0.000 -0.000 -0.000  1.000 -0.003 -0.000
        7  0.93711  -0.472 -0.319 -0.935  0.003  0.000 -0.003  1.000  0.000
        8  0.00000  -0.000  0.000 -0.000 -0.000 -0.000 -0.000  0.000  1.000
 **********
 **   22 **SET ERR         0.5
 **********
 **********
 **   23 **SET PRINT           1
 **********
 **********
 **   24 **HESSE        4000
 **********
 MINUIT WARNING IN HESSE   
 ============== Negative diagonal element 8 in Error Matrix
 MINUIT WARNING IN HESSE   
 ============== 1.00002 added to diagonal of error matrix
 COVARIANCE MATRIX CALCULATED SUCCESSFULLY
 FCN=-131731 FROM HESSE     STATUS=OK             97 CALLS        1017 TOTAL
                     EDM=7.39923    STRATEGY= 2      ERROR MATRIX ACCURATE 
  EXT PARAMETER                                INTERNAL      INTERNAL  
  NO.   NAME      VALUE            ERROR       STEP SIZE       VALUE   
   1  a1_Run2      2.00212e+00   1.22823e-01   2.58367e-04   4.23048e-03
   2  a2_Run2      2.23889e+00   1.44070e-01   5.00000e-01   2.41223e-01
   3  lambda_Run2  -2.05681e+00   3.64939e-02   1.61742e-02   1.03133e+00
   4  mcnbkg_run2   1.00000e+00   3.22186e+00   1.74089e-01  -1.57080e+00
                                 WARNING -   - ABOVE PARAMETER IS AT LIMIT.
   5  mcnsig_run2   2.13821e+04   2.83004e+01   5.00000e-01  -1.09922e+01
   6  mean_Run2    5.62012e+03   5.29851e-02   1.09224e-02   1.18210e-01
   7  sigma_Run2   1.43064e+01   1.84744e-01   5.95762e-03   1.02317e-01
   8  tau_run2    -1.00001e-07   2.25275e-06   5.00000e-01   1.37146e+00
                               ERR DEF= 0.5
 EXTERNAL ERROR MATRIX.    NDIM=  25    NPAR=  8    ERR DEF=0.5
  1.540e-02  5.298e-03  2.121e-03  1.533e-05  9.897e-03 -3.997e-04 -7.552e-03  5.633e-13 
  5.298e-03  2.091e-02  1.411e-03  1.731e-05  1.118e-02  1.264e-04 -4.554e-03  4.542e-13 
  2.121e-03  1.411e-03  1.346e-03 -1.115e-06 -7.179e-04 -2.935e-05 -5.922e-03 -2.479e-14 
  1.533e-05  1.731e-05 -1.115e-06  1.206e-07  7.753e-05 -2.922e-07  4.251e-06  3.688e-15 
  9.897e-03  1.118e-02 -7.179e-04  7.753e-05  3.463e+00 -1.885e-04  2.742e-03  2.382e-12 
 -3.997e-04  1.264e-04 -2.935e-05 -2.922e-07 -1.885e-04  2.810e-03  5.568e-05 -1.081e-14 
 -7.552e-03 -4.554e-03 -5.922e-03  4.251e-06  2.742e-03  5.568e-05  3.417e-02  9.534e-14 
  5.633e-13  4.542e-13 -2.479e-14  3.688e-15  2.382e-12 -1.081e-14  9.534e-14  9.801e-13 
 PARAMETER  CORRELATION COEFFICIENTS  
       NO.  GLOBAL      1      2      3      4      5      6      7      8
        1  0.63671   1.000  0.295  0.466  0.356  0.043 -0.061 -0.329  0.000
        2  0.47554   0.295  1.000  0.266  0.345  0.042  0.016 -0.170  0.000
        3  0.90757   0.466  0.266  1.000 -0.087 -0.011 -0.015 -0.873 -0.000
        4  0.56704   0.356  0.345 -0.087  1.000  0.120 -0.016  0.066  0.000
        5  0.11996   0.043  0.042 -0.011  0.120  1.000 -0.002  0.008  0.000
        6  0.07174  -0.061  0.016 -0.015 -0.016 -0.002  1.000  0.006 -0.000
        7  0.88206  -0.329 -0.170 -0.873  0.066  0.008  0.006  1.000  0.000
        8  0.00001   0.000  0.000 -0.000  0.000  0.000 -0.000  0.000  1.000
Importing Run 1 data
Done making RooDataHist
RooDataHist::ds1[Lb_DTF_M_JpsiLConstr] = 325 bins (6128 weights)
Done importing Run 1 data
Importing Run 2 data
Done making RooDataHist
RooDataHist::ds2[Lb_DTF_M_JpsiLConstr] = 325 bins (24182 weights)
Done importing Run 2 data
before sb fit
 **********
 **    1 **SET PRINT           1
 **********
 **********
 **    2 **SET NOGRAD
 **********
 PARAMETER DEFINITIONS:
    NO.   NAME         VALUE      STEP SIZE      LIMITS
     1 slope_Run2  -2.00000e+00  2.50000e-01   -5.00000e+00  0.00000e+00
 **********
 **    3 **SET ERR         0.5
 **********
 **********
 **    4 **SET PRINT           1
 **********
 **********
 **    5 **SET STR           1
 **********
 NOW USING STRATEGY  1: TRY TO BALANCE SPEED AGAINST RELIABILITY
 **********
 **    6 **MIGRAD         500           1
 **********
 FIRST CALL TO USER FUNCTION AT NEW START POINT, WITH IFLAG=4.
 START MIGRAD MINIMIZATION.  STRATEGY  1.  CONVERGENCE WHEN EDM .LT. 1.00e-03
 FCN=55.8373 FROM MIGRAD    STATUS=INITIATE        4 CALLS           5 TOTAL
                     EDM= unknown      STRATEGY= 1      NO ERROR MATRIX       
  EXT PARAMETER               CURRENT GUESS       STEP         FIRST   
  NO.   NAME      VALUE            ERROR          SIZE      DERIVATIVE 
   1  slope_Run2  -2.00000e+00   2.50000e-01   1.02263e-01  -4.38014e+00
                               ERR DEF= 0.5
 MIGRAD MINIMIZATION HAS CONVERGED.
 MIGRAD WILL VERIFY CONVERGENCE AND ERROR MATRIX.
 COVARIANCE MATRIX CALCULATED SUCCESSFULLY
 FCN=55.7346 FROM MIGRAD    STATUS=CONVERGED      21 CALLS          22 TOTAL
                     EDM=3.09515e-11    STRATEGY= 1      ERROR MATRIX ACCURATE 
  EXT PARAMETER                                   STEP         FIRST   
  NO.   NAME      VALUE            ERROR          SIZE      DERIVATIVE 
   1  slope_Run2  -1.89647e+00   2.06801e-01   4.40227e-04   6.51872e-05
                               ERR DEF= 0.5
 EXTERNAL ERROR MATRIX.    NDIM=  25    NPAR=  1    ERR DEF=0.5
  4.287e-02 
 **********
 **    7 **SET ERR         0.5
 **********
 **********
 **    8 **SET PRINT           1
 **********
 **********
 **    9 **HESSE         500
 **********
 COVARIANCE MATRIX CALCULATED SUCCESSFULLY
 FCN=55.7346 FROM HESSE     STATUS=OK              5 CALLS          27 TOTAL
                     EDM=3.08575e-11    STRATEGY= 1      ERROR MATRIX ACCURATE 
  EXT PARAMETER                                INTERNAL      INTERNAL  
  NO.   NAME      VALUE            ERROR       STEP SIZE       VALUE   
   1  slope_Run2  -1.89647e+00   2.06801e-01   1.76091e-05   2.43820e-01
                               ERR DEF= 0.5
 EXTERNAL ERROR MATRIX.    NDIM=  25    NPAR=  1    ERR DEF=0.5
  4.287e-02 
RooDataHist::combData[sample,Lb_DTF_M_JpsiLConstr] = 650 bins (30310 weights)
Done importing combData and simPdf
**********Printing w after all imports***********

RooWorkspace(w) w contents

variables
---------
(Lb_DTF_M_JpsiLConstr,R,R_1405,R_1520,R_1600,a1_Run1,a1_Run2,a2_Run1,a2_Run2,eff_ratio1,eff_ratio2,eff_ratio_1405_1,eff_ratio_1405_2,eff_ratio_1520_1,eff_ratio_1520_2,eff_ratio_1600_1,eff_ratio_1600_2,geff_ratio1,geff_ratio2,geff_ratio_1405_1,geff_ratio_1405_2,geff_ratio_1520_1,geff_ratio_1520_2,geff_ratio_1600_1,geff_ratio_1600_2,gnXib1,gnXib2,gshift_Xib,lambda_Run1,lambda_Run2,mcnbkg_run1,mcnbkg_run2,mcnsig_run1,mcnsig_run2,mean_Run1,mean_Run2,miscLstMean_Run1,miscLstMean_Run2,miscLstSigma_Run1,miscLstSigma_Run2,nBkg_Run1,nBkg_Run2,nJpsiKs_Run1,nJpsiKs_Run2,nLb_Run1,nLb_Run2,nMiscLst_Run1,nMiscLst_Run2,nXib1,nXib2,nXib_JpsiLambda_Run1,nXib_JpsiLambda_Run2,sample,shift_Xib,sigma_Run1,sigma_Run2,slope_Run1,slope_Run2,tau_run1,tau_run2)

p.d.f.s
-------
RooExponential::Bkg_Run1[ x=Lb_DTF_M_JpsiLConstr c=Bkg_Run1_2 ] = 5.82432e-24
RooExponential::Bkg_Run2[ x=Lb_DTF_M_JpsiLConstr c=Bkg_Run2_2 ] = 3.23952e-30
RooKeysPdf::JPSIKS_RUN1[ x=Lb_DTF_M_JpsiLConstr ] = 2.39104e-05
RooKeysPdf::JPSIKS_RUN2[ x=Lb_DTF_M_JpsiLConstr ] = 2.65743e-05
RooKeysPdf::LST1405_Run1[ x=Lb_DTF_M_JpsiLConstr ] = 0.0020405
RooKeysPdf::LST1405_Run2[ x=Lb_DTF_M_JpsiLConstr ] = 0.00212193
RooKeysPdf::LST1520_Run1[ x=Lb_DTF_M_JpsiLConstr ] = 0.00137278
RooKeysPdf::LST1520_Run2[ x=Lb_DTF_M_JpsiLConstr ] = 0.00145287
RooKeysPdf::LST1600_Run1[ x=Lb_DTF_M_JpsiLConstr ] = 0.000831477
RooKeysPdf::LST1600_Run2[ x=Lb_DTF_M_JpsiLConstr ] = 0.000934189
RooHypatia2::Lb_Run1[ x=Lb_DTF_M_JpsiLConstr l=lambda_Run1 zeta=0 fb=0 sigma=sigma_Run1 mu=mean_Run1 a=a1_Run1 n=2 a2=a2_Run1 n2=2 ] = 3.8662e-05
RooHypatia2::Lb_Run2[ x=Lb_DTF_M_JpsiLConstr l=lambda_Run2 zeta=0 fb=0 sigma=sigma_Run2 mu=mean_Run2 a=a1_Run2 n=2 a2=a2_Run2 n2=2 ] = 4.87978e-05
RooKeysPdf::SIG_Run1[ x=Lb_DTF_M_JpsiLConstr ] = 9.94779e-05
RooKeysPdf::SIG_Run2[ x=Lb_DTF_M_JpsiLConstr ] = 4.61033e-05
RooKeysPdf::XIB_RUN1[ x=Lb_DTF_M_JpsiLConstr ] = 0.00146901
RooKeysPdf::XIB_RUN2[ x=Lb_DTF_M_JpsiLConstr ] = 0.00134499
RooHypatia2::Xib_Run1[ x=Lb_DTF_M_JpsiLConstr l=lambda_Run1 zeta=0 fb=0 sigma=sigma_Run1 mu=XibMean_Run1 a=a1_Run1 n=2 a2=a2_Run1 n2=2 ] = 1.37805e-05
RooHypatia2::Xib_Run2[ x=Lb_DTF_M_JpsiLConstr l=lambda_Run2 zeta=0 fb=0 sigma=sigma_Run2 mu=XibMean_Run2 a=a1_Run2 n=2 a2=a2_Run2 n2=2 ] = 1.73883e-05
RooGaussian::eff_ratio_1405_constraint1[ x=geff_ratio_1405_1 mean=eff_ratio_1405_1 sigma=0.007798 ] = 1
RooGaussian::eff_ratio_1405_constraint2[ x=geff_ratio_1405_2 mean=eff_ratio_1405_2 sigma=0.008859 ] = 1
RooGaussian::eff_ratio_1520_constraint1[ x=geff_ratio_1520_1 mean=eff_ratio_1520_1 sigma=0.006756 ] = 1
RooGaussian::eff_ratio_1520_constraint2[ x=geff_ratio_1520_2 mean=eff_ratio_1520_2 sigma=0.009142 ] = 1
RooGaussian::eff_ratio_1600_constraint1[ x=geff_ratio_1600_1 mean=eff_ratio_1600_1 sigma=0.005926 ] = 1
RooGaussian::eff_ratio_1600_constraint2[ x=geff_ratio_1600_2 mean=eff_ratio_1600_2 sigma=0.006752 ] = 1
RooGaussian::eff_ratio_constraint1[ x=geff_ratio1 mean=eff_ratio1 sigma=0.029648 ] = 1
RooGaussian::eff_ratio_constraint2[ x=geff_ratio2 mean=eff_ratio2 sigma=0.01374 ] = 1
RooGaussian::lstLump_Run1[ x=Lb_DTF_M_JpsiLConstr mean=miscLstMean_Run1 sigma=miscLstSigma_Run1 ] = 9.68465e-08
RooGaussian::lstLump_Run2[ x=Lb_DTF_M_JpsiLConstr mean=miscLstMean_Run2 sigma=miscLstSigma_Run2 ] = 9.68465e-08
RooAddPdf::mcFit_Run1[ mcnsig_run1 * Lb_Run1 + mcnbkg_run1 * mcbkg_Run1 ] = 0.000174318
RooAddPdf::mcFit_Run2[ mcnsig_run2 * Lb_Run2 + mcnbkg_run2 * mcbkg_Run2 ] = 9.55363e-05
RooExponential::mcbkg_Run1[ x=Lb_DTF_M_JpsiLConstr c=tau_run1 ] = 0.999465
RooExponential::mcbkg_Run2[ x=Lb_DTF_M_JpsiLConstr c=tau_run2 ] = 0.999465
RooAddPdf::model1[ nSigma1 * SIG_Run1 + nLb_Run1 * Lb_Run1 + nXib1 * XIB_RUN1 + n1405_Run1 * LST1405_Run1 + n1520_Run1 * LST1520_Run1 + n1600_Run1 * LST1600_Run1 + nMiscLst_Run1 * lstLump_Run1 + nBkg_Run1 * Bkg_Run1 + nXib_JpsiLambda_Run1 * Xib_Run1 + nJpsiKs_Run1 * JPSIKS_RUN1 ] = 6.15191e-05
RooAddPdf::model2[ nSigma2 * SIG_Run2 + nLb_Run2 * Lb_Run2 + nXib2 * XIB_RUN2 + n1405_Run2 * LST1405_Run2 + n1520_Run2 * LST1520_Run2 + n1600_Run2 * LST1600_Run2 + nMiscLst_Run2 * lstLump_Run2 + nBkg_Run2 * Bkg_Run2 + nXib_JpsiLambda_Run2 * Xib_Run2 + nJpsiKs_Run2 * JPSIKS_RUN2 ] = 8.31227e-05
RooProdPdf::model_const1[ model1 * eff_ratio_constraint1 * nXib_constraint1 * eff_ratio_1405_constraint1 * eff_ratio_1520_constraint1 * eff_ratio_1600_constraint1 * shift_Xib_constraint ] = 6.15191e-05
RooProdPdf::model_const2[ model2 * eff_ratio_constraint2 * nXib_constraint2 * eff_ratio_1405_constraint2 * eff_ratio_1520_constraint2 * eff_ratio_1600_constraint2 * shift_Xib_constraint ] = 8.31227e-05
RooGaussian::nXib_constraint1[ x=gnXib1 mean=nXib1 sigma=3.77528 ] = 1
RooGaussian::nXib_constraint2[ x=gnXib2 mean=nXib2 sigma=13.7829 ] = 1
RooGaussian::shift_Xib_constraint[ x=gshift_Xib mean=shift_Xib sigma=0.4 ] = 1
RooSimultaneous::simPdf[ indexCat=sample run1=model_const1 run2=model_const2 ] = 6.37671e-05

functions
--------
RooFormulaVar::Bkg_Run1_2[ actualVars=(slope_Run1) formula="-1*pow(10,slope_Run1)" ] = -0.01
RooFormulaVar::Bkg_Run2_2[ actualVars=(slope_Run2) formula="-1*pow(10,slope_Run2)" ] = -0.012692
