************************
************************
************************
************************
************************
************************
************************
************************
************************
************************
Wed Aug 21 16:31:47 EDT 2019
-------------------------
Set LHCb Style - Feb 2012
-------------------------
inputFlag = 1
#######################################
Input file exists! Hurray!
Printing contents of w1 from input file

RooWorkspace(w1) w1 contents

variables
---------
(GB_WT,Lb_DTF_M_JpsiLConstr,sample,totWt,wt_tau)

p.d.f.s
-------
RooKeysPdf::JPSIKS_RUN1[ x=Lb_DTF_M_JpsiLConstr ] = 2.24416e-05
RooKeysPdf::JPSIKS_RUN2[ x=Lb_DTF_M_JpsiLConstr ] = 2.81492e-05
RooKeysPdf::LST1405_Run1[ x=Lb_DTF_M_JpsiLConstr ] = 0.00191856
RooKeysPdf::LST1405_Run2[ x=Lb_DTF_M_JpsiLConstr ] = 0.00200022
RooKeysPdf::LST1520_Run1[ x=Lb_DTF_M_JpsiLConstr ] = 0.00128911
RooKeysPdf::LST1520_Run2[ x=Lb_DTF_M_JpsiLConstr ] = 0.0013307
RooKeysPdf::LST1600_Run1[ x=Lb_DTF_M_JpsiLConstr ] = 0.000792432
RooKeysPdf::LST1600_Run2[ x=Lb_DTF_M_JpsiLConstr ] = 0.00087753
RooKeysPdf::SIG_Run1[ x=Lb_DTF_M_JpsiLConstr ] = 9.72299e-05
RooKeysPdf::SIG_Run2[ x=Lb_DTF_M_JpsiLConstr ] = 4.58704e-05
RooKeysPdf::XIB_RUN1[ x=Lb_DTF_M_JpsiLConstr ] = 0.00162957
RooKeysPdf::XIB_RUN2[ x=Lb_DTF_M_JpsiLConstr ] = 0.00163952

datasets
--------
RooDataSet::ds_sig_Run1(Lb_DTF_M_JpsiLConstr,GB_WT,wt_tau,totWt)
RooDataSet::ds_sig_wt_Run1(Lb_DTF_M_JpsiLConstr)
RooDataSet::ds_sig_Run2(Lb_DTF_M_JpsiLConstr,GB_WT,wt_tau,totWt)
RooDataSet::ds_sig_wt_Run2(Lb_DTF_M_JpsiLConstr)
RooDataSet::ds_1405_Run1(Lb_DTF_M_JpsiLConstr)
RooDataSet::ds_1405_Run2(Lb_DTF_M_JpsiLConstr)
RooDataSet::ds_1520_Run1(Lb_DTF_M_JpsiLConstr)
RooDataSet::ds_1520_Run2(Lb_DTF_M_JpsiLConstr)
RooDataSet::ds_1600_Run1(Lb_DTF_M_JpsiLConstr)
RooDataSet::ds_1600_Run2(Lb_DTF_M_JpsiLConstr)
RooDataSet::ds_xi_Run1(Lb_DTF_M_JpsiLConstr,GB_WT)
RooDataSet::ds_xi_wt_Run1(Lb_DTF_M_JpsiLConstr)
RooDataSet::ds_xi_Run2(Lb_DTF_M_JpsiLConstr,GB_WT)
RooDataSet::ds_xi_wt_Run2(Lb_DTF_M_JpsiLConstr)
RooDataSet::ds_jpsiks_Run1(Lb_DTF_M_JpsiLConstr)
RooDataSet::ds_jpsiks_Run2(Lb_DTF_M_JpsiLConstr)
RooDataHist::ds1(Lb_DTF_M_JpsiLConstr)
RooDataHist::ds2(Lb_DTF_M_JpsiLConstr)
RooDataHist::combData(sample,Lb_DTF_M_JpsiLConstr)

#######################################
[#1] INFO:Eval -- RooRealVar::setRange(Lb_DTF_M_JpsiLConstr) new range named 'signal_window' created with bounds [5365,5600]
[#1] INFO:Eval -- RooRealVar::setRange(Lb_DTF_M_JpsiLConstr) new range named 'sideband_window' created with bounds [5800,6000]
[#1] INFO:Eval -- RooRealVar::setRange(Lb_DTF_M_JpsiLConstr) new range named 'simFit_window' created with bounds [5500,5740]
@@@@@@@@@@@@@@@@@@@@@@@@@@@@@@@@@@@@@@@
Get Xib Normalization
@@@@@@@@@@@@@@@@@@@@@@@@@@@@@@@@@@@@@@@
xibYield = 36.361+/-7.75666+/-3.27249
UNWEIGHTED Xib->JpsiXi Eff = 0.0631 % +/- 0.0014 %
WEIGHTED Xib->JpsiXi Eff = 0.0728 % +/- 0.0015 %
UNWEIGHTED Xib->JpsiLambda Eff = 0.0132 % +/-0.0006 %
WEIGHTED Xib->JpsiLambda Eff = 0.0206 % +/-0.0008 %
UNWEIGTED Norm = 14.5657440917+/-3.10721719881+/-1.75902771285
WEIGHTED Norm = 19.7817735369+/-4.21991946104+/-2.32839133356
BREAKUP OF SYSTEMATICS:
Overall Syst     = 11.7703871658%
*Tracking        = 5.0%
*Xi Vtx          = 1.4%
*Xib Yield       = 9.0%
*Xib->JpsiL eff  = 3.9095705964%
*Xib->JpsiXi eff = 2.08057811171%
*tauXib-/tauXib0 = 3.3118675253%
************************************************
The UNWEIGHTED LL Xib normalization for Run 1 is 14.5657 +/- 3.10722 +/- 1.75903
The WEIGHTED LL Xib normalization for Run 1 is 19.7818 +/- 4.21992 +/- 2.32839
************************************************
xibYield = 173.281+/-16.4207+/-10.39686
UNWEIGHTED Xib->JpsiXi Eff = 0.0650 % +/- 0.0014 %
WEIGHTED Xib->JpsiXi Eff = 0.0725 % +/- 0.0015 %
UNWEIGHTED Xib->JpsiLambda Eff = 0.0226 % +/-0.0008 %
WEIGHTED Xib->JpsiLambda Eff = 0.0303 % +/-0.0010 %
UNWEIGTED Norm = 115.777228111+/-10.971445973+/-11.0528463354
WEIGHTED Norm = 139.018434023+/-13.1738621059+/-13.0683335517
BREAKUP OF SYSTEMATICS:
Overall Syst     = 9.40043213944%
*Tracking        = 5.0%
*Xi Vtx          = 1.4%
*Xib Yield       = 6.0%
*Xib->JpsiL eff  = 3.1664808627%
*Xib->JpsiXi eff = 2.10072769515%
*tauXib-/tauXib0 = 3.3118675253%
************************************************
The UNWEIGHTED LL Xib normalization for Run 2 is 115.777 +/- 10.9714 +/- 11.0528
The WEIGHTED LL Xib normalization for Run 2 is 139.018 +/- 13.1739 +/- 13.0683
************************************************
@@@@@@@@@@@@@@@@@@@@@@@@@@@@@@@@@@@@@@@
Get Lb -> J/psi Lambda efficiency
@@@@@@@@@@@@@@@@@@@@@@@@@@@@@@@@@@@@@@@
************************************************
Run 1 UNWEIGHTED Jpsi Lambda Eff = 0.104129 % +/- 0.0012682 %
Run 1 WEIGHTED Jpsi Lambda Eff = 0.122673 % +/- 0.0014399 %
************************************************
************************************************
Run 2 UNWEIGHTED Jpsi Lambda Eff = 0.124033 % +/- 0.000865415 %
Run 2 WEIGHTED Jpsi Lambda Eff = 0.122563 % +/- 0.000899637 %
************************************************
@@@@@@@@@@@@@@@@@@@@@@@@@@@@@@@@@@@@@@@
Get Lb -> J/psi Sigma efficiency and shape
@@@@@@@@@@@@@@@@@@@@@@@@@@@@@@@@@@@@@@@
************************************************
Run 1 UNWEIGHTED Jpsi Sigma Eff = 0.0852773 % +/- 0.00173868 %
Run 1 WEIGHTED Jpsi Sigma Eff = 0.100428 % +/- 0.0019963 %
************************************************
***************************************
Run 1 UNWEIGHTED Lambda/Sigma efficiency ratio = 1.22107 +/- 0.0289994
Run 1 WEIGHTED Lambda/Sigma efficiency ratio   = 1.22149 +/- 0.0281978
***************************************
Done importing Jpsi Sigma shape
************************************************
Run 2 UNWEIGHTED Jpsi Sigma Eff = 0.116217 % +/- 0.00108493 %
Run 2 WEIGHTED Jpsi Sigma Eff = 0.116912 % +/- 0.00115844 %
************************************************
***************************************
Run 2 UNWEIGHTED Lambda/Sigma efficiency ratio = 1.06726 +/- 0.0124386
Run 2 WEIGHTED Lambda/Sigma efficiency ratio   = 1.04833 +/- 0.0129272
***************************************
Done importing Jpsi Sigma shape
@@@@@@@@@@@@@@@@@@@@@@@@@@@@@@@@@@@@@@@
Get Lb -> J/psi Lst(1405) efficiency and shape
@@@@@@@@@@@@@@@@@@@@@@@@@@@@@@@@@@@@@@@
************************************************
Run 1 UNWEIGHTED Jpsi /(1405) Eff = 0.0656443 % +/- 0.000518639 %
Run 1 WEIGHTED Jpsi /(1405) Eff = 0.0665146 % +/- 0.000514524 %
************************************************
***************************************
Run 1 UNWEIGHTED /(1405)/Lambda efficiency ratio = 0.535118 +/- 0.00757144
Run 1 WEIGHTED /(1405)/Lambda efficiency ratio   = 0.542213 +/- 0.00762216
***************************************
Done importing Jpsi Lst(1405) shape
************************************************
Run 2 UNWEIGHTED Jpsi /(1405) Eff = 0.0817701 % +/- 0.000936429 %
Run 2 WEIGHTED Jpsi /(1405) Eff = 0.0821829 % +/- 0.000937316 %
************************************************
***************************************
Run 2 UNWEIGHTED /(1405)/Lambda efficiency ratio = 0.66717 +/- 0.00907514
Run 2 WEIGHTED /(1405)/Lambda efficiency ratio   = 0.670538 +/- 0.00909459
***************************************
Done importing Jpsi Lst(1405) shape
************************************************
Run 1 UNWEIGHTED Jpsi /(1520) Eff = 0.0558282 % +/- 0.000486057 %
Run 1 WEIGHTED Jpsi /(1520) Eff = 0.0565725 % +/- 0.000482109 %
************************************************
***************************************
Run 1 UNWEIGHTED /(1520)/Lambda efficiency ratio = 0.455099 +/- 0.00665091
Run 1 WEIGHTED /(1520)/Lambda efficiency ratio   = 0.461167 +/- 0.00668929
***************************************
Done importing Jpsi Lst(1520) shape
************************************************
Run 2 UNWEIGHTED Jpsi /(1520) Eff = 0.0695606 % +/- 0.0010529 %
Run 2 WEIGHTED Jpsi /(1520) Eff = 0.069883 % +/- 0.00105477 %
************************************************
***************************************
Run 2 UNWEIGHTED /(1520)/Lambda efficiency ratio = 0.567551 +/- 0.00954755
Run 2 WEIGHTED /(1520)/Lambda efficiency ratio   = 0.570182 +/- 0.00956971
***************************************
Done importing Jpsi Lst(1520) shape
************************************************
Run 1 UNWEIGHTED Jpsi /(1600) Eff = 0.048693 % +/- 0.000432407 %
Run 1 WEIGHTED Jpsi /(1600) Eff = 0.0493321 % +/- 0.00042877 %
************************************************
***************************************
Run 1 UNWEIGHTED /(1600)/Lambda efficiency ratio = 0.396935 +/- 0.00584228
Run 1 WEIGHTED /(1600)/Lambda efficiency ratio   = 0.402145 +/- 0.00587348
***************************************
Done importing Jpsi Lst(1600) shape
************************************************
Run 2 UNWEIGHTED Jpsi /(1600) Eff = 0.0599102 % +/- 0.000740681 %
Run 2 WEIGHTED Jpsi /(1600) Eff = 0.0601893 % +/- 0.000740478 %
************************************************
***************************************
Run 2 UNWEIGHTED /(1600)/Lambda efficiency ratio = 0.488813 +/- 0.00702816
Run 2 WEIGHTED /(1600)/Lambda efficiency ratio   = 0.49109 +/- 0.00703528
***************************************
Done importing Jpsi Lst(1600) shape
***************************************
Get J/psi Xi shape from MC
***************************************
Done importing Xib shape
Done importing Xib shape
***************************************
Get J/psi Ks shape from MC
***************************************
Done importing Xib shape
Done defining J/psi Lambda Hypatia shapes
*****UING EXPONENTIAL BKG SHAPE*****
Done defining cont. bkg exp. shapes
Done defining Misc Lambda* Gaussian shapes
RooDataSet::ds_sim1[Lb_DTF_M_JpsiLConstr,GB_WT,wt_tau] = 7558 entries
RooDataSet::ds_sim_wt1[Lb_DTF_M_JpsiLConstr,weight:totWt] = 7558 entries (8225.93 weighted)
mcNentries = 8225.93
RooDataSet::ds_sim2[Lb_DTF_M_JpsiLConstr,GB_WT,wt_tau] = 26492 entries
RooDataSet::ds_sim_wt2[Lb_DTF_M_JpsiLConstr,weight:totWt] = 26492 entries (23274.8 weighted)
mcNentries = 23274.8
reduceEng varSubset = (Lb_DTF_M_JpsiLConstr) _wgtVar = totWt
 **********
 **    1 **SET PRINT           1
 **********
 **********
 **    2 **SET NOGRAD
 **********
 PARAMETER DEFINITIONS:
    NO.   NAME         VALUE      STEP SIZE      LIMITS
     1 a1_Run1      1.80000e+00  1.00000e-01    1.00000e+00  2.00000e+00
     2 a2_Run1      1.70000e+00  4.00000e-02    1.50000e+00  1.90000e+00
     3 lambda_Run1  -2.59000e+00  8.00000e-02   -2.80000e+00 -2.00000e+00
     4 mcnbkg_run1   4.11346e+03  8.22493e+02    1.00000e+00  8.22593e+03
     5 mcnsig_run1   8.22093e+03  2.50000e+00    4.11296e+03  8.22593e+03
     6 mean_Run1    5.61960e+03  2.00000e-01    5.61900e+03  5.62100e+03
     7 sigma_Run1   1.50000e+01  6.00000e-01    1.20000e+01  1.80000e+01
     8 tau_run1    -1.00000e-07  4.95000e-08   -1.00000e-05 -1.00000e-09
 **********
 **    3 **SET ERR         0.5
 **********
 **********
 **    4 **SET PRINT           1
 **********
 **********
 **    5 **SET STR           2
 **********
 NOW USING STRATEGY  2: MAKE SURE MINIMUM TRUE, ERRORS CORRECT  
 **********
 **    6 **MIGRAD        4000           1
 **********
 FIRST CALL TO USER FUNCTION AT NEW START POINT, WITH IFLAG=4.
 START MIGRAD MINIMIZATION.  STRATEGY  2.  CONVERGENCE WHEN EDM .LT. 1.00e-03
 MINUIT WARNING IN HESSE   
 ============== Negative diagonal element 5 in Error Matrix
 MINUIT WARNING IN HESSE   
 ============== 210.057 added to diagonal of error matrix
 COVARIANCE MATRIX CALCULATED SUCCESSFULLY
 FCN=-33263.8 FROM HESSE     STATUS=OK             81 CALLS          82 TOTAL
                     EDM=11374.3    STRATEGY= 2      ERROR MATRIX ACCURATE 
  EXT PARAMETER                                   STEP         FIRST   
  NO.   NAME      VALUE            ERROR          SIZE      DERIVATIVE 
   1  a1_Run1      1.80000e+00   2.57365e-02   5.00000e-01  -1.62212e+01
   2  a2_Run1      1.70000e+00   1.36161e-02   5.00000e-01  -1.05933e+01
   3  lambda_Run1  -2.59000e+00   2.06566e-02   3.73088e-01   8.04119e+01
   4  mcnbkg_run1   4.11346e+03   1.88510e+02   2.35568e-01   3.24492e+03
   5  mcnsig_run1   8.22093e+03   2.59804e+03   1.84199e-01   1.50397e+01
   6  mean_Run1    5.61960e+03   5.36728e-02   4.34279e-01  -2.43796e+01
   7  sigma_Run1   1.50000e+01   1.45573e-01   2.41112e-01   1.03285e+02
   8  tau_run1    -1.00000e-07   6.82525e-08   5.00000e-01  -7.01644e-04
                               ERR DEF= 0.5
 MINUIT WARNING IN MIGRAD  
 ============== Negative diagonal element 4 in Error Matrix
 MINUIT WARNING IN MIGRAD  
 ============== Negative diagonal element 5 in Error Matrix
 MINUIT WARNING IN MIGRAD  
 ============== Negative diagonal element 7 in Error Matrix
 MINUIT WARNING IN MIGRAD  
 ============== 28.2159 added to diagonal of error matrix
 MINUIT WARNING IN MIGRAD  
 ============== Negative diagonal element 2 in Error Matrix
 MINUIT WARNING IN MIGRAD  
 ============== Negative diagonal element 3 in Error Matrix
 MINUIT WARNING IN MIGRAD  
 ============== Negative diagonal element 7 in Error Matrix
 MINUIT WARNING IN MIGRAD  
 ============== 4.24282 added to diagonal of error matrix
 MIGRAD FAILS TO FIND IMPROVEMENT
 EIGENVALUES OF SECOND-DERIVATIVE MATRIX:
        -8.1689e-02  4.8212e-01  8.9328e-01  9.7857e-01  1.0000e+00  1.0397e+00  1.1338e+00  2.5542e+00
 MINUIT WARNING IN HESSE   
 ============== MATRIX FORCED POS-DEF BY ADDING 0.084243 TO DIAGONAL.
 FCN=-36114.2 FROM HESSE     STATUS=NOT POSDEF     81 CALLS         971 TOTAL
                     EDM=0.00164519    STRATEGY= 2      ERR MATRIX NOT POS-DEF
  EXT PARAMETER                APPROXIMATE        STEP         FIRST   
  NO.   NAME      VALUE            ERROR          SIZE      DERIVATIVE 
   1  a1_Run1      1.58414e+00   4.12587e-01   2.59837e-02  -2.99146e-02
   2  a2_Run1      1.50185e+00   2.00864e-01   3.17130e-01  -4.11030e-03
   3  lambda_Run1  -2.58582e+00   6.62662e-01   1.30436e-02   3.62826e-04
   4  mcnbkg_run1   1.00000e+00   3.33199e+01   1.16156e-02** at limit **
   5  mcnsig_run1   8.22504e+03   5.71281e+02   9.50897e-02  -5.95085e-04
   6  mean_Run1    5.61983e+03   1.06045e-01   1.19404e-02  -4.69058e-02
   7  sigma_Run1   1.59318e+01   1.39856e+00   7.58042e-03   9.74948e-03
   8  tau_run1    -4.12943e-08   9.00681e-06   5.00000e-01  -4.63315e-06
                               ERR DEF= 0.5
 MIGRAD FAILS TO FIND IMPROVEMENT
 EIGENVALUES OF SECOND-DERIVATIVE MATRIX:
        -4.9672e-02  5.1696e-01  8.9332e-01  9.8013e-01  1.0000e+00  1.0416e+00  1.1302e+00  2.4874e+00
 MINUIT WARNING IN HESSE   
 ============== MATRIX FORCED POS-DEF BY ADDING 0.052160 TO DIAGONAL.
 FCN=-36114.2 FROM HESSE     STATUS=NOT POSDEF     77 CALLS        1095 TOTAL
                     EDM=0.000473464    STRATEGY= 2      ERR MATRIX NOT POS-DEF
  EXT PARAMETER                APPROXIMATE        STEP         FIRST   
  NO.   NAME      VALUE            ERROR          SIZE      DERIVATIVE 
   1  a1_Run1      1.58645e+00   4.12390e-01   2.69376e-02  -1.89082e-02
   2  a2_Run1      1.50529e+00   2.01509e-01   2.53704e-01  -1.58490e-03
   3  lambda_Run1  -2.58319e+00   6.63052e-01   1.04349e-02  -3.47539e-02
   4  mcnbkg_run1   1.00043e+00   2.93492e+01   1.18843e-02** at limit **
   5  mcnsig_run1   8.22503e+03   2.91710e+03   1.52144e-02  -5.34661e-04
   6  mean_Run1    5.61983e+03   9.75540e-02   1.19412e-02  -2.57163e-02
   7  sigma_Run1   1.59244e+01   1.54577e+00   7.57544e-03   1.45515e-01
   8  tau_run1    -3.62679e-08   5.72188e-06   5.00000e-01  -4.38296e-06
                               ERR DEF= 0.5
 MINUIT WARNING IN MIGRAD  
 ============== Negative diagonal element 1 in Error Matrix
 MINUIT WARNING IN MIGRAD  
 ============== Negative diagonal element 2 in Error Matrix
 MINUIT WARNING IN MIGRAD  
 ============== Negative diagonal element 3 in Error Matrix
 MINUIT WARNING IN MIGRAD  
 ============== Negative diagonal element 5 in Error Matrix
 MINUIT WARNING IN MIGRAD  
 ============== Negative diagonal element 7 in Error Matrix
 MINUIT WARNING IN MIGRAD  
 ============== 48.3063 added to diagonal of error matrix
 EIGENVALUES OF SECOND-DERIVATIVE MATRIX:
        -1.0466e-01  9.9998e-01  1.0000e+00  1.0001e+00  1.0012e+00  1.0034e+00  1.0069e+00  2.0931e+00
 MINUIT WARNING IN MIGRAD  
 ============== MATRIX FORCED POS-DEF BY ADDING 0.106756 TO DIAGONAL.
 MIGRAD FAILS TO FIND IMPROVEMENT
 MIGRAD MINIMIZATION HAS CONVERGED.
 MIGRAD WILL VERIFY CONVERGENCE AND ERROR MATRIX.
 EIGENVALUES OF SECOND-DERIVATIVE MATRIX:
        -2.4869e-02  5.5704e-01  8.9235e-01  9.7757e-01  1.0000e+00  1.0405e+00  1.1277e+00  2.4297e+00
 MINUIT WARNING IN HESSE   
 ============== MATRIX FORCED POS-DEF BY ADDING 0.027298 TO DIAGONAL.
 MIGRAD TERMINATED WITHOUT CONVERGENCE.
 FCN=-36114.2 FROM MIGRAD    STATUS=FAILED       1399 CALLS        1400 TOTAL
                     EDM=0.00173764    STRATEGY= 2      ERR MATRIX NOT POS-DEF
  EXT PARAMETER                APPROXIMATE        STEP         FIRST   
  NO.   NAME      VALUE            ERROR          SIZE      DERIVATIVE 
   1  a1_Run1      1.59156e+00   4.07634e-01   2.63948e-02  -7.11478e-03
   2  a2_Run1      1.51017e+00   3.58842e-01   1.85955e-01  -3.39417e-03
   3  lambda_Run1  -2.57644e+00   6.61272e-01   1.28267e-02   2.62526e-02
   4  mcnbkg_run1   1.00005e+00   2.28755e+01   1.19477e-02** at limit **
   5  mcnsig_run1   8.22509e+03   5.83210e+02   9.86098e-02  -9.41593e-04
   6  mean_Run1    5.61983e+03   9.31993e-02   1.19376e-02   1.19832e-02
   7  sigma_Run1   1.58981e+01   1.65202e+00   7.52835e-03  -3.55476e-02
   8  tau_run1    -4.55650e-08   5.87774e-06   5.00000e-01   4.93692e-06
                               ERR DEF= 0.5
 EXTERNAL ERROR MATRIX.    NDIM=  25    NPAR=  8    ERR DEF=0.5
  2.310e-01 -2.594e-01  2.534e-01 -1.614e-02 -4.912e-01 -1.237e-02  8.193e-01  3.978e-07 
 -2.594e-01  3.116e-01 -2.967e-01  1.904e-02  5.795e-01  1.598e-02 -9.582e-01 -4.993e-07 
  2.534e-01 -2.967e-01  2.909e-01 -1.771e-02 -5.388e-01 -1.475e-02  9.451e-01  4.612e-07 
 -1.614e-02  1.904e-02 -1.771e-02  4.446e-03  1.172e-01  9.625e-04 -5.700e-02 -6.036e-08 
 -4.912e-01  5.795e-01 -5.388e-01  1.172e-01  2.060e+03  2.929e-02 -1.735e+00 -1.837e-06 
 -1.237e-02  1.598e-02 -1.475e-02  9.625e-04  2.929e-02  8.712e-03 -4.746e-02 -2.612e-08 
  8.193e-01 -9.582e-01  9.451e-01 -5.700e-02 -1.735e+00 -4.746e-02  3.101e+00  1.486e-06 
  3.978e-07 -4.993e-07  4.612e-07 -6.036e-08 -1.837e-06 -2.612e-08  1.486e-06  1.199e-08 
ERR MATRIX NOT POS-DEF
 PARAMETER  CORRELATION COEFFICIENTS  
       NO.  GLOBAL      1      2      3      4      5      6      7      8
        1  0.97919   1.000 -0.967  0.978 -0.504 -0.023 -0.276  0.968  0.008
        2  0.98750  -0.967  1.000 -0.985  0.512  0.023  0.307 -0.975 -0.008
        3  0.99794   0.978 -0.985  1.000 -0.492 -0.022 -0.293  0.995  0.008
        4  0.52543  -0.504  0.512 -0.492  1.000  0.039  0.155 -0.485 -0.008
        5  0.03891  -0.023  0.023 -0.022  0.039  1.000  0.007 -0.022 -0.000
        6  0.31749  -0.276  0.307 -0.293  0.155  0.007  1.000 -0.289 -0.003
        7  0.99576   0.968 -0.975  0.995 -0.485 -0.022 -0.289  1.000  0.008
        8  0.00958   0.008 -0.008  0.008 -0.008 -0.000 -0.003  0.008  1.000
 ERR MATRIX NOT POS-DEF
 **********
 **    7 **SET ERR         0.5
 **********
 **********
 **    8 **SET PRINT           1
 **********
 **********
 **    9 **HESSE        4000
 **********
 EIGENVALUES OF SECOND-DERIVATIVE MATRIX:
        -8.9414e-02  2.1484e-01  8.8920e-01  9.6317e-01  1.0000e+00  1.1074e+00  1.1612e+00  2.7536e+00
 MINUIT WARNING IN HESSE   
 ============== MATRIX FORCED POS-DEF BY ADDING 0.092167 TO DIAGONAL.
 FCN=-36114.2 FROM HESSE     STATUS=NOT POSDEF    103 CALLS        1503 TOTAL
                     EDM=0.00236156    STRATEGY= 2      ERR MATRIX NOT POS-DEF
  EXT PARAMETER                APPROXIMATE     INTERNAL      INTERNAL  
  NO.   NAME      VALUE            ERROR       STEP SIZE       VALUE   
   1  a1_Run1      1.59156e+00   6.99545e-01   2.15382e-02  -3.32576e+00
   2  a2_Run1      1.51017e+00   3.50429e-01   5.00000e-01   5.03259e+00
   3  lambda_Run1  -2.57644e+00   6.34845e-01   5.13069e-04   2.24480e+01
   4  mcnbkg_run1   1.00005e+00   6.06635e+01   1.67191e-01  -3.65996e+02
                                 WARNING -   - ABOVE PARAMETER IS AT LIMIT.
   5  mcnsig_run1   8.22509e+03   3.68719e+01   5.00000e-01  -2.05300e+03
   6  mean_Run1    5.61983e+03   9.62578e-02   4.77503e-04  -6.44964e+00
   7  sigma_Run1   1.58981e+01   1.23260e+00   3.01134e-04   5.68527e+01
   8  tau_run1    -4.55650e-08   9.63428e-06   5.00000e-01   1.70442e+00
                               ERR DEF= 0.5
 EXTERNAL ERROR MATRIX.    NDIM=  25    NPAR=  8    ERR DEF=0.5
  3.439e-01 -3.885e-01  2.642e-01 -6.155e-02 -2.827e+00 -2.416e-02  7.201e-01  4.357e-06 
 -3.885e-01  4.560e-01 -3.064e-01  7.150e-02  3.284e+00  2.928e-02 -8.350e-01 -5.090e-06 
  2.642e-01 -3.064e-01  2.110e-01 -4.761e-02 -2.187e+00 -1.944e-02  5.799e-01  3.389e-06 
 -6.155e-02  7.150e-02 -4.761e-02  1.181e-02  5.420e-01  4.556e-03 -1.296e-01 -8.330e-07 
 -2.827e+00  3.284e+00 -2.187e+00  5.420e-01  1.243e+02  2.093e-01 -5.952e+00 -3.826e-05 
 -2.416e-02  2.928e-02 -1.944e-02  4.556e-03  2.093e-01  9.295e-03 -5.287e-02 -3.251e-07 
  7.201e-01 -8.350e-01  5.799e-01 -1.296e-01 -5.952e+00 -5.287e-02  1.624e+00  9.226e-06 
  4.357e-06 -5.090e-06  3.389e-06 -8.330e-07 -3.826e-05 -3.251e-07  9.226e-06  1.133e-08 
ERR MATRIX NOT POS-DEF
 PARAMETER  CORRELATION COEFFICIENTS  
       NO.  GLOBAL      1      2      3      4      5      6      7      8
        1  0.98670   1.000 -0.981  0.981 -0.966 -0.432 -0.427  0.964  0.070
        2  0.99419  -0.981  1.000 -0.988  0.974  0.436  0.450 -0.970 -0.071
        3  0.99733   0.981 -0.988  1.000 -0.954 -0.427 -0.439  0.991  0.069
        4  0.97964  -0.966  0.974 -0.954  1.000  0.447  0.435 -0.936 -0.072
        5  0.44736  -0.432  0.436 -0.427  0.447  1.000  0.195 -0.419 -0.032
        6  0.45530  -0.427  0.450 -0.439  0.435  0.195  1.000 -0.430 -0.032
        7  0.99237   0.964 -0.970  0.991 -0.936 -0.419 -0.430  1.000  0.068
        8  0.07208   0.070 -0.071  0.069 -0.072 -0.032 -0.032  0.068  1.000
 ERR MATRIX NOT POS-DEF
 **********
 **   10 **SET ERR         0.5
 **********
 **********
 **   11 **SET PRINT           1
 **********
 **********
 **   12 **HESSE        4000
 **********
 COVARIANCE MATRIX CALCULATED SUCCESSFULLY
 FCN=-50523.3 FROM HESSE     STATUS=OK             99 CALLS        1602 TOTAL
                     EDM=0.665185    STRATEGY= 2      ERROR MATRIX ACCURATE 
  EXT PARAMETER                                INTERNAL      INTERNAL  
  NO.   NAME      VALUE            ERROR       STEP SIZE       VALUE   
   1  a1_Run1      1.59156e+00   1.24257e-01   1.75752e-02  -3.32576e+00
   2  a2_Run1      1.51017e+00   4.97425e-02   8.16000e-02   5.03259e+00
   3  lambda_Run1  -2.57644e+00   1.28914e-01   1.04666e-02   2.24480e+01
   4  mcnbkg_run1   1.00005e+00   2.99410e+00   1.85335e-01  -3.65996e+02
                                 WARNING -   - ABOVE PARAMETER IS AT LIMIT.
   5  mcnsig_run1   8.22509e+03   2.35316e+01   5.00000e-01  -2.05300e+03
   6  mean_Run1    5.61983e+03   7.60986e-02   9.74107e-03  -6.44964e+00
   7  sigma_Run1   1.58981e+01   5.23069e-01   6.14313e-03   5.68527e+01
   8  tau_run1    -4.55650e-08   5.74008e-06   5.00000e-01   1.70442e+00
                               ERR DEF= 0.5
 EXTERNAL ERROR MATRIX.    NDIM=  25    NPAR=  8    ERR DEF=0.5
  1.578e-02 -2.511e-03  1.130e-02 -6.313e-05 -3.393e-03  8.109e-04  4.096e-02 -5.059e-09 
 -2.511e-03  2.174e-03 -2.919e-03  9.718e-05  5.291e-03  4.696e-05 -1.035e-02 -6.448e-09 
  1.130e-02 -2.919e-03  1.739e-02  1.183e-03  6.429e-02  5.581e-04  6.674e-02 -8.117e-08 
 -6.313e-05  9.718e-05  1.183e-03  5.815e-04  3.133e-02  1.579e-05  4.448e-03 -3.654e-08 
 -3.393e-03  5.291e-03  6.429e-02  3.133e-02  7.924e+01  8.612e-04  2.418e-01 -1.992e-06 
  8.109e-04  4.696e-05  5.581e-04  1.579e-05  8.612e-04  5.803e-03  2.184e-03 -1.399e-09 
  4.096e-02 -1.035e-02  6.674e-02  4.448e-03  2.418e-01  2.184e-03  2.767e-01 -3.052e-07 
 -5.059e-09 -6.448e-09 -8.117e-08 -3.654e-08 -1.992e-06 -1.399e-09 -3.052e-07  4.424e-09 
 PARAMETER  CORRELATION COEFFICIENTS  
       NO.  GLOBAL      1      2      3      4      5      6      7      8
        1  0.75859   1.000 -0.429  0.682 -0.021 -0.003  0.085  0.620 -0.001
        2  0.57081  -0.429  1.000 -0.475  0.086  0.013  0.013 -0.422 -0.002
        3  0.97391   0.682 -0.475  1.000  0.372  0.055  0.056  0.962 -0.009
        4  0.60218  -0.021  0.086  0.372  1.000  0.146  0.009  0.351 -0.023
        5  0.14597  -0.003  0.013  0.055  0.146  1.000  0.001  0.052 -0.003
        6  0.10214   0.085  0.013  0.056  0.009  0.001  1.000  0.054 -0.000
        7  0.96491   0.620 -0.422  0.962  0.351  0.052  0.054  1.000 -0.009
        8  0.02282  -0.001 -0.002 -0.009 -0.023 -0.003 -0.000 -0.009  1.000
reduceEng varSubset = (Lb_DTF_M_JpsiLConstr) _wgtVar = totWt
 **********
 **   13 **SET PRINT           1
 **********
 **********
 **   14 **SET NOGRAD
 **********
 PARAMETER DEFINITIONS:
    NO.   NAME         VALUE      STEP SIZE      LIMITS
     1 a1_Run2      2.00000e+00  1.00000e-01    1.50000e+00  2.50000e+00
     2 a2_Run2      1.75000e+00  2.00000e-01    1.00000e+00  3.00000e+00
     3 lambda_Run2  -2.30000e+00  8.00000e-02   -2.80000e+00 -2.00000e+00
     4 mcnbkg_run2   1.16379e+04  2.32738e+03    1.00000e+00  2.32748e+04
     5 mcnsig_run2   2.32698e+04  2.50000e+00    1.16374e+04  2.32748e+04
     6 mean_Run2    5.61960e+03  2.00000e-01    5.61900e+03  5.62100e+03
     7 sigma_Run2   1.40000e+01  6.00000e-01    1.10000e+01  1.70000e+01
     8 tau_run2    -1.00000e-07  4.95000e-08   -1.00000e-05 -1.00000e-09
 **********
 **   15 **SET ERR         0.5
 **********
 **********
 **   16 **SET PRINT           1
 **********
 **********
 **   17 **SET STR           2
 **********
 NOW USING STRATEGY  2: MAKE SURE MINIMUM TRUE, ERRORS CORRECT  
 **********
 **   18 **MIGRAD        4000           1
 **********
 FIRST CALL TO USER FUNCTION AT NEW START POINT, WITH IFLAG=4.
 START MIGRAD MINIMIZATION.  STRATEGY  2.  CONVERGENCE WHEN EDM .LT. 1.00e-03
 MINUIT WARNING IN HESSE   
 ============== Negative diagonal element 5 in Error Matrix
 MINUIT WARNING IN HESSE   
 ============== 656.704 added to diagonal of error matrix
 COVARIANCE MATRIX CALCULATED SUCCESSFULLY
 FCN=-117179 FROM HESSE     STATUS=OK             85 CALLS          86 TOTAL
                     EDM=27840.4    STRATEGY= 2      ERROR MATRIX ACCURATE 
  EXT PARAMETER                                   STEP         FIRST   
  NO.   NAME      VALUE            ERROR          SIZE      DERIVATIVE 
   1  a1_Run2      2.00000e+00   1.88016e-02   5.00000e-01  -4.61755e+01
   2  a2_Run2      1.75000e+00   3.08260e-02   4.11460e-01  -1.64092e+02
   3  lambda_Run2  -2.30000e+00   1.38718e-02   4.74742e-01   2.16700e+02
   4  mcnbkg_run2   1.16379e+04   2.99661e+02   2.45993e-01   8.98266e+03
   5  mcnsig_run2   2.32698e+04   7.28341e+03   1.09464e-01   2.74572e+01
   6  mean_Run2    5.61960e+03   3.16580e-02   5.00000e-01  -1.48140e+02
   7  sigma_Run2   1.40000e+01   8.25500e-02   2.53514e-01   1.57560e+02
   8  tau_run2    -1.00000e-07   3.86225e-08   5.00000e-01  -8.43686e-05
                               ERR DEF= 0.5
 MIGRAD MINIMIZATION HAS CONVERGED.
 MIGRAD WILL VERIFY CONVERGENCE AND ERROR MATRIX.
 MINUIT WARNING IN HESSE   
 ============== Negative diagonal element 8 in Error Matrix
 MINUIT WARNING IN HESSE   
 ============== 1.00001 added to diagonal of error matrix
 COVARIANCE MATRIX CALCULATED SUCCESSFULLY
 FCN=-125093 FROM MIGRAD    STATUS=CONVERGED     794 CALLS         795 TOTAL
                     EDM=5.04559e-05    STRATEGY= 2      ERROR MATRIX ACCURATE 
  EXT PARAMETER                                   STEP         FIRST   
  NO.   NAME      VALUE            ERROR          SIZE      DERIVATIVE 
   1  a1_Run2      2.02808e+00   9.36394e-02   4.50377e-02   2.75011e-03
   2  a2_Run2      2.23459e+00   1.24745e-01   3.05851e-02   2.61985e-02
   3  lambda_Run2  -2.00000e+00   7.67045e-02   1.18310e-01  -1.66281e-03
   4  mcnbkg_run2   1.00004e+00   7.48681e+00   8.83165e-03** at limit **
   5  mcnsig_run2   2.32748e+04   5.60501e+02   1.09189e-01   4.62039e-04
   6  mean_Run2    5.62011e+03   5.54810e-02   1.36357e-02  -1.83649e-02
   7  sigma_Run2   1.42574e+01   1.14022e-01   7.35541e-03   1.62281e-01
   8  tau_run2    -1.00009e-07   2.25274e-06   5.00000e-01   2.29156e-06
                               ERR DEF= 0.5
 EXTERNAL ERROR MATRIX.    NDIM=  25    NPAR=  8    ERR DEF=0.5
  8.873e-03  9.274e-04 -6.581e-06  1.712e-04  3.176e-04 -2.229e-04 -6.266e-05  5.696e-14 
  9.274e-04  1.565e-02 -8.396e-06  2.489e-04  4.617e-04  2.236e-04 -2.805e-04 -6.497e-14 
 -6.581e-06 -8.396e-06  9.417e-08 -5.423e-10 -1.028e-09 -1.589e-08  2.063e-05  1.398e-18 
  1.712e-04  2.489e-04 -5.423e-10  1.317e-03  1.837e-03 -7.138e-07 -3.422e-06  3.732e-14 
  3.176e-04  4.617e-04 -1.028e-09  1.837e-03  2.670e+01 -1.324e-06 -6.325e-06  7.011e-14 
 -2.229e-04  2.236e-04 -1.589e-08 -7.138e-07 -1.324e-06  3.081e-03 -4.102e-05 -7.059e-16 
 -6.266e-05 -2.805e-04  2.063e-05 -3.422e-06 -6.325e-06 -4.102e-05  1.301e-02  1.245e-15 
  5.696e-14 -6.497e-14  1.398e-18  3.732e-14  7.011e-14 -7.059e-16  1.245e-15  9.802e-13 
 PARAMETER  CORRELATION COEFFICIENTS  
       NO.  GLOBAL      1      2      3      4      5      6      7      8
        1  0.28530   1.000  0.079 -0.228  0.050  0.001 -0.043 -0.006  0.000
        2  0.26512   0.079  1.000 -0.219  0.055  0.001  0.032 -0.020 -0.000
        3  0.65911  -0.228 -0.219  1.000 -0.000 -0.000 -0.001  0.590  0.000
        4  0.07758   0.050  0.055 -0.000  1.000  0.010 -0.000 -0.001  0.000
        5  0.00980   0.001  0.001 -0.000  0.010  1.000 -0.000 -0.000  0.000
        6  0.05590  -0.043  0.032 -0.001 -0.000 -0.000  1.000 -0.006 -0.000
        7  0.61383  -0.006 -0.020  0.590 -0.001 -0.000 -0.006  1.000  0.000
        8  0.00000   0.000 -0.000  0.000  0.000  0.000 -0.000  0.000  1.000
 **********
 **   19 **SET ERR         0.5
 **********
 **********
 **   20 **SET PRINT           1
 **********
 **********
 **   21 **HESSE        4000
 **********
 MINUIT WARNING IN HESSE   
 ============== Negative diagonal element 8 in Error Matrix
 MINUIT WARNING IN HESSE   
 ============== 1.00001 added to diagonal of error matrix
 COVARIANCE MATRIX CALCULATED SUCCESSFULLY
 FCN=-125093 FROM HESSE     STATUS=OK             83 CALLS         878 TOTAL
                     EDM=0.000128953    STRATEGY= 2      ERROR MATRIX ACCURATE 
  EXT PARAMETER                                INTERNAL      INTERNAL  
  NO.   NAME      VALUE            ERROR       STEP SIZE       VALUE   
   1  a1_Run2      2.02808e+00   1.11884e-01   3.60302e-04   5.61852e-02
   2  a2_Run2      2.23459e+00   1.15572e-01   5.00000e-01   2.36799e-01
   3  lambda_Run2  -2.00000e+00   4.09145e-02   5.00000e-01   1.56958e+00
   4  mcnbkg_run2   1.00004e+00   7.51110e+00   1.76633e-03  -1.57088e+00
                                 WARNING -   - ABOVE PARAMETER IS AT LIMIT.
   5  mcnsig_run2   2.32748e+04   3.23707e+01   5.00000e-01  -2.98471e+01
   6  mean_Run2    5.62011e+03   5.54736e-02   5.45430e-04   1.08167e-01
   7  sigma_Run2   1.42574e+01   2.29568e-01   1.47108e-03   8.58944e-02
   8  tau_run2    -1.00009e-07   2.25274e-06   1.00000e-01   1.37145e+00
                               ERR DEF= 0.5
 EXTERNAL ERROR MATRIX.    NDIM=  25    NPAR=  8    ERR DEF=0.5
  1.273e-02  2.865e-03 -1.451e-05  2.029e-05  1.507e-05 -2.888e-04 -1.234e-02 -1.916e-13 
  2.865e-03  1.342e-02 -9.120e-06  2.662e-05  1.977e-05  9.521e-05 -7.674e-03  1.355e-13 
 -1.451e-05 -9.120e-06  4.944e-08  3.807e-08  2.828e-08  1.644e-07  4.685e-05  1.301e-16 
  2.029e-05  2.662e-05  3.807e-08  1.321e-03  9.188e-05 -3.785e-07  3.354e-05 -2.067e-14 
  1.507e-05  1.977e-05  2.828e-08  9.188e-05  1.519e+00 -2.811e-07  2.491e-05 -1.527e-14 
 -2.888e-04  9.521e-05  1.644e-07 -3.785e-07 -2.811e-07  3.081e-03  9.705e-05  8.910e-16 
 -1.234e-02 -7.674e-03  4.685e-05  3.354e-05  2.491e-05  9.705e-05  5.281e-02  1.115e-13 
 -1.916e-13  1.355e-13  1.301e-16 -2.067e-14 -1.527e-14  8.910e-16  1.115e-13  9.802e-13 
 PARAMETER  CORRELATION COEFFICIENTS  
       NO.  GLOBAL      1      2      3      4      5      6      7      8
        1  0.59522   1.000  0.219 -0.578  0.005  0.000 -0.046 -0.476 -0.000
        2  0.36625   0.219  1.000 -0.354  0.006  0.000  0.015 -0.288  0.000
        3  0.93424  -0.578 -0.354  1.000  0.005  0.000  0.013  0.917  0.000
        4  0.01396   0.005  0.006  0.005  1.000  0.002 -0.000  0.004 -0.000
        5  0.00207   0.000  0.000  0.000  0.002  1.000 -0.000  0.000 -0.000
        6  0.05388  -0.046  0.015  0.013 -0.000 -0.000  1.000  0.008  0.000
        7  0.92003  -0.476 -0.288  0.917  0.004  0.000  0.008  1.000  0.000
        8  0.00000  -0.000  0.000  0.000 -0.000 -0.000  0.000  0.000  1.000
 **********
 **   22 **SET ERR         0.5
 **********
 **********
 **   23 **SET PRINT           1
 **********
 **********
 **   24 **HESSE        4000
 **********
 MINUIT WARNING IN HESSE   
 ============== Negative diagonal element 8 in Error Matrix
 MINUIT WARNING IN HESSE   
 ============== 1.00003 added to diagonal of error matrix
 COVARIANCE MATRIX CALCULATED SUCCESSFULLY
 FCN=-145751 FROM HESSE     STATUS=OK            103 CALLS         981 TOTAL
                     EDM=6.81343    STRATEGY= 2      ERROR MATRIX ACCURATE 
  EXT PARAMETER                                INTERNAL      INTERNAL  
  NO.   NAME      VALUE            ERROR       STEP SIZE       VALUE   
   1  a1_Run2      2.02808e+00   1.07440e-01   7.20603e-05   5.61852e-02
   2  a2_Run2      2.23459e+00   1.21365e-01   5.00000e-01   2.36799e-01
   3  lambda_Run2  -2.00000e+00   5.85629e-03   5.00000e-01   1.56958e+00
   4  mcnbkg_run2   1.00004e+00   3.27626e+00   1.99615e-01  -1.57088e+00
                                 WARNING -   - ABOVE PARAMETER IS AT LIMIT.
   5  mcnsig_run2   2.32748e+04   2.82930e+01   5.00000e-01  -2.98471e+01
   6  mean_Run2    5.62011e+03   5.13735e-02   1.11268e-02   1.08167e-01
   7  sigma_Run2   1.42574e+01   1.14946e-01   3.00101e-02   8.58944e-02
   8  tau_run2    -1.00009e-07   2.25274e-06   5.00000e-01   1.37145e+00
                               ERR DEF= 0.5
 EXTERNAL ERROR MATRIX.    NDIM=  25    NPAR=  8    ERR DEF=0.5
  1.173e-02  2.934e-03 -2.248e-06  1.139e-03  7.279e-03 -3.139e-04 -8.556e-04  8.042e-13 
  2.934e-03  1.481e-02 -1.310e-06  1.059e-03  6.767e-03  1.073e-04 -2.032e-04  6.299e-13 
 -2.248e-06 -1.310e-06  6.972e-09  1.370e-07  8.747e-07  3.241e-08  6.402e-06  8.530e-17 
  1.139e-03  1.059e-03  1.370e-07  5.761e-04  3.669e-03 -2.059e-05  5.008e-06  3.790e-13 
  7.279e-03  6.767e-03  8.747e-07  3.669e-03  1.327e+00 -1.315e-04  3.388e-05  2.424e-12 
 -3.139e-04  1.073e-04  3.241e-08 -2.059e-05 -1.315e-04  2.642e-03 -2.915e-05 -1.410e-14 
 -8.556e-04 -2.032e-04  6.402e-06  5.008e-06  3.388e-05 -2.915e-05  1.322e-02  7.955e-16 
  8.042e-13  6.299e-13  8.530e-17  3.790e-13  2.424e-12 -1.410e-14  7.955e-16  9.802e-13 
 PARAMETER  CORRELATION COEFFICIENTS  
       NO.  GLOBAL      1      2      3      4      5      6      7      8
        1  0.54480   1.000  0.223 -0.249  0.438  0.058 -0.056 -0.069  0.000
        2  0.41202   0.223  1.000 -0.129  0.362  0.048  0.017 -0.015  0.000
        3  0.73109  -0.249 -0.129  1.000  0.068  0.009  0.008  0.667  0.000
        4  0.58018   0.438  0.362  0.068  1.000  0.133 -0.017  0.002  0.000
        5  0.13269   0.058  0.048  0.009  0.133  1.000 -0.002  0.000  0.000
        6  0.06476  -0.056  0.017  0.008 -0.017 -0.002  1.000 -0.005 -0.000
        7  0.68832  -0.069 -0.015  0.667  0.002  0.000 -0.005  1.000  0.000
        8  0.00002   0.000  0.000  0.000  0.000  0.000 -0.000  0.000  1.000
Importing Run 1 data
Done making RooDataHist
RooDataHist::ds1[Lb_DTF_M_JpsiLConstr] = 325 bins (7147 weights)
Done importing Run 1 data
Importing Run 2 data
Done making RooDataHist
RooDataHist::ds2[Lb_DTF_M_JpsiLConstr] = 325 bins (27617 weights)
Done importing Run 2 data
before sb fit
 **********
 **    1 **SET PRINT           1
 **********
 **********
 **    2 **SET NOGRAD
 **********
 PARAMETER DEFINITIONS:
    NO.   NAME         VALUE      STEP SIZE      LIMITS
     1 slope_Run2  -2.00000e+00  2.50000e-01   -5.00000e+00  0.00000e+00
 **********
 **    3 **SET ERR         0.5
 **********
 **********
 **    4 **SET PRINT           1
 **********
 **********
 **    5 **SET STR           1
 **********
 NOW USING STRATEGY  1: TRY TO BALANCE SPEED AGAINST RELIABILITY
 **********
 **    6 **MIGRAD         500           1
 **********
 FIRST CALL TO USER FUNCTION AT NEW START POINT, WITH IFLAG=4.
 START MIGRAD MINIMIZATION.  STRATEGY  1.  CONVERGENCE WHEN EDM .LT. 1.00e-03
 FCN=87.4759 FROM MIGRAD    STATUS=INITIATE        4 CALLS           5 TOTAL
                     EDM= unknown      STRATEGY= 1      NO ERROR MATRIX       
  EXT PARAMETER               CURRENT GUESS       STEP         FIRST   
  NO.   NAME      VALUE            ERROR          SIZE      DERIVATIVE 
   1  slope_Run2  -2.00000e+00   2.50000e-01   1.02263e-01  -1.03680e-01
                               ERR DEF= 0.5
 MIGRAD MINIMIZATION HAS CONVERGED.
 MIGRAD WILL VERIFY CONVERGENCE AND ERROR MATRIX.
 COVARIANCE MATRIX CALCULATED SUCCESSFULLY
 FCN=87.4758 FROM MIGRAD    STATUS=CONVERGED      14 CALLS          15 TOTAL
                     EDM=1.16801e-09    STRATEGY= 1      ERROR MATRIX ACCURATE 
  EXT PARAMETER                                   STEP         FIRST   
  NO.   NAME      VALUE            ERROR          SIZE      DERIVATIVE 
   1  slope_Run2  -1.99829e+00   1.99648e-01   5.31211e-04   4.18783e-04
                               ERR DEF= 0.5
 EXTERNAL ERROR MATRIX.    NDIM=  25    NPAR=  1    ERR DEF=0.5
  3.995e-02 
 **********
 **    7 **SET ERR         0.5
 **********
 **********
 **    8 **SET PRINT           1
 **********
 **********
 **    9 **HESSE         500
 **********
 COVARIANCE MATRIX CALCULATED SUCCESSFULLY
 FCN=87.4758 FROM HESSE     STATUS=OK              5 CALLS          20 TOTAL
                     EDM=1.16721e-09    STRATEGY= 1      ERROR MATRIX ACCURATE 
  EXT PARAMETER                                INTERNAL      INTERNAL  
  NO.   NAME      VALUE            ERROR       STEP SIZE       VALUE   
   1  slope_Run2  -1.99829e+00   1.99649e-01   2.12484e-05   2.02055e-01
                               ERR DEF= 0.5
 EXTERNAL ERROR MATRIX.    NDIM=  25    NPAR=  1    ERR DEF=0.5
  3.995e-02 
RooDataHist::combData[sample,Lb_DTF_M_JpsiLConstr] = 650 bins (34764 weights)
Done importing combData and simPdf
**********Printing w after all imports***********

RooWorkspace(w) w contents

variables
---------
(Lb_DTF_M_JpsiLConstr,R,R_1405,R_1520,R_1600,a1_Run1,a1_Run2,a2_Run1,a2_Run2,eff_ratio1,eff_ratio2,eff_ratio_1405_1,eff_ratio_1405_2,eff_ratio_1520_1,eff_ratio_1520_2,eff_ratio_1600_1,eff_ratio_1600_2,geff_ratio1,geff_ratio2,geff_ratio_1405_1,geff_ratio_1405_2,geff_ratio_1520_1,geff_ratio_1520_2,geff_ratio_1600_1,geff_ratio_1600_2,gnXib1,gnXib2,gshift_Xib,lambda_Run1,lambda_Run2,mcnbkg_run1,mcnbkg_run2,mcnsig_run1,mcnsig_run2,mean_Run1,mean_Run2,miscLstMean_Run1,miscLstMean_Run2,miscLstSigma_Run1,miscLstSigma_Run2,nBkg_Run1,nBkg_Run2,nJpsiKs_Run1,nJpsiKs_Run2,nLb_Run1,nLb_Run2,nMiscLst_Run1,nMiscLst_Run2,nXib1,nXib2,nXib_JpsiLambda_Run1,nXib_JpsiLambda_Run2,sample,shift_Xib,sigma_Run1,sigma_Run2,slope_Run1,slope_Run2,tau_run1,tau_run2)

p.d.f.s
-------
RooExponential::Bkg_Run1[ x=Lb_DTF_M_JpsiLConstr c=Bkg_Run1_2 ] = 5.82432e-24
RooExponential::Bkg_Run2[ x=Lb_DTF_M_JpsiLConstr c=Bkg_Run2_2 ] = 4.71712e-24
RooKeysPdf::JPSIKS_RUN1[ x=Lb_DTF_M_JpsiLConstr ] = 2.24416e-05
RooKeysPdf::JPSIKS_RUN2[ x=Lb_DTF_M_JpsiLConstr ] = 2.81492e-05
RooKeysPdf::LST1405_Run1[ x=Lb_DTF_M_JpsiLConstr ] = 0.00191856
