************************
************************
************************
************************
************************
************************
************************
************************
************************
************************
Wed Aug 21 21:47:54 EDT 2019
-------------------------
Set LHCb Style - Feb 2012
-------------------------
inputFlag = 1
#######################################
Input file exists! Hurray!
Printing contents of w1 from input file

RooWorkspace(w1) w1 contents

variables
---------
(GB_WT,Lb_DTF_M_JpsiLConstr,sample,totWt,wt_tau)

p.d.f.s
-------
RooKeysPdf::JPSIKS_RUN1[ x=Lb_DTF_M_JpsiLConstr ] = 0.00482423
RooKeysPdf::JPSIKS_RUN2[ x=Lb_DTF_M_JpsiLConstr ] = 0.00469643
RooKeysPdf::LST1405_Run1[ x=Lb_DTF_M_JpsiLConstr ] = 0.000186289
RooKeysPdf::LST1405_Run2[ x=Lb_DTF_M_JpsiLConstr ] = 0.000186787
RooKeysPdf::LST1520_Run1[ x=Lb_DTF_M_JpsiLConstr ] = 8.05637e-05
RooKeysPdf::LST1520_Run2[ x=Lb_DTF_M_JpsiLConstr ] = 7.59278e-05
RooKeysPdf::LST1600_Run1[ x=Lb_DTF_M_JpsiLConstr ] = 5.43037e-05
RooKeysPdf::LST1600_Run2[ x=Lb_DTF_M_JpsiLConstr ] = 5.65461e-05
RooKeysPdf::SIG_Run1[ x=Lb_DTF_M_JpsiLConstr ] = 0.00427989
RooKeysPdf::SIG_Run2[ x=Lb_DTF_M_JpsiLConstr ] = 0.00416954
RooKeysPdf::XIB_RUN1[ x=Lb_DTF_M_JpsiLConstr ] = 0.00233191
RooKeysPdf::XIB_RUN2[ x=Lb_DTF_M_JpsiLConstr ] = 0.0019847

datasets
--------
RooDataSet::ds_sig_Run1(Lb_DTF_M_JpsiLConstr,GB_WT,wt_tau,totWt)
RooDataSet::ds_sig_wt_Run1(Lb_DTF_M_JpsiLConstr)
RooDataSet::ds_sig_Run2(Lb_DTF_M_JpsiLConstr,GB_WT,wt_tau,totWt)
RooDataSet::ds_sig_wt_Run2(Lb_DTF_M_JpsiLConstr)
RooDataSet::ds_1405_Run1(Lb_DTF_M_JpsiLConstr)
RooDataSet::ds_1405_Run2(Lb_DTF_M_JpsiLConstr)
RooDataSet::ds_1520_Run1(Lb_DTF_M_JpsiLConstr)
RooDataSet::ds_1520_Run2(Lb_DTF_M_JpsiLConstr)
RooDataSet::ds_1600_Run1(Lb_DTF_M_JpsiLConstr)
RooDataSet::ds_1600_Run2(Lb_DTF_M_JpsiLConstr)
RooDataSet::ds_xi_Run1(Lb_DTF_M_JpsiLConstr,GB_WT)
RooDataSet::ds_xi_wt_Run1(Lb_DTF_M_JpsiLConstr)
RooDataSet::ds_xi_Run2(Lb_DTF_M_JpsiLConstr,GB_WT)
RooDataSet::ds_xi_wt_Run2(Lb_DTF_M_JpsiLConstr)
RooDataSet::ds_jpsiks_Run1(Lb_DTF_M_JpsiLConstr)
RooDataSet::ds_jpsiks_Run2(Lb_DTF_M_JpsiLConstr)
RooDataHist::ds1(Lb_DTF_M_JpsiLConstr)
RooDataHist::ds2(Lb_DTF_M_JpsiLConstr)
RooDataHist::combData(sample,Lb_DTF_M_JpsiLConstr)

#######################################
[#1] INFO:Eval -- RooRealVar::setRange(Lb_DTF_M_JpsiLConstr) new range named 'signal_window' created with bounds [5365,5600]
[#1] INFO:Eval -- RooRealVar::setRange(Lb_DTF_M_JpsiLConstr) new range named 'sideband_window' created with bounds [5800,6100]
[#1] INFO:Eval -- RooRealVar::setRange(Lb_DTF_M_JpsiLConstr) new range named 'simFit_window' created with bounds [5500,5740]
@@@@@@@@@@@@@@@@@@@@@@@@@@@@@@@@@@@@@@@
Get Xib Normalization
@@@@@@@@@@@@@@@@@@@@@@@@@@@@@@@@@@@@@@@
xibYield = 36.361+/-7.75666+/-3.27249
UNWEIGHTED Xib->JpsiXi Eff = 0.0631 % +/- 0.0014 %
WEIGHTED Xib->JpsiXi Eff = 0.0728 % +/- 0.0015 %
UNWEIGHTED Xib->JpsiLambda Eff = 0.0150 % +/-0.0007 %
WEIGHTED Xib->JpsiLambda Eff = 0.0207 % +/-0.0008 %
UNWEIGTED Norm = 16.5446091019+/-3.5293558383+/-1.9796733064
WEIGHTED Norm = 19.868236384+/-4.23836402823+/-2.33800676932
BREAKUP OF SYSTEMATICS:
Overall Syst     = 11.7675606638%
*Tracking        = 5.0%
*Xi Vtx          = 1.4%
*Xib Yield       = 9.0%
*Xib->JpsiL eff  = 3.90105270314%
*Xib->JpsiXi eff = 2.08057811171%
*tauXib-/tauXib0 = 3.3118675253%
************************************************
The UNWEIGHTED LL Xib normalization for Run 1 is 16.5446 +/- 3.52936 +/- 1.97967
The WEIGHTED LL Xib normalization for Run 1 is 19.8682 +/- 4.23836 +/- 2.33801
************************************************
xibYield = 173.281+/-16.4207+/-10.39686
UNWEIGHTED Xib->JpsiXi Eff = 0.0650 % +/- 0.0014 %
WEIGHTED Xib->JpsiXi Eff = 0.0725 % +/- 0.0015 %
UNWEIGHTED Xib->JpsiLambda Eff = 0.0246 % +/-0.0008 %
WEIGHTED Xib->JpsiLambda Eff = 0.0309 % +/-0.0010 %
UNWEIGTED Norm = 125.979819094+/-11.9382783767+/-11.9584127109
WEIGHTED Norm = 142.000980716+/-13.4564984276+/-13.3327854362
BREAKUP OF SYSTEMATICS:
Overall Syst     = 9.38922067231%
*Tracking        = 5.0%
*Xi Vtx          = 1.4%
*Xib Yield       = 6.0%
*Xib->JpsiL eff  = 3.13304029323%
*Xib->JpsiXi eff = 2.10072769515%
*tauXib-/tauXib0 = 3.3118675253%
************************************************
The UNWEIGHTED LL Xib normalization for Run 2 is 125.98 +/- 11.9383 +/- 11.9584
The WEIGHTED LL Xib normalization for Run 2 is 142.001 +/- 13.4565 +/- 13.3328
************************************************
@@@@@@@@@@@@@@@@@@@@@@@@@@@@@@@@@@@@@@@
Get Lb -> J/psi Lambda efficiency
@@@@@@@@@@@@@@@@@@@@@@@@@@@@@@@@@@@@@@@
************************************************
Run 1 UNWEIGHTED Jpsi Lambda Eff = 0.105953 % +/- 0.00128051 %
Run 1 WEIGHTED Jpsi Lambda Eff = 0.125108 % +/- 0.00145586 %
************************************************
************************************************
Run 2 UNWEIGHTED Jpsi Lambda Eff = 0.127635 % +/- 0.000880783 %
Run 2 WEIGHTED Jpsi Lambda Eff = 0.126637 % +/- 0.000917578 %
************************************************
@@@@@@@@@@@@@@@@@@@@@@@@@@@@@@@@@@@@@@@
Get Lb -> J/psi Sigma efficiency and shape
@@@@@@@@@@@@@@@@@@@@@@@@@@@@@@@@@@@@@@@
************************************************
Run 1 UNWEIGHTED Jpsi Sigma Eff = 0.087279 % +/- 0.00175952 %
Run 1 WEIGHTED Jpsi Sigma Eff = 0.103321 % +/- 0.00202565 %
************************************************
***************************************
Run 1 UNWEIGHTED Lambda/Sigma efficiency ratio = 1.21396 +/- 0.0285339
Run 1 WEIGHTED Lambda/Sigma efficiency ratio   = 1.21087 +/- 0.0276064
***************************************
Done importing Jpsi Sigma shape
************************************************
Run 2 UNWEIGHTED Jpsi Sigma Eff = 0.119244 % +/- 0.00110028 %
Run 2 WEIGHTED Jpsi Sigma Eff = 0.12087 % +/- 0.00117949 %
************************************************
***************************************
Run 2 UNWEIGHTED Lambda/Sigma efficiency ratio = 1.07037 +/- 0.012333
Run 2 WEIGHTED Lambda/Sigma efficiency ratio   = 1.04772 +/- 0.0127343
***************************************
Done importing Jpsi Sigma shape
@@@@@@@@@@@@@@@@@@@@@@@@@@@@@@@@@@@@@@@
Get Lb -> J/psi Lst(1405) efficiency and shape
@@@@@@@@@@@@@@@@@@@@@@@@@@@@@@@@@@@@@@@
************************************************
Run 1 UNWEIGHTED Jpsi /(1405) Eff = 0.0672957 % +/- 0.000525485 %
Run 1 WEIGHTED Jpsi /(1405) Eff = 0.0681461 % +/- 0.000521163 %
************************************************
***************************************
Run 1 UNWEIGHTED /(1405)/Lambda efficiency ratio = 0.537901 +/- 0.00753809
Run 1 WEIGHTED /(1405)/Lambda efficiency ratio   = 0.544698 +/- 0.00758488
***************************************
Done importing Jpsi Lst(1405) shape
************************************************
Run 2 UNWEIGHTED Jpsi /(1405) Eff = 0.0851072 % +/- 0.00096622 %
Run 2 WEIGHTED Jpsi /(1405) Eff = 0.0854958 % +/- 0.000966859 %
************************************************
***************************************
Run 2 UNWEIGHTED /(1405)/Lambda efficiency ratio = 0.672056 +/- 0.00905135
Run 2 WEIGHTED /(1405)/Lambda efficiency ratio   = 0.675125 +/- 0.00906758
***************************************
Done importing Jpsi Lst(1405) shape
************************************************
Run 1 UNWEIGHTED Jpsi /(1520) Eff = 0.0569939 % +/- 0.000491329 %
Run 1 WEIGHTED Jpsi /(1520) Eff = 0.0576952 % +/- 0.000487089 %
************************************************
***************************************
Run 1 UNWEIGHTED /(1520)/Lambda efficiency ratio = 0.455557 +/- 0.00659744
Run 1 WEIGHTED /(1520)/Lambda efficiency ratio   = 0.461162 +/- 0.00663002
***************************************
Done importing Jpsi Lst(1520) shape
************************************************
Run 2 UNWEIGHTED Jpsi /(1520) Eff = 0.0720842 % +/- 0.00108508 %
Run 2 WEIGHTED Jpsi /(1520) Eff = 0.0723754 % +/- 0.00108654 %
************************************************
***************************************
Run 2 UNWEIGHTED /(1520)/Lambda efficiency ratio = 0.569219 +/- 0.00950944
Run 2 WEIGHTED /(1520)/Lambda efficiency ratio   = 0.571519 +/- 0.00952701
***************************************
Done importing Jpsi Lst(1520) shape
************************************************
Run 1 UNWEIGHTED Jpsi /(1600) Eff = 0.0497928 % +/- 0.000437439 %
Run 1 WEIGHTED Jpsi /(1600) Eff = 0.0504067 % +/- 0.000433591 %
************************************************
***************************************
Run 1 UNWEIGHTED /(1600)/Lambda efficiency ratio = 0.397998 +/- 0.00580307
Run 1 WEIGHTED /(1600)/Lambda efficiency ratio   = 0.402905 +/- 0.00583041
***************************************
Done importing Jpsi Lst(1600) shape
************************************************
Run 2 UNWEIGHTED Jpsi /(1600) Eff = 0.0622736 % +/- 0.000761971 %
Run 2 WEIGHTED Jpsi /(1600) Eff = 0.0625194 % +/- 0.000761432 %
************************************************
***************************************
Run 2 UNWEIGHTED /(1600)/Lambda efficiency ratio = 0.491749 +/- 0.00699282
Run 2 WEIGHTED /(1600)/Lambda efficiency ratio   = 0.49369 +/- 0.00699634
***************************************
Done importing Jpsi Lst(1600) shape
***************************************
Get J/psi Xi shape from MC
***************************************
Done importing Xib shape
Done importing Xib shape
***************************************
Get J/psi Ks shape from MC
***************************************
Done importing Xib shape
Done defining J/psi Lambda Hypatia shapes
*****UING EXPONENTIAL BKG SHAPE*****
Done defining cont. bkg exp. shapes
Done defining Misc Lambda* Gaussian shapes
RooDataSet::ds_sim1[Lb_DTF_M_JpsiLConstr,GB_WT,wt_tau] = 7692 entries
RooDataSet::ds_sim_wt1[Lb_DTF_M_JpsiLConstr,weight:totWt] = 7692 entries (8391.04 weighted)
mcNentries = 8391.04
RooDataSet::ds_sim2[Lb_DTF_M_JpsiLConstr,GB_WT,wt_tau] = 27266 entries
RooDataSet::ds_sim_wt2[Lb_DTF_M_JpsiLConstr,weight:totWt] = 27266 entries (24052.6 weighted)
mcNentries = 24052.6
reduceEng varSubset = (Lb_DTF_M_JpsiLConstr) _wgtVar = totWt
 **********
 **    1 **SET PRINT           1
 **********
 **********
 **    2 **SET NOGRAD
 **********
 PARAMETER DEFINITIONS:
    NO.   NAME         VALUE      STEP SIZE      LIMITS
     1 a1_Run1      1.80000e+00  1.00000e-01    1.00000e+00  2.00000e+00
     2 a2_Run1      1.70000e+00  4.00000e-02    1.50000e+00  1.90000e+00
     3 lambda_Run1  -2.59000e+00  8.00000e-02   -2.80000e+00 -2.00000e+00
     4 mcnbkg_run1   4.19602e+03  8.39004e+02    1.00000e+00  8.39104e+03
     5 mcnsig_run1   8.38604e+03  2.50000e+00    4.19552e+03  8.39104e+03
     6 mean_Run1    5.61960e+03  2.00000e-01    5.61900e+03  5.62100e+03
     7 sigma_Run1   1.50000e+01  6.00000e-01    1.20000e+01  1.80000e+01
     8 tau_run1    -1.00000e-07  4.95000e-08   -1.00000e-05 -1.00000e-09
 **********
 **    3 **SET ERR         0.5
 **********
 **********
 **    4 **SET PRINT           1
 **********
 **********
 **    5 **SET STR           2
 **********
 NOW USING STRATEGY  2: MAKE SURE MINIMUM TRUE, ERRORS CORRECT  
 **********
 **    6 **MIGRAD        4000           1
 **********
 FIRST CALL TO USER FUNCTION AT NEW START POINT, WITH IFLAG=4.
 START MIGRAD MINIMIZATION.  STRATEGY  2.  CONVERGENCE WHEN EDM .LT. 1.00e-03
 MINUIT WARNING IN HESSE   
 ============== Negative diagonal element 5 in Error Matrix
 MINUIT WARNING IN HESSE   
 ============== 216.485 added to diagonal of error matrix
 COVARIANCE MATRIX CALCULATED SUCCESSFULLY
 FCN=-34072.7 FROM HESSE     STATUS=OK             81 CALLS          82 TOTAL
                     EDM=11326.4    STRATEGY= 2      ERROR MATRIX ACCURATE 
  EXT PARAMETER                                   STEP         FIRST   
  NO.   NAME      VALUE            ERROR          SIZE      DERIVATIVE 
   1  a1_Run1      1.80000e+00   2.53881e-02   5.00000e-01  -1.63537e+01
   2  a2_Run1      1.70000e+00   1.34121e-02   5.00000e-01  -1.09060e+01
   3  lambda_Run1  -2.59000e+00   2.03856e-02   3.74657e-01   8.15500e+01
   4  mcnbkg_run1   4.19602e+03   1.88520e+02   2.33057e-01   3.30175e+03
   5  mcnsig_run1   8.38604e+03   2.64945e+03   1.82375e-01   1.53350e+01
   6  mean_Run1    5.61960e+03   5.29526e-02   4.35315e-01  -2.47736e+01
   7  sigma_Run1   1.50000e+01   1.43906e-01   2.42198e-01   1.05268e+02
   8  tau_run1    -1.00000e-07   6.72336e-08   5.00000e-01  -1.55101e-04
                               ERR DEF= 0.5
 MINUIT WARNING IN MIGRAD  
 ============== Negative diagonal element 5 in Error Matrix
 MINUIT WARNING IN MIGRAD  
 ============== 1.09788 added to diagonal of error matrix
 MIGRAD MINIMIZATION HAS CONVERGED.
 MIGRAD WILL VERIFY CONVERGENCE AND ERROR MATRIX.
 COVARIANCE MATRIX CALCULATED SUCCESSFULLY
 FCN=-36954.4 FROM MIGRAD    STATUS=CONVERGED     847 CALLS         848 TOTAL
                     EDM=0.000792022    STRATEGY= 2      ERROR MATRIX ACCURATE 
  EXT PARAMETER                                   STEP         FIRST   
  NO.   NAME      VALUE            ERROR          SIZE      DERIVATIVE 
   1  a1_Run1      1.54152e+00   3.19925e-01   2.20175e-02   8.21777e-04
   2  a2_Run1      1.58899e+00   2.27686e-01   7.06297e-02   5.34393e-05
   3  lambda_Run1  -2.49988e+00   5.46402e-01   1.15373e-02  -3.55217e-02
   4  mcnbkg_run1   1.00004e+00   9.51071e+01   2.04159e-02** at limit **
   5  mcnsig_run1   8.39092e+03   2.56226e+03   3.57919e-02  -2.34212e-03
   6  mean_Run1    5.61983e+03   8.90649e-02   1.19550e-02   1.50019e-02
   7  sigma_Run1   1.56137e+01   1.56678e+00   7.22009e-03  -9.40215e-02
   8  tau_run1    -9.79982e-08   9.32424e-06   5.00000e-01  -1.10803e-05
                               ERR DEF= 0.5
 EXTERNAL ERROR MATRIX.    NDIM=  25    NPAR=  8    ERR DEF=0.5
  1.207e-01 -1.239e-01 -1.464e-01 -1.653e-02 -1.959e+01  1.631e-03  5.485e-01  6.746e-08 
 -1.239e-01  1.428e-01  1.587e-01  1.964e-02  2.328e+01 -8.065e-04 -5.947e-01 -8.339e-08 
 -1.464e-01  1.587e-01  1.905e-01  1.679e-02  1.989e+01 -1.506e-03 -7.177e-01 -7.043e-08 
 -1.653e-02  1.964e-02  1.679e-02  1.441e-02  1.688e+01 -8.991e-05 -6.251e-02 -5.782e-08 
 -1.959e+01  2.328e+01  1.989e+01  1.688e+01  6.833e+04 -1.065e-01 -7.407e+01 -6.853e-05 
  1.631e-03 -8.065e-04 -1.506e-03 -8.991e-05 -1.065e-01  7.954e-03  5.621e-03  2.787e-10 
  5.485e-01 -5.947e-01 -7.177e-01 -6.251e-02 -7.407e+01  5.621e-03  2.731e+00  2.622e-07 
  6.746e-08 -8.339e-08 -7.043e-08 -5.782e-08 -6.853e-05  2.787e-10  2.622e-07  1.766e-08 
 PARAMETER  CORRELATION COEFFICIENTS  
       NO.  GLOBAL      1      2      3      4      5      6      7      8
        1  0.97136   1.000 -0.944 -0.966 -0.396 -0.216  0.053  0.955  0.001
        2  0.97208  -0.944  1.000  0.962  0.433  0.236 -0.024 -0.952 -0.002
        3  0.99702  -0.966  0.962  1.000  0.320  0.174 -0.039 -0.995 -0.001
        4  0.70953  -0.396  0.433  0.320  1.000  0.538 -0.008 -0.315 -0.004
        5  0.53777  -0.216  0.236  0.174  0.538  1.000 -0.005 -0.171 -0.002
        6  0.09390   0.053 -0.024 -0.039 -0.008 -0.005  1.000  0.038  0.000
        7  0.99532   0.955 -0.952 -0.995 -0.315 -0.171  0.038  1.000  0.001
        8  0.00363   0.001 -0.002 -0.001 -0.004 -0.002  0.000  0.001  1.000
 **********
 **    7 **SET ERR         0.5
 **********
 **********
 **    8 **SET PRINT           1
 **********
 **********
 **    9 **HESSE        4000
 **********
 COVARIANCE MATRIX CALCULATED SUCCESSFULLY
 FCN=-36954.4 FROM HESSE     STATUS=OK             83 CALLS         931 TOTAL
                     EDM=9.11813e-05    STRATEGY= 2      ERROR MATRIX ACCURATE 
  EXT PARAMETER                                INTERNAL      INTERNAL  
  NO.   NAME      VALUE            ERROR       STEP SIZE       VALUE   
   1  a1_Run1      1.54152e+00   2.15014e-01   1.76140e-04   3.05845e+00
   2  a2_Run1      1.58899e+00   2.35684e-01   1.13008e-04  -5.88436e-01
   3  lambda_Run1  -2.49988e+00   2.49573e-01   4.61491e-04  -2.52381e-01
   4  mcnbkg_run1   1.00004e+00   4.41945e+00   1.75740e-01  -3.92698e+01
                                 WARNING -   - ABOVE PARAMETER IS AT LIMIT.
   5  mcnsig_run1   8.39092e+03   3.33921e+01   5.00000e-01  -2.12047e+02
   6  mean_Run1    5.61983e+03   8.90161e-02   4.78199e-04  -1.67896e-01
   7  sigma_Run1   1.56137e+01   1.01792e+00   1.44402e-03   6.48920e+00
   8  tau_run1    -9.79982e-08   9.47509e-06   1.00000e-01   1.37349e+00
                               ERR DEF= 0.5
 EXTERNAL ERROR MATRIX.    NDIM=  25    NPAR=  8    ERR DEF=0.5
  4.943e-02 -4.467e-02 -5.469e-02 -1.436e-03 -3.104e-02  8.672e-04  2.041e-01 -4.211e-08 
 -4.467e-02  5.465e-02  5.690e-02  1.728e-03  3.740e-02  3.267e-05 -2.125e-01  6.035e-08 
 -5.469e-02  5.690e-02  7.355e-02  5.467e-04  1.187e-02 -5.265e-04 -2.783e-01  1.781e-08 
 -1.436e-03  1.728e-03  5.467e-04  6.673e-04  1.430e-02 -2.163e-06 -2.034e-03  2.082e-08 
 -3.104e-02  3.740e-02  1.187e-02  1.430e-02  1.622e+01 -4.541e-05 -4.412e-02  4.529e-07 
  8.672e-04  3.267e-05 -5.265e-04 -2.163e-06 -4.541e-05  7.945e-03  1.936e-03  2.492e-10 
  2.041e-01 -2.125e-01 -2.783e-01 -2.034e-03 -4.412e-02  1.936e-03  1.081e+00 -6.595e-08 
 -4.211e-08  6.035e-08  1.781e-08  2.082e-08  4.529e-07  2.492e-10 -6.595e-08  1.731e-08 
 PARAMETER  CORRELATION COEFFICIENTS  
       NO.  GLOBAL      1      2      3      4      5      6      7      8
        1  0.92833   1.000 -0.859 -0.907 -0.250 -0.035  0.044  0.883 -0.001
        2  0.92614  -0.859  1.000  0.897  0.286  0.040  0.002 -0.874  0.002
        3  0.99226  -0.907  0.897  1.000  0.078  0.011 -0.022 -0.987  0.000
        4  0.60708  -0.250  0.286  0.078  1.000  0.137 -0.001 -0.076  0.006
        5  0.13745  -0.035  0.040  0.011  0.137  1.000 -0.000 -0.011  0.001
        6  0.08826   0.044  0.002 -0.022 -0.001 -0.000  1.000  0.021  0.000
        7  0.98812   0.883 -0.874 -0.987 -0.076 -0.011  0.021  1.000 -0.000
        8  0.00615  -0.001  0.002  0.000  0.006  0.001  0.000 -0.000  1.000
 **********
 **   10 **SET ERR         0.5
 **********
 **********
 **   11 **SET PRINT           1
 **********
 **********
 **   12 **HESSE        4000
 **********
 COVARIANCE MATRIX CALCULATED SUCCESSFULLY
 FCN=-51812 FROM HESSE     STATUS=OK             97 CALLS        1028 TOTAL
                     EDM=1.0765    STRATEGY= 2      ERROR MATRIX ACCURATE 
  EXT PARAMETER                                INTERNAL      INTERNAL  
  NO.   NAME      VALUE            ERROR       STEP SIZE       VALUE   
   1  a1_Run1      1.54152e+00   2.84857e-01   3.59326e-03   3.05845e+00
   2  a2_Run1      1.58899e+00   2.23832e-01   2.30535e-03  -5.88436e-01
   3  lambda_Run1  -2.49988e+00   3.11804e-01   9.41441e-03  -2.52381e-01
   4  mcnbkg_run1   1.00004e+00   2.62927e+00   2.22387e-01  -3.92698e+01
                                 WARNING -   - ABOVE PARAMETER IS AT LIMIT.
   5  mcnsig_run1   8.39092e+03   2.38598e+01   5.00000e-01  -2.12047e+02
   6  mean_Run1    5.61983e+03   7.54014e-02   9.75525e-03  -1.67896e-01
   7  sigma_Run1   1.56137e+01   1.30638e+00   2.94580e-02   6.48920e+00
   8  tau_run1    -9.79982e-08   5.99526e-06   5.00000e-01   1.37349e+00
                               ERR DEF= 0.5
 EXTERNAL ERROR MATRIX.    NDIM=  25    NPAR=  8    ERR DEF=0.5
  9.195e-02 -7.742e-02 -1.059e-01 -1.040e-03 -2.624e-02  1.683e-03  3.911e-01  9.621e-09 
 -7.742e-02  7.415e-02  9.407e-02  1.103e-03  2.784e-02 -8.594e-04 -3.478e-01 -1.192e-08 
 -1.059e-01  9.407e-02  1.313e-01  4.373e-04  1.110e-02 -1.613e-03 -4.880e-01 -3.225e-09 
 -1.040e-03  1.103e-03  4.373e-04  3.970e-04  9.911e-03 -6.567e-06 -1.637e-03 -4.336e-09 
 -2.624e-02  2.784e-02  1.110e-02  9.911e-03  1.158e+01 -1.645e-04 -4.153e-02 -1.100e-07 
  1.683e-03 -8.594e-04 -1.613e-03 -6.567e-06 -1.645e-04  5.696e-03  5.927e-03  2.249e-12 
  3.911e-01 -3.478e-01 -4.880e-01 -1.637e-03 -4.153e-02  5.927e-03  1.833e+00  1.207e-08 
  9.621e-09 -1.192e-08 -3.225e-09 -4.336e-09 -1.100e-07  2.249e-12  1.207e-08  8.325e-09 
 PARAMETER  CORRELATION COEFFICIENTS  
       NO.  GLOBAL      1      2      3      4      5      6      7      8
        1  0.97148   1.000 -0.938 -0.963 -0.172 -0.025  0.074  0.953  0.000
        2  0.96555  -0.938  1.000  0.953  0.203  0.030 -0.042 -0.943 -0.000
        3  0.99687  -0.963  0.953  1.000  0.061  0.009 -0.059 -0.995 -0.000
        4  0.60212  -0.172  0.203  0.061  1.000  0.146 -0.004 -0.061 -0.002
        5  0.14617  -0.025  0.030  0.009  0.146  1.000 -0.001 -0.009 -0.000
        6  0.10725   0.074 -0.042 -0.059 -0.004 -0.001  1.000  0.058  0.000
        7  0.99507   0.953 -0.943 -0.995 -0.061 -0.009  0.058  1.000  0.000
        8  0.00239   0.000 -0.000 -0.000 -0.002 -0.000  0.000  0.000  1.000
reduceEng varSubset = (Lb_DTF_M_JpsiLConstr) _wgtVar = totWt
 **********
 **   13 **SET PRINT           1
 **********
 **********
 **   14 **SET NOGRAD
 **********
 PARAMETER DEFINITIONS:
    NO.   NAME         VALUE      STEP SIZE      LIMITS
     1 a1_Run2      2.00000e+00  1.00000e-01    1.50000e+00  2.50000e+00
     2 a2_Run2      1.75000e+00  2.00000e-01    1.00000e+00  3.00000e+00
     3 lambda_Run2  -2.30000e+00  8.00000e-02   -2.80000e+00 -2.00000e+00
     4 mcnbkg_run2   1.20268e+04  2.40516e+03    1.00000e+00  2.40526e+04
     5 mcnsig_run2   2.40476e+04  2.50000e+00    1.20263e+04  2.40526e+04
     6 mean_Run2    5.61960e+03  2.00000e-01    5.61900e+03  5.62100e+03
     7 sigma_Run2   1.40000e+01  6.00000e-01    1.10000e+01  1.70000e+01
     8 tau_run2    -1.00000e-07  4.95000e-08   -1.00000e-05 -1.00000e-09
 **********
 **   15 **SET ERR         0.5
 **********
 **********
 **   16 **SET PRINT           1
 **********
 **********
 **   17 **SET STR           2
 **********
 NOW USING STRATEGY  2: MAKE SURE MINIMUM TRUE, ERRORS CORRECT  
 **********
 **   18 **MIGRAD        4000           1
 **********
 FIRST CALL TO USER FUNCTION AT NEW START POINT, WITH IFLAG=4.
 START MIGRAD MINIMIZATION.  STRATEGY  2.  CONVERGENCE WHEN EDM .LT. 1.00e-03
 MINUIT WARNING IN HESSE   
 ============== Negative diagonal element 5 in Error Matrix
 MINUIT WARNING IN HESSE   
 ============== Negative diagonal element 8 in Error Matrix
 MINUIT WARNING IN HESSE   
 ============== 673.592 added to diagonal of error matrix
 COVARIANCE MATRIX CALCULATED SUCCESSFULLY
 FCN=-121994 FROM HESSE     STATUS=OK             85 CALLS          86 TOTAL
                     EDM=29166    STRATEGY= 2      ERROR MATRIX ACCURATE 
  EXT PARAMETER                                   STEP         FIRST   
  NO.   NAME      VALUE            ERROR          SIZE      DERIVATIVE 
   1  a1_Run2      2.00000e+00   1.85555e-02   5.00000e-01  -4.77137e+01
   2  a2_Run2      1.75000e+00   3.03277e-02   4.10061e-01  -1.70579e+02
   3  lambda_Run2  -2.30000e+00   1.36990e-02   4.77216e-01   2.33923e+02
   4  mcnbkg_run2   1.20268e+04   3.06231e+02   2.48644e-01   9.30401e+03
   5  mcnsig_run2   2.40476e+04   7.52508e+03   1.07679e-01   2.76983e+01
   6  mean_Run2    5.61960e+03   3.12337e-02   5.00000e-01  -1.55679e+02
   7  sigma_Run2   1.40000e+01   8.13961e-02   2.54629e-01   1.80979e+02
   8  tau_run2    -1.00000e-07   3.81355e-08   5.00000e-01   7.42199e-05
                               ERR DEF= 0.5
 MINUIT WARNING IN MIGRAD  
 ============== Negative diagonal element 5 in Error Matrix
 MINUIT WARNING IN MIGRAD  
 ============== 1.06616 added to diagonal of error matrix
 MIGRAD FAILS TO FIND IMPROVEMENT
 MIGRAD MINIMIZATION HAS CONVERGED.
 MIGRAD WILL VERIFY CONVERGENCE AND ERROR MATRIX.
 MINUIT WARNING IN HESSE   
 ============== Negative diagonal element 8 in Error Matrix
 MINUIT WARNING IN HESSE   
 ============== 1.00001 added to diagonal of error matrix
 COVARIANCE MATRIX CALCULATED SUCCESSFULLY
 FCN=-130192 FROM HESSE     STATUS=OK             73 CALLS         742 TOTAL
                     EDM=0.000522107    STRATEGY= 2      ERROR MATRIX ACCURATE 
  EXT PARAMETER                                   STEP         FIRST   
  NO.   NAME      VALUE            ERROR          SIZE      DERIVATIVE 
   1  a1_Run2      1.96033e+00   1.11562e-01   4.52709e-02   6.89567e-02
   2  a2_Run2      2.19753e+00   1.41410e-01   2.99218e-02   1.09428e-01
   3  lambda_Run2  -2.02203e+00   4.32976e-02   3.04152e-02  -1.01198e-01
   4  mcnbkg_run2   1.00020e+00   6.76534e+00   8.37291e-03** at limit **
   5  mcnsig_run2   2.40519e+04   4.66502e+02   1.16384e-01   9.32984e-04
   6  mean_Run2    5.62012e+03   5.43579e-02   1.36296e-02  -6.72530e-03
   7  sigma_Run2   1.42705e+01   2.09344e-01   7.40149e-03  -6.14444e-01
   8  tau_run2    -1.00455e-07   2.25254e-06   5.00000e-01   1.77177e-06
                               ERR DEF= 0.5
 MIGRAD FAILS TO FIND IMPROVEMENT
 MIGRAD MINIMIZATION HAS CONVERGED.
 MIGRAD WILL VERIFY CONVERGENCE AND ERROR MATRIX.
 MINUIT WARNING IN HESSE   
 ============== Negative diagonal element 8 in Error Matrix
 MINUIT WARNING IN HESSE   
 ============== 1.00001 added to diagonal of error matrix
 COVARIANCE MATRIX CALCULATED SUCCESSFULLY
 FCN=-130192 FROM MIGRAD    STATUS=CONVERGED     867 CALLS         868 TOTAL
                     EDM=0.000618478    STRATEGY= 2      ERROR MATRIX ACCURATE 
  EXT PARAMETER                                   STEP         FIRST   
  NO.   NAME      VALUE            ERROR          SIZE      DERIVATIVE 
   1  a1_Run2      1.95556e+00   1.15173e-01   4.52147e-02  -3.54855e-02
   2  a2_Run2      2.19146e+00   1.45057e-01   2.97050e-02  -5.94517e-02
   3  lambda_Run2  -2.02419e+00   4.69929e-02   2.94737e-02   1.57314e-01
   4  mcnbkg_run2   1.00005e+00   6.64311e+00   8.24588e-03** at limit **
   5  mcnsig_run2   2.40519e+04   1.98148e+03   1.86215e-02   8.30300e-04
   6  mean_Run2    5.62012e+03   5.43686e-02   1.36321e-02   5.91271e-03
   7  sigma_Run2   1.42821e+01   2.24750e-01   7.41419e-03   3.40119e-01
   8  tau_run2    -1.00460e-07   2.25254e-06   5.00000e-01   1.77155e-06
                               ERR DEF= 0.5
 EXTERNAL ERROR MATRIX.    NDIM=  25    NPAR=  8    ERR DEF=0.5
  1.351e-02  6.578e-03  3.452e-03  1.888e-04 -1.074e-03 -3.207e-04 -1.301e-02  5.898e-14 
  6.578e-03  2.120e-02  4.088e-03  2.553e-04 -1.452e-03  2.040e-04 -1.580e-02 -6.077e-14 
  3.452e-03  4.088e-03  2.301e-03  1.315e-05 -7.474e-05 -1.546e-05 -9.849e-03  1.845e-15 
  1.888e-04  2.553e-04  1.315e-05  1.362e-03 -5.604e-03 -2.112e-06 -4.500e-05  2.733e-14 
 -1.074e-03 -1.452e-03 -7.474e-05 -5.604e-03  5.961e+03  1.202e-05  2.558e-04 -1.123e-13 
 -3.207e-04  2.040e-04 -1.546e-05 -2.112e-06  1.202e-05  2.959e-03  1.851e-06 -1.473e-15 
 -1.301e-02 -1.580e-02 -9.849e-03 -4.500e-05  2.558e-04  1.851e-06  5.061e-02 -4.618e-15 
  5.898e-14 -6.077e-14  1.845e-15  2.733e-14 -1.123e-13 -1.473e-15 -4.618e-15  9.846e-13 
 PARAMETER  CORRELATION COEFFICIENTS  
       NO.  GLOBAL      1      2      3      4      5      6      7      8
        1  0.64383   1.000  0.389  0.619  0.044 -0.000 -0.051 -0.497  0.000
        2  0.60146   0.389  1.000  0.585  0.048 -0.000  0.026 -0.482 -0.000
        3  0.94159   0.619  0.585  1.000  0.007 -0.000 -0.006 -0.913  0.000
        4  0.07376   0.044  0.048  0.007  1.000 -0.002 -0.001 -0.005  0.000
        5  0.00197  -0.000 -0.000 -0.000 -0.002  1.000  0.000  0.000 -0.000
        6  0.07177  -0.051  0.026 -0.006 -0.001  0.000  1.000  0.000 -0.000
        7  0.91877  -0.497 -0.482 -0.913 -0.005  0.000  0.000  1.000 -0.000
        8  0.00000   0.000 -0.000  0.000  0.000 -0.000 -0.000 -0.000  1.000
 **********
 **   19 **SET ERR         0.5
 **********
 **********
 **   20 **SET PRINT           1
 **********
 **********
 **   21 **HESSE        4000
 **********
 MINUIT WARNING IN HESSE   
 ============== Negative diagonal element 8 in Error Matrix
 MINUIT WARNING IN HESSE   
 ============== 1.00001 added to diagonal of error matrix
 COVARIANCE MATRIX CALCULATED SUCCESSFULLY
 FCN=-130192 FROM HESSE     STATUS=OK             71 CALLS         939 TOTAL
                     EDM=0.00147924    STRATEGY= 2      ERROR MATRIX ACCURATE 
  EXT PARAMETER                                INTERNAL      INTERNAL  
  NO.   NAME      VALUE            ERROR       STEP SIZE       VALUE   
   1  a1_Run2      1.95556e+00   1.61861e-01   1.80859e-03  -8.90054e-02
   2  a2_Run2      2.19146e+00   1.99091e-01   1.18820e-03   1.92651e-01
   3  lambda_Run2  -2.02419e+00   8.10868e-02   1.17895e-03   1.22126e+00
   4  mcnbkg_run2   1.00005e+00   6.65392e+00   1.64918e-03  -1.57070e+00
                                 WARNING -   - ABOVE PARAMETER IS AT LIMIT.
   5  mcnsig_run2   2.40519e+04   3.22043e+01   5.00000e-01  -4.72775e+00
   6  mean_Run2    5.62012e+03   5.43883e-02   5.45283e-04   1.17192e-01
   7  sigma_Run2   1.42821e+01   3.94311e-01   1.48284e-03   9.41688e-02
   8  tau_run2    -1.00460e-07   2.25254e-06   1.00000e-01   1.37100e+00
                               ERR DEF= 0.5
 EXTERNAL ERROR MATRIX.    NDIM=  25    NPAR=  8    ERR DEF=0.5
  2.718e-02  2.266e-02  1.188e-02  5.312e-05  2.585e-04 -4.173e-04 -5.077e-02 -1.646e-13 
  2.266e-02  4.019e-02  1.407e-02  6.951e-05  3.382e-04  1.248e-04 -6.056e-02  2.003e-13 
  1.188e-02  1.407e-02  7.530e-03  1.004e-05  4.888e-05 -6.251e-05 -3.337e-02 -4.408e-15 
  5.312e-05  6.951e-05  1.004e-05  1.365e-03  7.344e-04 -5.668e-07 -4.135e-05 -1.769e-14 
  2.585e-04  3.382e-04  4.888e-05  7.344e-04  9.146e+01 -2.758e-06 -2.012e-04 -8.646e-14 
 -4.173e-04  1.248e-04 -6.251e-05 -5.668e-07 -2.758e-06  2.961e-03  2.028e-04  5.339e-15 
 -5.077e-02 -6.056e-02 -3.337e-02 -4.135e-05 -2.012e-04  2.028e-04  1.564e-01  1.106e-14 
 -1.646e-13  2.003e-13 -4.408e-15 -1.769e-14 -8.646e-14  5.339e-15  1.106e-14  9.846e-13 
 PARAMETER  CORRELATION COEFFICIENTS  
       NO.  GLOBAL      1      2      3      4      5      6      7      8
        1  0.84036   1.000  0.686  0.831  0.009  0.000 -0.047 -0.779 -0.000
        2  0.81498   0.686  1.000  0.809  0.009  0.000  0.011 -0.764  0.000
        3  0.98250   0.831  0.809  1.000  0.003  0.000 -0.013 -0.972 -0.000
        4  0.01648   0.009  0.009  0.003  1.000  0.002 -0.000 -0.003 -0.000
        5  0.00210   0.000  0.000  0.000  0.002  1.000 -0.000 -0.000 -0.000
        6  0.07699  -0.047  0.011 -0.013 -0.000 -0.000  1.000  0.009  0.000
        7  0.97445  -0.779 -0.764 -0.972 -0.003 -0.000  0.009  1.000  0.000
        8  0.00000  -0.000  0.000 -0.000 -0.000 -0.000  0.000  0.000  1.000
 **********
 **   22 **SET ERR         0.5
 **********
 **********
 **   23 **SET PRINT           1
 **********
 **********
 **   24 **HESSE        4000
 **********
 MINUIT WARNING IN HESSE   
 ============== Negative diagonal element 8 in Error Matrix
 MINUIT WARNING IN HESSE   
 ============== 1.00001 added to diagonal of error matrix
 COVARIANCE MATRIX CALCULATED SUCCESSFULLY
 FCN=-152252 FROM HESSE     STATUS=OK             97 CALLS        1036 TOTAL
                     EDM=25.739    STRATEGY= 2      ERROR MATRIX ACCURATE 
  EXT PARAMETER                                INTERNAL      INTERNAL  
  NO.   NAME      VALUE            ERROR       STEP SIZE       VALUE   
   1  a1_Run2      1.95556e+00   1.30420e-01   3.68952e-02  -8.90054e-02
   2  a2_Run2      2.19146e+00   1.88758e-01   2.42393e-02   1.92651e-01
   3  lambda_Run2  -2.02419e+00   2.30995e-02   2.40505e-02   1.22126e+00
   4  mcnbkg_run2   1.00005e+00   5.00421e+00   2.12075e-01  -1.57070e+00
                                 WARNING -   - ABOVE PARAMETER IS AT LIMIT.
   5  mcnsig_run2   2.40519e+04   2.82852e+01   5.00000e-01  -4.72775e+00
   6  mean_Run2    5.62012e+03   5.03318e-02   1.11238e-02   1.17192e-01
   7  sigma_Run2   1.42821e+01   1.26503e-01   3.02499e-02   9.41688e-02
   8  tau_run2    -1.00460e-07   2.25254e-06   5.00000e-01   1.37100e+00
                               ERR DEF= 0.5
 EXTERNAL ERROR MATRIX.    NDIM=  25    NPAR=  8    ERR DEF=0.5
  1.741e-02  1.351e-02  1.405e-03  2.612e-03  1.184e-01 -4.164e-04 -2.860e-03  1.010e-12 
  1.351e-02  3.608e-02  2.023e-03  3.942e-03  1.787e-01  1.919e-04 -4.724e-03  1.306e-12 
  1.405e-03  2.023e-03  5.387e-04  1.602e-04  7.265e-03 -8.976e-06 -2.126e-03  5.674e-14 
  2.612e-03  3.942e-03  1.602e-04  1.026e-03  4.643e-02 -2.562e-05 -3.796e-04  3.690e-13 
  1.184e-01  1.787e-01  7.265e-03  4.643e-02  8.032e+01 -1.161e-03 -1.720e-02  1.672e-11 
 -4.164e-04  1.919e-04 -8.976e-06 -2.562e-05 -1.161e-03  2.535e-03 -3.679e-05 -1.237e-14 
 -2.860e-03 -4.724e-03 -2.126e-03 -3.796e-04 -1.720e-02 -3.679e-05  1.601e-02 -1.305e-13 
  1.010e-12  1.306e-12  5.674e-14  3.690e-13  1.672e-11 -1.237e-14 -1.305e-13  9.846e-13 
 PARAMETER  CORRELATION COEFFICIENTS  
       NO.  GLOBAL      1      2      3      4      5      6      7      8
        1  0.72757   1.000  0.539  0.459  0.618  0.100 -0.063 -0.171  0.000
        2  0.74086   0.539  1.000  0.459  0.648  0.105  0.020 -0.197  0.000
        3  0.83703   0.459  0.459  1.000  0.216  0.035 -0.008 -0.724  0.000
        4  0.75922   0.618  0.648  0.216  1.000  0.162 -0.016 -0.094  0.000
        5  0.16172   0.100  0.105  0.035  0.162  1.000 -0.003 -0.015  0.000
        6  0.08998  -0.063  0.020 -0.008 -0.016 -0.003  1.000 -0.006 -0.000
        7  0.75993  -0.171 -0.197 -0.724 -0.094 -0.015 -0.006  1.000 -0.000
        8  0.00001   0.000  0.000  0.000  0.000  0.000 -0.000 -0.000  1.000
Importing Run 1 data
Done making RooDataHist
RooDataHist::ds1[Lb_DTF_M_JpsiLConstr] = 325 bins (7056 weights)
Done importing Run 1 data
Importing Run 2 data
Done making RooDataHist
RooDataHist::ds2[Lb_DTF_M_JpsiLConstr] = 325 bins (27577 weights)
Done importing Run 2 data
before sb fit
 **********
 **    1 **SET PRINT           1
 **********
 **********
 **    2 **SET NOGRAD
 **********
 PARAMETER DEFINITIONS:
    NO.   NAME         VALUE      STEP SIZE      LIMITS
     1 slope_Run2  -2.00000e+00  2.50000e-01   -5.00000e+00  0.00000e+00
 **********
 **    3 **SET ERR         0.5
 **********
 **********
 **    4 **SET PRINT           1
 **********
 **********
 **    5 **SET STR           1
 **********
 NOW USING STRATEGY  1: TRY TO BALANCE SPEED AGAINST RELIABILITY
 **********
 **    6 **MIGRAD         500           1
 **********
 FIRST CALL TO USER FUNCTION AT NEW START POINT, WITH IFLAG=4.
 START MIGRAD MINIMIZATION.  STRATEGY  1.  CONVERGENCE WHEN EDM .LT. 1.00e-03
 FCN=140.433 FROM MIGRAD    STATUS=INITIATE        4 CALLS           5 TOTAL
                     EDM= unknown      STRATEGY= 1      NO ERROR MATRIX       
  EXT PARAMETER               CURRENT GUESS       STEP         FIRST   
  NO.   NAME      VALUE            ERROR          SIZE      DERIVATIVE 
   1  slope_Run2  -2.00000e+00   2.50000e-01   1.02263e-01   3.10756e+01
                               ERR DEF= 0.5
 MIGRAD MINIMIZATION HAS CONVERGED.
 MIGRAD WILL VERIFY CONVERGENCE AND ERROR MATRIX.
 COVARIANCE MATRIX CALCULATED SUCCESSFULLY
 FCN=139.329 FROM MIGRAD    STATUS=CONVERGED      21 CALLS          22 TOTAL
                     EDM=1.45848e-07    STRATEGY= 1      ERROR MATRIX ACCURATE 
  EXT PARAMETER                                   STEP         FIRST   
  NO.   NAME      VALUE            ERROR          SIZE      DERIVATIVE 
   1  slope_Run2  -2.21132e+00   1.76758e-01   5.71883e-04   5.36079e-03
                               ERR DEF= 0.5
 EXTERNAL ERROR MATRIX.    NDIM=  25    NPAR=  1    ERR DEF=0.5
  3.130e-02 
 **********
 **    7 **SET ERR         0.5
 **********
 **********
 **    8 **SET PRINT           1
 **********
 **********
 **    9 **HESSE         500
 **********
 COVARIANCE MATRIX CALCULATED SUCCESSFULLY
 FCN=139.329 FROM HESSE     STATUS=OK              5 CALLS          27 TOTAL
                     EDM=1.45511e-07    STRATEGY= 1      ERROR MATRIX ACCURATE 
  EXT PARAMETER                                INTERNAL      INTERNAL  
  NO.   NAME      VALUE            ERROR       STEP SIZE       VALUE   
   1  slope_Run2  -2.21132e+00   1.76758e-01   1.14377e-04   1.15731e-01
                               ERR DEF= 0.5
 EXTERNAL ERROR MATRIX.    NDIM=  25    NPAR=  1    ERR DEF=0.5
  3.130e-02 
RooDataHist::combData[sample,Lb_DTF_M_JpsiLConstr] = 650 bins (34633 weights)
Done importing combData and simPdf
**********Printing w after all imports***********

RooWorkspace(w) w contents

variables
---------
(Lb_DTF_M_JpsiLConstr,R,R_1405,R_1520,R_1600,a1_Run1,a1_Run2,a2_Run1,a2_Run2,eff_ratio1,eff_ratio2,eff_ratio_1405_1,eff_ratio_1405_2,eff_ratio_1520_1,eff_ratio_1520_2,eff_ratio_1600_1,eff_ratio_1600_2,geff_ratio1,geff_ratio2,geff_ratio_1405_1,geff_ratio_1405_2,geff_ratio_1520_1,geff_ratio_1520_2,geff_ratio_1600_1,geff_ratio_1600_2,gnXib1,gnXib2,gshift_Xib,lambda_Run1,lambda_Run2,mcnbkg_run1,mcnbkg_run2,mcnsig_run1,mcnsig_run2,mean_Run1,mean_Run2,miscLstMean_Run1,miscLstMean_Run2,miscLstSigma_Run1,miscLstSigma_Run2,nBkg_Run1,nBkg_Run2,nJpsiKs_Run1,nJpsiKs_Run2,nLb_Run1,nLb_Run2,nMiscLst_Run1,nMiscLst_Run2,nXib1,nXib2,nXib_JpsiLambda_Run1,nXib_JpsiLambda_Run2,sample,shift_Xib,sigma_Run1,sigma_Run2,slope_Run1,slope_Run2,tau_run1,tau_run2)

p.d.f.s
-------
RooExponential::Bkg_Run1[ x=Lb_DTF_M_JpsiLConstr c=Bkg_Run1_2 ] = 2.14265e-24
RooExponential::Bkg_Run2[ x=Lb_DTF_M_JpsiLConstr c=Bkg_Run2_2 ] = 2.81865e-15
RooKeysPdf::JPSIKS_RUN1[ x=Lb_DTF_M_JpsiLConstr ] = 0.00482423
RooKeysPdf::JPSIKS_RUN2[ x=Lb_DTF_M_JpsiLConstr ] = 0.00469643
RooKeysPdf::LST1405_Run1[ x=Lb_DTF_M_JpsiLConstr ] = 0.000186289
RooKeysPdf::LST1405_Run2[ x=Lb_DTF_M_JpsiLConstr ] = 0.000186787
RooKeysPdf::LST1520_Run1[ x=Lb_DTF_M_JpsiLConstr ] = 8.05637e-05
RooKeysPdf::LST1520_Run2[ x=Lb_DTF_M_JpsiLConstr ] = 7.59278e-05
RooKeysPdf::LST1600_Run1[ x=Lb_DTF_M_JpsiLConstr ] = 5.43037e-05
RooKeysPdf::LST1600_Run2[ x=Lb_DTF_M_JpsiLConstr ] = 5.65461e-05
RooHypatia2::Lb_Run1[ x=Lb_DTF_M_JpsiLConstr l=lambda_Run1 zeta=0 fb=0 sigma=sigma_Run1 mu=mean_Run1 a=a1_Run1 n=2 a2=a2_Run1 n2=2 ] = 0.000136716
RooHypatia2::Lb_Run2[ x=Lb_DTF_M_JpsiLConstr l=lambda_Run2 zeta=0 fb=0 sigma=sigma_Run2 mu=mean_Run2 a=a1_Run2 n=2 a2=a2_Run2 n2=2 ] = 0.000150487
RooKeysPdf::SIG_Run1[ x=Lb_DTF_M_JpsiLConstr ] = 0.00427989
RooKeysPdf::SIG_Run2[ x=Lb_DTF_M_JpsiLConstr ] = 0.00416954
RooKeysPdf::XIB_RUN1[ x=Lb_DTF_M_JpsiLConstr ] = 0.00233191
RooKeysPdf::XIB_RUN2[ x=Lb_DTF_M_JpsiLConstr ] = 0.0019847
RooHypatia2::Xib_Run1[ x=Lb_DTF_M_JpsiLConstr l=lambda_Run1 zeta=0 fb=0 sigma=sigma_Run1 mu=XibMean_Run1 a=a1_Run1 n=2 a2=a2_Run1 n2=2 ] = 3.10729e-05
RooHypatia2::Xib_Run2[ x=Lb_DTF_M_JpsiLConstr l=lambda_Run2 zeta=0 fb=0 sigma=sigma_Run2 mu=XibMean_Run2 a=a1_Run2 n=2 a2=a2_Run2 n2=2 ] = 3.39705e-05
RooGaussian::eff_ratio_1405_constraint1[ x=geff_ratio_1405_1 mean=eff_ratio_1405_1 sigma=0.007585 ] = 1
RooGaussian::eff_ratio_1405_constraint2[ x=geff_ratio_1405_2 mean=eff_ratio_1405_2 sigma=0.009068 ] = 1
RooGaussian::eff_ratio_1520_constraint1[ x=geff_ratio_1520_1 mean=eff_ratio_1520_1 sigma=0.00663 ] = 1
RooGaussian::eff_ratio_1520_constraint2[ x=geff_ratio_1520_2 mean=eff_ratio_1520_2 sigma=0.009527 ] = 1
RooGaussian::eff_ratio_1600_constraint1[ x=geff_ratio_1600_1 mean=eff_ratio_1600_1 sigma=0.00583 ] = 1
RooGaussian::eff_ratio_1600_constraint2[ x=geff_ratio_1600_2 mean=eff_ratio_1600_2 sigma=0.006996 ] = 1
RooGaussian::eff_ratio_constraint1[ x=geff_ratio1 mean=eff_ratio1 sigma=0.027606 ] = 1
RooGaussian::eff_ratio_constraint2[ x=geff_ratio2 mean=eff_ratio2 sigma=0.012734 ] = 1
RooGaussian::lstLump_Run1[ x=Lb_DTF_M_JpsiLConstr mean=miscLstMean_Run1 sigma=miscLstSigma_Run1 ] = 1.8585e-12
RooGaussian::lstLump_Run2[ x=Lb_DTF_M_JpsiLConstr mean=miscLstMean_Run2 sigma=miscLstSigma_Run2 ] = 1.8585e-12
RooAddPdf::mcFit_Run1[ mcnsig_run1 * Lb_Run1 + mcnbkg_run1 * mcbkg_Run1 ] = 0.000255803
RooAddPdf::mcFit_Run2[ mcnsig_run2 * Lb_Run2 + mcnbkg_run2 * mcbkg_Run2 ] = 0.000192035
RooExponential::mcbkg_Run1[ x=Lb_DTF_M_JpsiLConstr c=tau_run1 ] = 0.999466
RooExponential::mcbkg_Run2[ x=Lb_DTF_M_JpsiLConstr c=tau_run2 ] = 0.999453
