Info in <StandardHypoTestInvDemo>: Model ModelConfig has no snapshot  - make one using model poi
Info in <StandardHypoTestInvDemo>: Using Minuit as minimizer for computing the test statistic
Info in <StandardHypoTestInvDemo>:  Doing a first fit to the observed data 
Info in <TCanvas::Print>: pdf file ../plots/ANA/CLs_Hypatia_Expo_4700_6200_config6.pdf has been created
#######################################
Input file exists! Hurray!
Printing contents of w1 from input file

RooWorkspace(w1) w1 contents

variables
---------
(GB_WT,Lb_DTF_M_JpsiLConstr,sample,totWt,wt_tau)

p.d.f.s
-------
RooKeysPdf::JPSIKS_RUN1[ x=Lb_DTF_M_JpsiLConstr ] = 0.00481609
RooKeysPdf::JPSIKS_RUN2[ x=Lb_DTF_M_JpsiLConstr ] = 0.00469856
RooKeysPdf::LST1405_Run1[ x=Lb_DTF_M_JpsiLConstr ] = 0.000203021
RooKeysPdf::LST1405_Run2[ x=Lb_DTF_M_JpsiLConstr ] = 0.000210186
RooKeysPdf::LST1520_Run1[ x=Lb_DTF_M_JpsiLConstr ] = 8.93526e-05
RooKeysPdf::LST1520_Run2[ x=Lb_DTF_M_JpsiLConstr ] = 8.16433e-05
RooKeysPdf::LST1600_Run1[ x=Lb_DTF_M_JpsiLConstr ] = 5.96471e-05
RooKeysPdf::LST1600_Run2[ x=Lb_DTF_M_JpsiLConstr ] = 5.98058e-05
RooKeysPdf::SIG_Run1[ x=Lb_DTF_M_JpsiLConstr ] = 0.00403469
RooKeysPdf::SIG_Run2[ x=Lb_DTF_M_JpsiLConstr ] = 0.00422434
RooKeysPdf::XIB_RUN1[ x=Lb_DTF_M_JpsiLConstr ] = 0.00248007
RooKeysPdf::XIB_RUN2[ x=Lb_DTF_M_JpsiLConstr ] = 0.00189868

datasets
--------
RooDataSet::ds_sig_Run1(Lb_DTF_M_JpsiLConstr,GB_WT,wt_tau,totWt)
RooDataSet::ds_sig_wt_Run1(Lb_DTF_M_JpsiLConstr)
RooDataSet::ds_sig_Run2(Lb_DTF_M_JpsiLConstr,GB_WT,wt_tau,totWt)
RooDataSet::ds_sig_wt_Run2(Lb_DTF_M_JpsiLConstr)
RooDataSet::ds_1405_Run1(Lb_DTF_M_JpsiLConstr)
RooDataSet::ds_1405_Run2(Lb_DTF_M_JpsiLConstr)
RooDataSet::ds_1520_Run1(Lb_DTF_M_JpsiLConstr)
RooDataSet::ds_1520_Run2(Lb_DTF_M_JpsiLConstr)
RooDataSet::ds_1600_Run1(Lb_DTF_M_JpsiLConstr)
RooDataSet::ds_1600_Run2(Lb_DTF_M_JpsiLConstr)
RooDataSet::ds_xi_Run1(Lb_DTF_M_JpsiLConstr,GB_WT)
RooDataSet::ds_xi_wt_Run1(Lb_DTF_M_JpsiLConstr)
RooDataSet::ds_xi_Run2(Lb_DTF_M_JpsiLConstr,GB_WT)
RooDataSet::ds_xi_wt_Run2(Lb_DTF_M_JpsiLConstr)
RooDataSet::ds_jpsiks_Run1(Lb_DTF_M_JpsiLConstr)
RooDataSet::ds_jpsiks_Run2(Lb_DTF_M_JpsiLConstr)
RooDataHist::ds1(Lb_DTF_M_JpsiLConstr)
RooDataHist::ds2(Lb_DTF_M_JpsiLConstr)
RooDataHist::combData(sample,Lb_DTF_M_JpsiLConstr)

#######################################
[#1] INFO:Eval -- RooRealVar::setRange(Lb_DTF_M_JpsiLConstr) new range named 'signal_window' created with bounds [5365,5600]
[#1] INFO:Eval -- RooRealVar::setRange(Lb_DTF_M_JpsiLConstr) new range named 'sideband_window' created with bounds [5800,6200]
[#1] INFO:Eval -- RooRealVar::setRange(Lb_DTF_M_JpsiLConstr) new range named 'simFit_window' created with bounds [5500,5740]
@@@@@@@@@@@@@@@@@@@@@@@@@@@@@@@@@@@@@@@
Get Xib Normalization
@@@@@@@@@@@@@@@@@@@@@@@@@@@@@@@@@@@@@@@
xibYield = 36.361+/-7.75666+/-3.27249
UNWEIGHTED Xib->JpsiXi Eff = 0.0631 % +/- 0.0014 %
WEIGHTED Xib->JpsiXi Eff = 0.0728 % +/- 0.0015 %
UNWEIGHTED Xib->JpsiLambda Eff = 0.0109 % +/-0.0006 %
WEIGHTED Xib->JpsiLambda Eff = 0.0182 % +/-0.0008 %
UNWEIGTED Norm = 12.1002729314+/-2.58127397585+/-1.48384608309
WEIGHTED Norm = 17.4137729868+/-3.7147690211+/-2.06498955322
BREAKUP OF SYSTEMATICS:
Overall Syst     = 11.8583695491%
*Tracking        = 5.0%
*Xi Vtx          = 1.4%
*Xib Yield       = 9.0%
*Xib->JpsiL eff  = 4.16697211164%
*Xib->JpsiXi eff = 2.08057811171%
*tauXib-/tauXib0 = 3.3118675253%
************************************************
The UNWEIGHTED LL Xib normalization for Run 1 is 12.1003 +/- 2.58127 +/- 1.48385
The WEIGHTED LL Xib normalization for Run 1 is 17.4138 +/- 3.71477 +/- 2.06499
************************************************
xibYield = 173.281+/-16.4207+/-10.39686
UNWEIGHTED Xib->JpsiXi Eff = 0.0650 % +/- 0.0014 %
WEIGHTED Xib->JpsiXi Eff = 0.0725 % +/- 0.0015 %
UNWEIGHTED Xib->JpsiLambda Eff = 0.0164 % +/-0.0007 %
WEIGHTED Xib->JpsiLambda Eff = 0.0211 % +/-0.0008 %
UNWEIGTED Norm = 83.6908187879+/-7.93082812352+/-8.20148554019
WEIGHTED Norm = 97.0094116588+/-9.19294351963+/-9.34072015535
BREAKUP OF SYSTEMATICS:
Overall Syst     = 9.62867416226%
*Tracking        = 5.0%
*Xi Vtx          = 1.4%
*Xib Yield       = 6.0%
*Xib->JpsiL eff  = 3.79075754548%
*Xib->JpsiXi eff = 2.10072769515%
*tauXib-/tauXib0 = 3.3118675253%
************************************************
The UNWEIGHTED LL Xib normalization for Run 2 is 83.6908 +/- 7.93083 +/- 8.20149
The WEIGHTED LL Xib normalization for Run 2 is 97.0094 +/- 9.19294 +/- 9.34072
************************************************
@@@@@@@@@@@@@@@@@@@@@@@@@@@@@@@@@@@@@@@
Get Lb -> J/psi Lambda efficiency
@@@@@@@@@@@@@@@@@@@@@@@@@@@@@@@@@@@@@@@
************************************************
Run 1 UNWEIGHTED Jpsi Lambda Eff = 0.0942842 % +/- 0.00120034 %
Run 1 WEIGHTED Jpsi Lambda Eff = 0.110152 % +/- 0.00135603 %
************************************************
************************************************
Run 2 UNWEIGHTED Jpsi Lambda Eff = 0.113771 % +/- 0.000821003 %
Run 2 WEIGHTED Jpsi Lambda Eff = 0.111314 % +/- 0.000849257 %
************************************************
@@@@@@@@@@@@@@@@@@@@@@@@@@@@@@@@@@@@@@@
Get Lb -> J/psi Sigma efficiency and shape
@@@@@@@@@@@@@@@@@@@@@@@@@@@@@@@@@@@@@@@
************************************************
Run 1 UNWEIGHTED Jpsi Sigma Eff = 0.0762009 % +/- 0.00164124 %
Run 1 WEIGHTED Jpsi Sigma Eff = 0.0888873 % +/- 0.00187512 %
************************************************
***************************************
Run 1 UNWEIGHTED Lambda/Sigma efficiency ratio = 1.23731 +/- 0.030957
Run 1 WEIGHTED Lambda/Sigma efficiency ratio   = 1.23923 +/- 0.0302679
***************************************
Done importing Jpsi Sigma shape
************************************************
Run 2 UNWEIGHTED Jpsi Sigma Eff = 0.104945 % +/- 0.00102639 %
Run 2 WEIGHTED Jpsi Sigma Eff = 0.104635 % +/- 0.00109127 %
************************************************
***************************************
Run 2 UNWEIGHTED Lambda/Sigma efficiency ratio = 1.0841 +/- 0.0131766
Run 2 WEIGHTED Lambda/Sigma efficiency ratio   = 1.06383 +/- 0.0137468
***************************************
Done importing Jpsi Sigma shape
@@@@@@@@@@@@@@@@@@@@@@@@@@@@@@@@@@@@@@@
Get Lb -> J/psi Lst(1405) efficiency and shape
@@@@@@@@@@@@@@@@@@@@@@@@@@@@@@@@@@@@@@@
************************************************
Run 1 UNWEIGHTED Jpsi /(1405) Eff = 0.0564887 % +/- 0.000479268 %
Run 1 WEIGHTED Jpsi /(1405) Eff = 0.0573238 % +/- 0.000475757 %
************************************************
***************************************
Run 1 UNWEIGHTED /(1405)/Lambda efficiency ratio = 0.512826 +/- 0.00766729
Run 1 WEIGHTED /(1405)/Lambda efficiency ratio   = 0.520408 +/- 0.00772646
***************************************
Done importing Jpsi Lst(1405) shape
************************************************
Run 2 UNWEIGHTED Jpsi /(1405) Eff = 0.0690847 % +/- 0.000822426 %
Run 2 WEIGHTED Jpsi /(1405) Eff = 0.0694002 % +/- 0.000822581 %
************************************************
***************************************
Run 2 UNWEIGHTED /(1405)/Lambda efficiency ratio = 0.620629 +/- 0.00877543
Run 2 WEIGHTED /(1405)/Lambda efficiency ratio   = 0.623464 +/- 0.00878829
***************************************
Done importing Jpsi Lst(1405) shape
************************************************
Run 1 UNWEIGHTED Jpsi /(1520) Eff = 0.0470004 % +/- 0.000444439 %
Run 1 WEIGHTED Jpsi /(1520) Eff = 0.0477132 % +/- 0.000441172 %
************************************************
***************************************
Run 1 UNWEIGHTED /(1520)/Lambda efficiency ratio = 0.426688 +/- 0.00662353
Run 1 WEIGHTED /(1520)/Lambda efficiency ratio   = 0.433159 +/- 0.00666903
***************************************
Done importing Jpsi Lst(1520) shape
************************************************
Run 2 UNWEIGHTED Jpsi /(1520) Eff = 0.0573028 % +/- 0.000896036 %
Run 2 WEIGHTED Jpsi /(1520) Eff = 0.0575437 % +/- 0.000896955 %
************************************************
***************************************
Run 2 UNWEIGHTED /(1520)/Lambda efficiency ratio = 0.514786 +/- 0.00895667
Run 2 WEIGHTED /(1520)/Lambda efficiency ratio   = 0.51695 +/- 0.00897133
***************************************
Done importing Jpsi Lst(1520) shape
************************************************
Run 1 UNWEIGHTED Jpsi /(1600) Eff = 0.0410756 % +/- 0.000396039 %
Run 1 WEIGHTED Jpsi /(1600) Eff = 0.0416989 % +/- 0.000393066 %
************************************************
***************************************
Run 1 UNWEIGHTED /(1600)/Lambda efficiency ratio = 0.3729 +/- 0.005831
Run 1 WEIGHTED /(1600)/Lambda efficiency ratio   = 0.378559 +/- 0.00586956
***************************************
Done importing Jpsi Lst(1600) shape
************************************************
Run 2 UNWEIGHTED Jpsi /(1600) Eff = 0.0482169 % +/- 0.000633943 %
Run 2 WEIGHTED Jpsi /(1600) Eff = 0.0484077 % +/- 0.000633145 %
************************************************
***************************************
Run 2 UNWEIGHTED /(1600)/Lambda efficiency ratio = 0.433161 +/- 0.00658449
Run 2 WEIGHTED /(1600)/Lambda efficiency ratio   = 0.434875 +/- 0.00658487
***************************************
Done importing Jpsi Lst(1600) shape
***************************************
Get J/psi Xi shape from MC
***************************************
Done importing Xib shape
Done importing Xib shape
***************************************
Get J/psi Ks shape from MC
***************************************
Done importing Xib shape
Done defining J/psi Lambda Hypatia shapes
*****UING EXPONENTIAL BKG SHAPE*****
Done defining cont. bkg exp. shapes
Done defining Misc Lambda* Gaussian shapes
RooDataSet::ds_sim1[Lb_DTF_M_JpsiLConstr,GB_WT,wt_tau] = 6843 entries
RooDataSet::ds_sim_wt1[Lb_DTF_M_JpsiLConstr,weight:totWt] = 6843 entries (7386.3 weighted)
mcNentries = 7386.3
RooDataSet::ds_sim2[Lb_DTF_M_JpsiLConstr,GB_WT,wt_tau] = 24304 entries
RooDataSet::ds_sim_wt2[Lb_DTF_M_JpsiLConstr,weight:totWt] = 24304 entries (21141.9 weighted)
mcNentries = 21141.9
reduceEng varSubset = (Lb_DTF_M_JpsiLConstr) _wgtVar = totWt
 **********
 **    1 **SET PRINT           1
 **********
 **********
 **    2 **SET NOGRAD
 **********
 PARAMETER DEFINITIONS:
    NO.   NAME         VALUE      STEP SIZE      LIMITS
     1 a1_Run1      1.80000e+00  1.00000e-01    1.00000e+00  2.00000e+00
     2 a2_Run1      1.70000e+00  4.00000e-02    1.50000e+00  1.90000e+00
     3 lambda_Run1  -2.59000e+00  8.00000e-02   -2.80000e+00 -2.00000e+00
     4 mcnbkg_run1   3.69365e+03  7.38530e+02    1.00000e+00  7.38630e+03
     5 mcnsig_run1   7.38130e+03  2.50000e+00    3.69315e+03  7.38630e+03
     6 mean_Run1    5.61960e+03  2.00000e-01    5.61900e+03  5.62100e+03
     7 sigma_Run1   1.50000e+01  6.00000e-01    1.20000e+01  1.80000e+01
     8 tau_run1    -1.00000e-07  4.95000e-08   -1.00000e-05 -1.00000e-09
 **********
 **    3 **SET ERR         0.5
 **********
 **********
 **    4 **SET PRINT           1
 **********
 **********
 **    5 **SET STR           2
 **********
 NOW USING STRATEGY  2: MAKE SURE MINIMUM TRUE, ERRORS CORRECT  
 **********
 **    6 **MIGRAD        4000           1
 **********
 FIRST CALL TO USER FUNCTION AT NEW START POINT, WITH IFLAG=4.
 START MIGRAD MINIMIZATION.  STRATEGY  2.  CONVERGENCE WHEN EDM .LT. 1.00e-03
 MINUIT WARNING IN HESSE   
 ============== Negative diagonal element 5 in Error Matrix
 MINUIT WARNING IN HESSE   
 ============== 180.901 added to diagonal of error matrix
 COVARIANCE MATRIX CALCULATED SUCCESSFULLY
 FCN=-29125.4 FROM HESSE     STATUS=OK             85 CALLS          86 TOTAL
                     EDM=13011    STRATEGY= 2      ERROR MATRIX ACCURATE 
  EXT PARAMETER                                   STEP         FIRST   
  NO.   NAME      VALUE            ERROR          SIZE      DERIVATIVE 
   1  a1_Run1      1.80000e+00   2.76443e-02   5.00000e-01  -1.45794e+01
   2  a2_Run1      1.70000e+00   1.46580e-02   5.00000e-01  -9.64670e+00
   3  lambda_Run1  -2.59000e+00   2.20585e-02   3.64185e-01   7.57677e+01
   4  mcnbkg_run1   3.69365e+03   1.96481e+02   2.36143e-01   2.92446e+03
   5  mcnsig_run1   7.38130e+03   2.40581e+03   2.77846e-01   1.40442e+01
   6  mean_Run1    5.61960e+03   5.75481e-02   4.30434e-01  -2.43925e+01
   7  sigma_Run1   1.50000e+01   1.56405e-01   2.38272e-01   1.00270e+02
   8  tau_run1    -1.00000e-07   7.35379e-08   5.00000e-01  -4.64185e-04
                               ERR DEF= 0.5
 MINUIT WARNING IN MIGRAD  
 ============== Negative diagonal element 4 in Error Matrix
 MINUIT WARNING IN MIGRAD  
 ============== Negative diagonal element 5 in Error Matrix
 MINUIT WARNING IN MIGRAD  
 ============== 2.64182 added to diagonal of error matrix
 MIGRAD FAILS TO FIND IMPROVEMENT
 MIGRAD MINIMIZATION HAS CONVERGED.
 MIGRAD WILL VERIFY CONVERGENCE AND ERROR MATRIX.
 COVARIANCE MATRIX CALCULATED SUCCESSFULLY
 FCN=-31704.1 FROM MIGRAD    STATUS=CONVERGED     710 CALLS         711 TOTAL
                     EDM=1.99762e-05    STRATEGY= 2      ERROR MATRIX ACCURATE 
  EXT PARAMETER                                   STEP         FIRST   
  NO.   NAME      VALUE            ERROR          SIZE      DERIVATIVE 
   1  a1_Run1      1.53806e+00   2.85507e-01   2.23035e-02   3.31074e-03
   2  a2_Run1      1.50000e+00   2.67964e-01   3.78250e-01   9.97865e-05
   3  lambda_Run1  -2.65287e+00   4.53167e-01   1.50907e-02  -5.09683e-03
   4  mcnbkg_run1   1.00008e+00   1.50345e+01   1.08636e-02** at limit **
   5  mcnsig_run1   7.38629e+03   6.81496e+01   3.46364e-01   7.21205e-04
   6  mean_Run1    5.61985e+03   9.42996e-02   1.16816e-02  -1.44573e-02
   7  sigma_Run1   1.60734e+01   1.45091e+00   7.62134e-03  -8.84982e-03
   8  tau_run1    -9.92046e-08   5.64931e-06   5.00000e-01  -1.08843e-05
                               ERR DEF= 0.5
 EXTERNAL ERROR MATRIX.    NDIM=  25    NPAR=  8    ERR DEF=0.5
  9.242e-02 -1.612e-03 -1.204e-01 -1.387e-03 -8.289e-04  5.558e-04  4.351e-01  1.497e-09 
 -1.612e-03  3.401e-05  2.301e-03  3.139e-05  1.876e-05  1.147e-05 -8.301e-03 -1.065e-10 
 -1.204e-01  2.301e-03  1.730e-01  1.165e-03  6.964e-04 -8.663e-05 -6.299e-01 -2.911e-09 
 -1.387e-03  3.139e-05  1.165e-03  4.787e-03  2.208e-03  2.333e-05 -4.057e-03 -6.726e-09 
 -8.289e-04  1.876e-05  6.964e-04  2.208e-03  2.297e+00  1.394e-05 -2.425e-03 -4.020e-09 
  5.558e-04  1.147e-05 -8.663e-05  2.333e-05  1.394e-05  8.919e-03  4.860e-04 -1.896e-10 
  4.351e-01 -8.301e-03 -6.299e-01 -4.057e-03 -2.425e-03  4.860e-04  2.326e+00  9.966e-09 
  1.497e-09 -1.065e-10 -2.911e-09 -6.726e-09 -4.020e-09 -1.896e-10  9.966e-09  1.832e-08 
 PARAMETER  CORRELATION COEFFICIENTS  
       NO.  GLOBAL      1      2      3      4      5      6      7      8
        1  0.95476   1.000 -0.909 -0.952 -0.066 -0.002  0.019  0.939  0.000
        2  0.95224  -0.909  1.000  0.949  0.078  0.002  0.021 -0.933 -0.000
        3  0.99579  -0.952  0.949  1.000  0.040  0.001 -0.002 -0.993 -0.000
        4  0.15881  -0.066  0.078  0.040  1.000  0.021  0.004 -0.038 -0.001
        5  0.02108  -0.002  0.002  0.001  0.021  1.000  0.000 -0.001 -0.000
        6  0.09484   0.019  0.021 -0.002  0.004  0.000  1.000  0.003 -0.000
        7  0.99350   0.939 -0.933 -0.993 -0.038 -0.001  0.003  1.000  0.000
        8  0.00075   0.000 -0.000 -0.000 -0.001 -0.000 -0.000  0.000  1.000
 **********
 **    7 **SET ERR         0.5
 **********
 **********
 **    8 **SET PRINT           1
 **********
 **********
 **    9 **HESSE        4000
 **********
 COVARIANCE MATRIX CALCULATED SUCCESSFULLY
 FCN=-31704.1 FROM HESSE     STATUS=OK             91 CALLS         802 TOTAL
                     EDM=1.32622e-05    STRATEGY= 2      ERROR MATRIX ACCURATE 
  EXT PARAMETER                                INTERNAL      INTERNAL  
  NO.   NAME      VALUE            ERROR       STEP SIZE       VALUE   
   1  a1_Run1      1.53806e+00   2.59688e-01   1.78428e-04   3.06540e+00
   2  a2_Run1      1.50000e+00   2.28181e-01   5.00000e-01   4.71626e+00
   3  lambda_Run1  -2.65287e+00   4.66622e-01   1.20726e-04   8.72802e+01
   4  mcnbkg_run1   1.00008e+00   4.21657e+00   1.62659e-01  -4.91659e+02
                                 WARNING -   - ABOVE PARAMETER IS AT LIMIT.
   5  mcnsig_run1   7.38629e+03   3.33265e+01   5.00000e-01  -6.01618e+02
   6  mean_Run1    5.61985e+03   9.42722e-02   4.67262e-04  -1.27143e+01
   7  sigma_Run1   1.60734e+01   1.26128e+00   3.04854e-04   5.69146e+01
   8  tau_run1    -9.92046e-08   8.77896e-06   1.00000e-01   1.37226e+00
                               ERR DEF= 0.5
 EXTERNAL ERROR MATRIX.    NDIM=  25    NPAR=  8    ERR DEF=0.5
  7.461e-02 -1.040e-03 -9.042e-02 -3.176e-03 -1.099e-02  3.882e-04  3.250e-01 -8.008e-08 
 -1.040e-03  1.825e-05  1.407e-03  5.501e-05  1.904e-04  1.111e-05 -5.050e-03  1.550e-09 
 -9.042e-02  1.407e-03  1.272e-01  2.366e-03  8.204e-03  7.458e-05 -4.621e-01  6.561e-08 
 -3.176e-03  5.501e-05  2.366e-03  1.342e-03  4.583e-03  4.547e-05 -8.379e-03  3.363e-08 
 -1.099e-02  1.904e-04  8.204e-03  4.583e-03  1.120e+00  1.575e-04 -2.905e-02  1.167e-07 
  3.882e-04  1.111e-05  7.458e-05  4.547e-05  1.575e-04  8.914e-03 -1.262e-04  1.559e-09 
  3.250e-01 -5.050e-03 -4.621e-01 -8.379e-03 -2.905e-02 -1.262e-04  1.712e+00 -2.319e-07 
 -8.008e-08  1.550e-09  6.561e-08  3.363e-08  1.167e-07  1.559e-09 -2.319e-07  1.796e-08 
 PARAMETER  CORRELATION COEFFICIENTS  
       NO.  GLOBAL      1      2      3      4      5      6      7      8
        1  0.94295   1.000 -0.891 -0.928 -0.317 -0.038  0.015  0.909 -0.002
        2  0.94528  -0.891  1.000  0.923  0.352  0.042  0.028 -0.904  0.003
        3  0.99427  -0.928  0.923  1.000  0.181  0.022  0.002 -0.990  0.001
        4  0.60747  -0.317  0.352  0.181  1.000  0.118  0.013 -0.175  0.007
        5  0.11826  -0.038  0.042  0.022  0.118  1.000  0.002 -0.021  0.001
        6  0.09199   0.015  0.028  0.002  0.013  0.002  1.000 -0.001  0.000
        7  0.99115   0.909 -0.904 -0.990 -0.175 -0.021 -0.001  1.000 -0.001
        8  0.00688  -0.002  0.003  0.001  0.007  0.001  0.000 -0.001  1.000
 **********
 **   10 **SET ERR         0.5
 **********
 **********
 **   11 **SET PRINT           1
 **********
 **********
 **   12 **HESSE        4000
 **********
 COVARIANCE MATRIX CALCULATED SUCCESSFULLY
 FCN=-44017.5 FROM HESSE     STATUS=OK            101 CALLS         903 TOTAL
                     EDM=0.864422    STRATEGY= 2      ERROR MATRIX ACCURATE 
  EXT PARAMETER                                INTERNAL      INTERNAL  
  NO.   NAME      VALUE            ERROR       STEP SIZE       VALUE   
   1  a1_Run1      1.53806e+00   1.30958e-01   3.63992e-03   3.06540e+00
   2  a2_Run1      1.50000e+00   6.76593e-02   5.00000e-01   4.71626e+00
   3  lambda_Run1  -2.65287e+00   1.66333e-01   2.46280e-03   8.72802e+01
   4  mcnbkg_run1   1.00008e+00   3.22532e+00   1.83068e-01  -4.91659e+02
                                 WARNING -   - ABOVE PARAMETER IS AT LIMIT.
   5  mcnsig_run1   7.38629e+03   2.41054e+01   5.00000e-01  -6.01618e+02
   6  mean_Run1    5.61985e+03   8.01829e-02   9.53215e-03  -1.27143e+01
   7  sigma_Run1   1.60734e+01   6.78733e-01   6.21901e-03   5.69146e+01
   8  tau_run1    -9.92046e-08   5.02118e-06   5.00000e-01   1.37226e+00
                               ERR DEF= 0.5
 EXTERNAL ERROR MATRIX.    NDIM=  25    NPAR=  8    ERR DEF=0.5
  1.756e-02 -3.781e-05 -1.788e-02  7.568e-04  2.878e-03  1.019e-03  6.622e-02 -8.600e-09 
 -3.781e-05  4.308e-07  5.568e-05 -1.051e-06 -3.978e-06 -6.358e-07 -2.049e-04  1.000e-11 
 -1.788e-02  5.568e-05  3.083e-02 -2.807e-03 -1.065e-02 -1.054e-03 -1.174e-01  2.616e-08 
  7.568e-04 -1.051e-06 -2.807e-03  1.026e-03  3.858e-03  6.225e-05  1.041e-02 -8.736e-09 
  2.878e-03 -3.978e-06 -1.065e-02  3.858e-03  8.091e-01  2.365e-04  3.950e-02 -3.330e-08 
  1.019e-03 -6.358e-07 -1.054e-03  6.225e-05  2.365e-04  6.443e-03  3.972e-03 -6.230e-10 
  6.622e-02 -2.049e-04 -1.174e-01  1.041e-02  3.950e-02  3.972e-03  4.700e-01 -9.709e-08 
 -8.600e-09  1.000e-11  2.616e-08 -8.736e-09 -3.330e-08 -6.230e-10 -9.709e-08  8.644e-09 
 PARAMETER  CORRELATION COEFFICIENTS  
       NO.  GLOBAL      1      2      3      4      5      6      7      8
        1  0.81264   1.000 -0.435 -0.769  0.178  0.024  0.096  0.729 -0.001
        2  0.53904  -0.435  1.000  0.483 -0.050 -0.007 -0.012 -0.455  0.000
        3  0.98236  -0.769  0.483  1.000 -0.499 -0.067 -0.075 -0.975  0.002
        4  0.63763   0.178 -0.050 -0.499  1.000  0.134  0.024  0.474 -0.003
        5  0.13388   0.024 -0.007 -0.067  0.134  1.000  0.003  0.064 -0.000
        6  0.10192   0.096 -0.012 -0.075  0.024  0.003  1.000  0.072 -0.000
        7  0.97671   0.729 -0.455 -0.975  0.474  0.064  0.072  1.000 -0.002
        8  0.00294  -0.001  0.000  0.002 -0.003 -0.000 -0.000 -0.002  1.000
reduceEng varSubset = (Lb_DTF_M_JpsiLConstr) _wgtVar = totWt
 **********
 **   13 **SET PRINT           1
 **********
 **********
 **   14 **SET NOGRAD
 **********
 PARAMETER DEFINITIONS:
    NO.   NAME         VALUE      STEP SIZE      LIMITS
     1 a1_Run2      2.00000e+00  1.00000e-01    1.50000e+00  2.50000e+00
     2 a2_Run2      1.75000e+00  2.00000e-01    1.00000e+00  3.00000e+00
     3 lambda_Run2  -2.30000e+00  8.00000e-02   -2.80000e+00 -2.00000e+00
     4 mcnbkg_run2   1.05715e+04  2.11409e+03    1.00000e+00  2.11419e+04
     5 mcnsig_run2   2.11369e+04  2.50000e+00    1.05710e+04  2.11419e+04
     6 mean_Run2    5.61960e+03  2.00000e-01    5.61900e+03  5.62100e+03
     7 sigma_Run2   1.40000e+01  6.00000e-01    1.10000e+01  1.70000e+01
     8 tau_run2    -1.00000e-07  4.95000e-08   -1.00000e-05 -1.00000e-09
 **********
 **   15 **SET ERR         0.5
 **********
 **********
 **   16 **SET PRINT           1
 **********
 **********
 **   17 **SET STR           2
 **********
 NOW USING STRATEGY  2: MAKE SURE MINIMUM TRUE, ERRORS CORRECT  
 **********
 **   18 **MIGRAD        4000           1
 **********
 FIRST CALL TO USER FUNCTION AT NEW START POINT, WITH IFLAG=4.
 START MIGRAD MINIMIZATION.  STRATEGY  2.  CONVERGENCE WHEN EDM .LT. 1.00e-03
 MINUIT WARNING IN HESSE   
 ============== Negative diagonal element 5 in Error Matrix
 MINUIT WARNING IN HESSE   
 ============== 582.672 added to diagonal of error matrix
 COVARIANCE MATRIX CALCULATED SUCCESSFULLY
 FCN=-104661 FROM HESSE     STATUS=OK             83 CALLS          84 TOTAL
                     EDM=26446.9    STRATEGY= 2      ERROR MATRIX ACCURATE 
  EXT PARAMETER                                   STEP         FIRST   
  NO.   NAME      VALUE            ERROR          SIZE      DERIVATIVE 
   1  a1_Run2      2.00000e+00   1.99254e-02   5.00000e-01  -4.23088e+01
   2  a2_Run2      1.75000e+00   3.24662e-02   4.03316e-01  -1.50563e+02
   3  lambda_Run2  -2.30000e+00   1.47263e-02   4.72189e-01   2.17702e+02
   4  mcnbkg_run2   1.05715e+04   2.90708e+02   2.49551e-01   8.21238e+03
   5  mcnsig_run2   2.11369e+04   6.62066e+03   1.14856e-01   2.55888e+01
   6  mean_Run2    5.61960e+03   3.35478e-02   5.00000e-01  -1.42641e+02
   7  sigma_Run2   1.40000e+01   8.72771e-02   2.51726e-01   1.80707e+02
   8  tau_run2    -1.00000e-07   4.10014e-08   5.00000e-01  -4.21188e-04
                               ERR DEF= 0.5
 MIGRAD FAILS TO FIND IMPROVEMENT
 MIGRAD MINIMIZATION HAS CONVERGED.
 MIGRAD WILL VERIFY CONVERGENCE AND ERROR MATRIX.
 MINUIT WARNING IN HESSE   
 ============== Negative diagonal element 8 in Error Matrix
 MINUIT WARNING IN HESSE   
 ============== 1.00001 added to diagonal of error matrix
 COVARIANCE MATRIX CALCULATED SUCCESSFULLY
 FCN=-111931 FROM MIGRAD    STATUS=CONVERGED     532 CALLS         533 TOTAL
                     EDM=0.00051091    STRATEGY= 2      ERROR MATRIX ACCURATE 
  EXT PARAMETER                                   STEP         FIRST   
  NO.   NAME      VALUE            ERROR          SIZE      DERIVATIVE 
   1  a1_Run2      1.87684e+00   1.10677e-01   3.77767e-02  -2.36079e-02
   2  a2_Run2      2.07773e+00   1.50140e-01   2.46646e-02  -8.98578e-02
   3  lambda_Run2  -2.10861e+00   6.91900e-02   1.51989e-02   3.06297e-02
   4  mcnbkg_run2   1.00003e+00   4.92451e+00   7.04086e-03** at limit **
   5  mcnsig_run2   2.11394e+04   4.11423e+02   1.04985e-01   1.30567e-02
   6  mean_Run2    5.62014e+03   5.75671e-02   1.34346e-02  -6.94602e-02
   7  sigma_Run2   1.45480e+01   3.17560e-01   7.47701e-03   1.28437e-01
   8  tau_run2    -1.00001e-07   2.25275e-06   5.00000e-01   2.06135e-06
                               ERR DEF= 0.5
 EXTERNAL ERROR MATRIX.    NDIM=  25    NPAR=  8    ERR DEF=0.5
  1.247e-02  8.550e-03  5.447e-03  5.282e-05  2.450e-03 -2.857e-04 -2.204e-02  4.039e-14 
  8.550e-03  2.271e-02  7.415e-03  7.788e-05  3.613e-03  1.719e-04 -3.054e-02 -6.313e-14 
  5.447e-03  7.415e-03  4.893e-03 -2.067e-06 -9.564e-05 -3.068e-05 -2.117e-02 -3.601e-15 
  5.282e-05  7.788e-05 -2.067e-06  4.967e-04  1.212e-02 -6.181e-07  9.734e-06  1.274e-14 
  2.450e-03  3.613e-03 -9.564e-05  1.212e-02  4.289e+03 -2.867e-05  4.508e-04  5.954e-13 
 -2.857e-04  1.719e-04 -3.068e-05 -6.181e-07 -2.867e-05  3.318e-03  8.503e-05 -9.956e-16 
 -2.204e-02 -3.054e-02 -2.117e-02  9.734e-06  4.508e-04  8.503e-05  1.012e-01  1.795e-14 
  4.039e-14 -6.313e-14 -3.601e-15  1.274e-14  5.954e-13 -9.956e-16  1.795e-14  9.801e-13 
 PARAMETER  CORRELATION COEFFICIENTS  
       NO.  GLOBAL      1      2      3      4      5      6      7      8
        1  0.71246   1.000  0.508  0.697  0.021  0.000 -0.044 -0.620  0.000
        2  0.71194   0.508  1.000  0.703  0.023  0.000  0.020 -0.637 -0.000
        3  0.96641   0.697  0.703  1.000 -0.001 -0.000 -0.008 -0.951 -0.000
        4  0.04710   0.021  0.023 -0.001  1.000  0.008 -0.000  0.001  0.000
        5  0.00831   0.000  0.000 -0.000  0.008  1.000 -0.000  0.000  0.000
        6  0.06661  -0.044  0.020 -0.008 -0.000 -0.000  1.000  0.005 -0.000
        7  0.95396  -0.620 -0.637 -0.951  0.001  0.000  0.005  1.000  0.000
        8  0.00000   0.000 -0.000 -0.000  0.000  0.000 -0.000  0.000  1.000
 **********
 **   19 **SET ERR         0.5
 **********
 **********
 **   20 **SET PRINT           1
 **********
 **********
 **   21 **HESSE        4000
 **********
 MINUIT WARNING IN HESSE   
 ============== Negative diagonal element 8 in Error Matrix
 MINUIT WARNING IN HESSE   
 ============== 1.00001 added to diagonal of error matrix
 COVARIANCE MATRIX CALCULATED SUCCESSFULLY
 FCN=-111931 FROM HESSE     STATUS=OK             81 CALLS         614 TOTAL
                     EDM=0.000567169    STRATEGY= 2      ERROR MATRIX ACCURATE 
  EXT PARAMETER                                INTERNAL      INTERNAL  
  NO.   NAME      VALUE            ERROR       STEP SIZE       VALUE   
   1  a1_Run2      1.87684e+00   1.18513e-01   5.00000e-01  -2.48873e-01
   2  a2_Run2      2.07773e+00   1.56931e-01   9.86583e-04   7.78057e-02
   3  lambda_Run2  -2.10861e+00   7.53565e-02   6.07955e-04   8.16079e-01
   4  mcnbkg_run2   1.00003e+00   4.93134e+00   1.40817e-03  -1.57087e+00
                                 WARNING -   - ABOVE PARAMETER IS AT LIMIT.
   5  mcnsig_run2   2.11394e+04   3.16167e+01   5.00000e-01  -1.09644e+01
   6  mean_Run2    5.62014e+03   5.75386e-02   5.37386e-04   1.41930e-01
   7  sigma_Run2   1.45480e+01   3.50184e-01   2.99080e-04   1.83693e-01
   8  tau_run2    -1.00001e-07   2.25275e-06   5.00000e-01   1.37146e+00
                               ERR DEF= 0.5
 EXTERNAL ERROR MATRIX.    NDIM=  25    NPAR=  8    ERR DEF=0.5
  1.433e-02  1.010e-02  6.478e-03  1.218e-05  3.880e-04 -1.853e-04 -2.725e-02  5.238e-14 
  1.010e-02  2.483e-02  8.848e-03  1.487e-05  4.739e-04  2.710e-04 -3.750e-02 -5.853e-14 
  6.478e-03  8.848e-03  5.828e-03  4.617e-08  1.451e-06  2.610e-05 -2.574e-02  2.451e-16 
  1.218e-05  1.487e-05  4.617e-08  4.974e-04  5.765e-04 -6.973e-08 -1.165e-07  2.382e-15 
  3.880e-04  4.739e-04  1.451e-06  5.765e-04  3.256e+02 -2.221e-06 -3.630e-06  7.551e-14 
 -1.853e-04  2.710e-04  2.610e-05 -6.973e-08 -2.221e-06  3.314e-03 -1.434e-04 -5.161e-16 
 -2.725e-02 -3.750e-02 -2.574e-02 -1.165e-07 -3.630e-06 -1.434e-04  1.232e-01  6.450e-16 
  5.238e-14 -5.853e-14  2.451e-16  2.382e-15  7.551e-14 -5.161e-16  6.450e-16  9.801e-13 
 PARAMETER  CORRELATION COEFFICIENTS  
       NO.  GLOBAL      1      2      3      4      5      6      7      8
        1  0.71880   1.000  0.535  0.709  0.005  0.000 -0.027 -0.648  0.000
        2  0.74305   0.535  1.000  0.735  0.004  0.000  0.030 -0.678 -0.000
        3  0.97188   0.709  0.735  1.000  0.000  0.000  0.006 -0.960  0.000
        4  0.00915   0.005  0.004  0.000  1.000  0.001 -0.000 -0.000  0.000
        5  0.00147   0.000  0.000  0.000  0.001  1.000 -0.000 -0.000  0.000
        6  0.05921  -0.027  0.030  0.006 -0.000 -0.000  1.000 -0.007 -0.000
        7  0.96236  -0.648 -0.678 -0.960 -0.000 -0.000 -0.007  1.000  0.000
        8  0.00000   0.000 -0.000  0.000  0.000  0.000 -0.000  0.000  1.000
 **********
 **   22 **SET ERR         0.5
 **********
 **********
 **   23 **SET PRINT           1
 **********
 **********
 **   24 **HESSE        4000
 **********
 MINUIT WARNING IN HESSE   
 ============== Negative diagonal element 8 in Error Matrix
 MINUIT WARNING IN HESSE   
 ============== 1.00003 added to diagonal of error matrix
 COVARIANCE MATRIX CALCULATED SUCCESSFULLY
 FCN=-129164 FROM HESSE     STATUS=OK             99 CALLS         713 TOTAL
                     EDM=9.27476    STRATEGY= 2      ERROR MATRIX ACCURATE 
  EXT PARAMETER                                INTERNAL      INTERNAL  
  NO.   NAME      VALUE            ERROR       STEP SIZE       VALUE   
   1  a1_Run2      1.87684e+00   1.17354e-01   5.00000e-01  -2.48873e-01
   2  a2_Run2      2.07773e+00   1.79265e-01   2.01263e-02   7.78057e-02
   3  lambda_Run2  -2.10861e+00   5.55457e-02   1.24023e-02   8.16079e-01
   4  mcnbkg_run2   1.00003e+00   3.80956e+00   1.76722e-01  -1.57087e+00
                                 WARNING -   - ABOVE PARAMETER IS AT LIMIT.
   5  mcnsig_run2   2.11394e+04   2.80134e+01   5.00000e-01  -1.09644e+01
   6  mean_Run2    5.62014e+03   5.34941e-02   1.09627e-02   1.41930e-01
   7  sigma_Run2   1.45480e+01   2.55378e-01   6.10124e-03   1.83693e-01
   8  tau_run2    -1.00001e-07   2.25275e-06   5.00000e-01   1.37146e+00
                               ERR DEF= 0.5
 EXTERNAL ERROR MATRIX.    NDIM=  25    NPAR=  8    ERR DEF=0.5
  1.405e-02  1.227e-02  4.105e-03  1.040e-03  1.316e-01 -1.710e-04 -1.606e-02  9.319e-13 
  1.227e-02  3.249e-02  6.780e-03  1.575e-03  1.993e-01  3.575e-04 -2.673e-02  1.230e-12 
  4.105e-03  6.780e-03  3.129e-03  1.280e-04  1.622e-02  3.050e-05 -1.333e-02  1.010e-13 
  1.040e-03  1.575e-03  1.280e-04  3.842e-04  4.846e-02  1.049e-06 -5.281e-04  3.234e-13 
  1.316e-01  1.993e-01  1.622e-02  4.846e-02  2.885e+02  1.324e-04 -6.692e-02  4.095e-11 
 -1.710e-04  3.575e-04  3.050e-05  1.049e-06  1.324e-04  2.864e-03 -1.502e-04 -1.127e-15 
 -1.606e-02 -2.673e-02 -1.333e-02 -5.281e-04 -6.692e-02 -1.502e-04  6.538e-02 -4.156e-13 
  9.319e-13  1.230e-12  1.010e-13  3.234e-13  4.095e-11 -1.127e-15 -4.156e-13  9.801e-13 
 PARAMETER  CORRELATION COEFFICIENTS  
       NO.  GLOBAL      1      2      3      4      5      6      7      8
        1  0.73723   1.000  0.574  0.619  0.447  0.065 -0.027 -0.530  0.000
        2  0.77837   0.574  1.000  0.672  0.446  0.065  0.037 -0.580  0.000
        3  0.95644   0.619  0.672  1.000  0.117  0.017  0.010 -0.932  0.000
        4  0.64031   0.447  0.446  0.117  1.000  0.146  0.001 -0.105  0.000
        5  0.14555   0.065  0.065  0.017  0.146  1.000  0.000 -0.015  0.000
        6  0.06983  -0.027  0.037  0.010  0.001  0.000  1.000 -0.011 -0.000
        7  0.93720  -0.530 -0.580 -0.932 -0.105 -0.015 -0.011  1.000 -0.000
        8  0.00002   0.000  0.000  0.000  0.000  0.000 -0.000 -0.000  1.000
Importing Run 1 data
Done making RooDataHist
RooDataHist::ds1[Lb_DTF_M_JpsiLConstr] = 375 bins (6144 weights)
Done importing Run 1 data
Importing Run 2 data
Done making RooDataHist
RooDataHist::ds2[Lb_DTF_M_JpsiLConstr] = 375 bins (24185 weights)
Done importing Run 2 data
before sb fit
 **********
 **    1 **SET PRINT           1
 **********
 **********
 **    2 **SET NOGRAD
 **********
 PARAMETER DEFINITIONS:
    NO.   NAME         VALUE      STEP SIZE      LIMITS
     1 slope_Run2  -2.00000e+00  2.50000e-01   -5.00000e+00  0.00000e+00
 **********
 **    3 **SET ERR         0.5
 **********
 **********
 **    4 **SET PRINT           1
 **********
 **********
 **    5 **SET STR           1
 **********
 NOW USING STRATEGY  1: TRY TO BALANCE SPEED AGAINST RELIABILITY
 **********
 **    6 **MIGRAD         500           1
 **********
 FIRST CALL TO USER FUNCTION AT NEW START POINT, WITH IFLAG=4.
 START MIGRAD MINIMIZATION.  STRATEGY  1.  CONVERGENCE WHEN EDM .LT. 1.00e-03
 FCN=104.92 FROM MIGRAD    STATUS=INITIATE        4 CALLS           5 TOTAL
                     EDM= unknown      STRATEGY= 1      NO ERROR MATRIX       
  EXT PARAMETER               CURRENT GUESS       STEP         FIRST   
  NO.   NAME      VALUE            ERROR          SIZE      DERIVATIVE 
   1  slope_Run2  -2.00000e+00   2.50000e-01   1.02263e-01   3.21678e+01
                               ERR DEF= 0.5
 MIGRAD MINIMIZATION HAS CONVERGED.
 MIGRAD WILL VERIFY CONVERGENCE AND ERROR MATRIX.
 COVARIANCE MATRIX CALCULATED SUCCESSFULLY
 FCN=103.786 FROM MIGRAD    STATUS=CONVERGED      21 CALLS          22 TOTAL
                     EDM=2.23277e-08    STRATEGY= 1      ERROR MATRIX ACCURATE 
  EXT PARAMETER                                   STEP         FIRST   
  NO.   NAME      VALUE            ERROR          SIZE      DERIVATIVE 
   1  slope_Run2  -2.20404e+00   1.63537e-01   4.60315e-04   2.26656e-03
                               ERR DEF= 0.5
 EXTERNAL ERROR MATRIX.    NDIM=  25    NPAR=  1    ERR DEF=0.5
  2.678e-02 
 **********
 **    7 **SET ERR         0.5
 **********
 **********
 **    8 **SET PRINT           1
 **********
 **********
 **    9 **HESSE         500
 **********
 COVARIANCE MATRIX CALCULATED SUCCESSFULLY
 FCN=103.786 FROM HESSE     STATUS=OK              5 CALLS          27 TOTAL
                     EDM=2.2243e-08    STRATEGY= 1      ERROR MATRIX ACCURATE 
  EXT PARAMETER                                INTERNAL      INTERNAL  
  NO.   NAME      VALUE            ERROR       STEP SIZE       VALUE   
   1  slope_Run2  -2.20404e+00   1.63537e-01   9.20630e-05   1.18661e-01
                               ERR DEF= 0.5
 EXTERNAL ERROR MATRIX.    NDIM=  25    NPAR=  1    ERR DEF=0.5
  2.678e-02 
RooDataHist::combData[sample,Lb_DTF_M_JpsiLConstr] = 750 bins (30329 weights)
Done importing combData and simPdf
**********Printing w after all imports***********

RooWorkspace(w) w contents

variables
---------
(Lb_DTF_M_JpsiLConstr,R,R_1405,R_1520,R_1600,a1_Run1,a1_Run2,a2_Run1,a2_Run2,eff_ratio1,eff_ratio2,eff_ratio_1405_1,eff_ratio_1405_2,eff_ratio_1520_1,eff_ratio_1520_2,eff_ratio_1600_1,eff_ratio_1600_2,geff_ratio1,geff_ratio2,geff_ratio_1405_1,geff_ratio_1405_2,geff_ratio_1520_1,geff_ratio_1520_2,geff_ratio_1600_1,geff_ratio_1600_2,gnXib1,gnXib2,gshift_Xib,lambda_Run1,lambda_Run2,mcnbkg_run1,mcnbkg_run2,mcnsig_run1,mcnsig_run2,mean_Run1,mean_Run2,miscLstMean_Run1,miscLstMean_Run2,miscLstSigma_Run1,miscLstSigma_Run2,nBkg_Run1,nBkg_Run2,nJpsiKs_Run1,nJpsiKs_Run2,nLb_Run1,nLb_Run2,nMiscLst_Run1,nMiscLst_Run2,nXib1,nXib2,nXib_JpsiLambda_Run1,nXib_JpsiLambda_Run2,sample,shift_Xib,sigma_Run1,sigma_Run2,slope_Run1,slope_Run2,tau_run1,tau_run2)

p.d.f.s
-------
RooExponential::Bkg_Run1[ x=Lb_DTF_M_JpsiLConstr c=Bkg_Run1_2 ] = 2.14265e-24
RooExponential::Bkg_Run2[ x=Lb_DTF_M_JpsiLConstr c=Bkg_Run2_2 ] = 1.60037e-15
RooKeysPdf::JPSIKS_RUN1[ x=Lb_DTF_M_JpsiLConstr ] = 0.00481609
RooKeysPdf::JPSIKS_RUN2[ x=Lb_DTF_M_JpsiLConstr ] = 0.00469856
RooKeysPdf::LST1405_Run1[ x=Lb_DTF_M_JpsiLConstr ] = 0.000203021
RooKeysPdf::LST1405_Run2[ x=Lb_DTF_M_JpsiLConstr ] = 0.000210186
RooKeysPdf::LST1520_Run1[ x=Lb_DTF_M_JpsiLConstr ] = 8.93526e-05
RooKeysPdf::LST1520_Run2[ x=Lb_DTF_M_JpsiLConstr ] = 8.16433e-05
RooKeysPdf::LST1600_Run1[ x=Lb_DTF_M_JpsiLConstr ] = 5.96471e-05
RooKeysPdf::LST1600_Run2[ x=Lb_DTF_M_JpsiLConstr ] = 5.98058e-05
RooHypatia2::Lb_Run1[ x=Lb_DTF_M_JpsiLConstr l=lambda_Run1 zeta=0 fb=0 sigma=sigma_Run1 mu=mean_Run1 a=a1_Run1 n=2 a2=a2_Run1 n2=2 ] = 0.000111015
RooHypatia2::Lb_Run2[ x=Lb_DTF_M_JpsiLConstr l=lambda_Run2 zeta=0 fb=0 sigma=sigma_Run2 mu=mean_Run2 a=a1_Run2 n=2 a2=a2_Run2 n2=2 ] = 0.000144302
RooKeysPdf::SIG_Run1[ x=Lb_DTF_M_JpsiLConstr ] = 0.00403469
RooKeysPdf::SIG_Run2[ x=Lb_DTF_M_JpsiLConstr ] = 0.00422434
RooKeysPdf::XIB_RUN1[ x=Lb_DTF_M_JpsiLConstr ] = 0.00248007
RooKeysPdf::XIB_RUN2[ x=Lb_DTF_M_JpsiLConstr ] = 0.00189868
RooHypatia2::Xib_Run1[ x=Lb_DTF_M_JpsiLConstr l=lambda_Run1 zeta=0 fb=0 sigma=sigma_Run1 mu=XibMean_Run1 a=a1_Run1 n=2 a2=a2_Run1 n2=2 ] = 2.5084e-05
RooHypatia2::Xib_Run2[ x=Lb_DTF_M_JpsiLConstr l=lambda_Run2 zeta=0 fb=0 sigma=sigma_Run2 mu=XibMean_Run2 a=a1_Run2 n=2 a2=a2_Run2 n2=2 ] = 3.26029e-05
RooGaussian::eff_ratio_1405_constraint1[ x=geff_ratio_1405_1 mean=eff_ratio_1405_1 sigma=0.007726 ] = 1
RooGaussian::eff_ratio_1405_constraint2[ x=geff_ratio_1405_2 mean=eff_ratio_1405_2 sigma=0.008788 ] = 1
RooGaussian::eff_ratio_1520_constraint1[ x=geff_ratio_1520_1 mean=eff_ratio_1520_1 sigma=0.006669 ] = 1
RooGaussian::eff_ratio_1520_constraint2[ x=geff_ratio_1520_2 mean=eff_ratio_1520_2 sigma=0.008971 ] = 1
RooGaussian::eff_ratio_1600_constraint1[ x=geff_ratio_1600_1 mean=eff_ratio_1600_1 sigma=0.00587 ] = 1
RooGaussian::eff_ratio_1600_constraint2[ x=geff_ratio_1600_2 mean=eff_ratio_1600_2 sigma=0.006585 ] = 1
RooGaussian::eff_ratio_constraint1[ x=geff_ratio1 mean=eff_ratio1 sigma=0.030268 ] = 1
RooGaussian::eff_ratio_constraint2[ x=geff_ratio2 mean=eff_ratio2 sigma=0.013747 ] = 1
RooGaussian::lstLump_Run1[ x=Lb_DTF_M_JpsiLConstr mean=miscLstMean_Run1 sigma=miscLstSigma_Run1 ] = 1.8585e-12
RooGaussian::lstLump_Run2[ x=Lb_DTF_M_JpsiLConstr mean=miscLstMean_Run2 sigma=miscLstSigma_Run2 ] = 1.8585e-12
RooAddPdf::mcFit_Run1[ mcnsig_run1 * Lb_Run1 + mcnbkg_run1 * mcbkg_Run1 ] = 0.000246305
RooAddPdf::mcFit_Run2[ mcnsig_run2 * Lb_Run2 + mcnbkg_run2 * mcbkg_Run2 ] = 0.000191574
RooExponential::mcbkg_Run1[ x=Lb_DTF_M_JpsiLConstr c=tau_run1 ] = 0.999459
RooExponential::mcbkg_Run2[ x=Lb_DTF_M_JpsiLConstr c=tau_run2 ] = 0.999455
RooAddPdf::model1[ nSigma1 * SIG_Run1 + nLb_Run1 * Lb_Run1 + nXib1 * XIB_RUN1 + n1405_Run1 * LST1405_Run1 + n1520_Run1 * LST1520_Run1 + n1600_Run1 * LST1600_Run1 + nMiscLst_Run1 * lstLump_Run1 + nBkg_Run1 * Bkg_Run1 + nXib_JpsiLambda_Run1 * Xib_Run1 + nJpsiKs_Run1 * JPSIKS_RUN1 ] = 8.27028e-05
RooAddPdf::model2[ nSigma2 * SIG_Run2 + nLb_Run2 * Lb_Run2 + nXib2 * XIB_RUN2 + n1405_Run2 * LST1405_Run2 + n1520_Run2 * LST1520_Run2 + n1600_Run2 * LST1600_Run2 + nMiscLst_Run2 * lstLump_Run2 + nBkg_Run2 * Bkg_Run2 + nXib_JpsiLambda_Run2 * Xib_Run2 + nJpsiKs_Run2 * JPSIKS_RUN2 ] = 0.000110487
RooProdPdf::model_const1[ model1 * eff_ratio_constraint1 * nXib_constraint1 * eff_ratio_1405_constraint1 * eff_ratio_1520_constraint1 * eff_ratio_1600_constraint1 * shift_Xib_constraint ] = 8.27028e-05
RooProdPdf::model_const2[ model2 * eff_ratio_constraint2 * nXib_constraint2 * eff_ratio_1405_constraint2 * eff_ratio_1520_constraint2 * eff_ratio_1600_constraint2 * shift_Xib_constraint ] = 0.000110487
RooGaussian::nXib_constraint1[ x=gnXib1 mean=nXib1 sigma=4.25014 ] = 1
RooGaussian::nXib_constraint2[ x=gnXib2 mean=nXib2 sigma=13.1057 ] = 1
RooGaussian::shift_Xib_constraint[ x=gshift_Xib mean=shift_Xib sigma=0.4 ] = 1
RooSimultaneous::simPdf[ indexCat=sample run1=model_const1 run2=model_const2 ] = 8.47318e-05

functions
--------
RooFormulaVar::Bkg_Run1_2[ actualVars=(slope_Run1) formula="-1*pow(10,slope_Run1)" ] = -0.01
RooFormulaVar::Bkg_Run2_2[ actualVars=(slope_Run2) formula="-1*pow(10,slope_Run2)" ] = -0.00625111
RooFormulaVar::XibMean_Run1[ actualVars=(mean_Run1,shift_Xib) formula="mean_Run1+shift_Xib" ] = 5792.35
