Info in <StandardHypoTestInvDemo>: Model ModelConfig has no snapshot  - make one using model poi
Info in <StandardHypoTestInvDemo>: Using Minuit as minimizer for computing the test statistic
Info in <StandardHypoTestInvDemo>:  Doing a first fit to the observed data 
Info in <TCanvas::Print>: pdf file ../plots/ANA/CLs_Hypatia_Expo_4700_6200_config2.pdf has been created
#######################################
Input file exists! Hurray!
Printing contents of w1 from input file

RooWorkspace(w1) w1 contents

variables
---------
(GB_WT,Lb_DTF_M_JpsiLConstr,sample,totWt,wt_tau)

p.d.f.s
-------
RooKeysPdf::JPSIKS_RUN1[ x=Lb_DTF_M_JpsiLConstr ] = 0.00479095
RooKeysPdf::JPSIKS_RUN2[ x=Lb_DTF_M_JpsiLConstr ] = 0.00462869
RooKeysPdf::LST1405_Run1[ x=Lb_DTF_M_JpsiLConstr ] = 0.000200106
RooKeysPdf::LST1405_Run2[ x=Lb_DTF_M_JpsiLConstr ] = 0.000221522
RooKeysPdf::LST1520_Run1[ x=Lb_DTF_M_JpsiLConstr ] = 8.37537e-05
RooKeysPdf::LST1520_Run2[ x=Lb_DTF_M_JpsiLConstr ] = 8.8508e-05
RooKeysPdf::LST1600_Run1[ x=Lb_DTF_M_JpsiLConstr ] = 5.68059e-05
RooKeysPdf::LST1600_Run2[ x=Lb_DTF_M_JpsiLConstr ] = 6.5611e-05
RooKeysPdf::SIG_Run1[ x=Lb_DTF_M_JpsiLConstr ] = 0.00412476
RooKeysPdf::SIG_Run2[ x=Lb_DTF_M_JpsiLConstr ] = 0.0042165
RooKeysPdf::XIB_RUN1[ x=Lb_DTF_M_JpsiLConstr ] = 0.00239436
RooKeysPdf::XIB_RUN2[ x=Lb_DTF_M_JpsiLConstr ] = 0.00167834

datasets
--------
RooDataSet::ds_sig_Run1(Lb_DTF_M_JpsiLConstr,GB_WT,wt_tau,totWt)
RooDataSet::ds_sig_wt_Run1(Lb_DTF_M_JpsiLConstr)
RooDataSet::ds_sig_Run2(Lb_DTF_M_JpsiLConstr,GB_WT,wt_tau,totWt)
RooDataSet::ds_sig_wt_Run2(Lb_DTF_M_JpsiLConstr)
RooDataSet::ds_1405_Run1(Lb_DTF_M_JpsiLConstr)
RooDataSet::ds_1405_Run2(Lb_DTF_M_JpsiLConstr)
RooDataSet::ds_1520_Run1(Lb_DTF_M_JpsiLConstr)
RooDataSet::ds_1520_Run2(Lb_DTF_M_JpsiLConstr)
RooDataSet::ds_1600_Run1(Lb_DTF_M_JpsiLConstr)
RooDataSet::ds_1600_Run2(Lb_DTF_M_JpsiLConstr)
RooDataSet::ds_xi_Run1(Lb_DTF_M_JpsiLConstr,GB_WT)
RooDataSet::ds_xi_wt_Run1(Lb_DTF_M_JpsiLConstr)
RooDataSet::ds_xi_Run2(Lb_DTF_M_JpsiLConstr,GB_WT)
RooDataSet::ds_xi_wt_Run2(Lb_DTF_M_JpsiLConstr)
RooDataSet::ds_jpsiks_Run1(Lb_DTF_M_JpsiLConstr)
RooDataSet::ds_jpsiks_Run2(Lb_DTF_M_JpsiLConstr)
RooDataHist::ds1(Lb_DTF_M_JpsiLConstr)
RooDataHist::ds2(Lb_DTF_M_JpsiLConstr)
RooDataHist::combData(sample,Lb_DTF_M_JpsiLConstr)

#######################################
[#1] INFO:Eval -- RooRealVar::setRange(Lb_DTF_M_JpsiLConstr) new range named 'signal_window' created with bounds [5365,5600]
[#1] INFO:Eval -- RooRealVar::setRange(Lb_DTF_M_JpsiLConstr) new range named 'sideband_window' created with bounds [5800,6200]
[#1] INFO:Eval -- RooRealVar::setRange(Lb_DTF_M_JpsiLConstr) new range named 'simFit_window' created with bounds [5500,5740]
@@@@@@@@@@@@@@@@@@@@@@@@@@@@@@@@@@@@@@@
Get Xib Normalization
@@@@@@@@@@@@@@@@@@@@@@@@@@@@@@@@@@@@@@@
xibYield = 36.361+/-7.75666+/-3.27249
UNWEIGHTED Xib->JpsiXi Eff = 0.0631 % +/- 0.0014 %
WEIGHTED Xib->JpsiXi Eff = 0.0728 % +/- 0.0015 %
UNWEIGHTED Xib->JpsiLambda Eff = 0.0174 % +/-0.0007 %
WEIGHTED Xib->JpsiLambda Eff = 0.0220 % +/-0.0008 %
UNWEIGTED Norm = 19.2371631322+/-4.10374120022+/-2.27968758602
WEIGHTED Norm = 21.1550487951+/-4.51287150483+/-2.48109676951
BREAKUP OF SYSTEMATICS:
Overall Syst     = 11.7281543216%
*Tracking        = 5.0%
*Xi Vtx          = 1.4%
*Xib Yield       = 9.0%
*Xib->JpsiL eff  = 3.78052007113%
*Xib->JpsiXi eff = 2.08057811171%
*tauXib-/tauXib0 = 3.3118675253%
************************************************
The UNWEIGHTED LL Xib normalization for Run 1 is 19.2372 +/- 4.10374 +/- 2.27969
The WEIGHTED LL Xib normalization for Run 1 is 21.155 +/- 4.51287 +/- 2.4811
************************************************
xibYield = 173.281+/-16.4207+/-10.39686
UNWEIGHTED Xib->JpsiXi Eff = 0.0650 % +/- 0.0014 %
WEIGHTED Xib->JpsiXi Eff = 0.0725 % +/- 0.0015 %
UNWEIGHTED Xib->JpsiLambda Eff = 0.0147 % +/-0.0007 %
WEIGHTED Xib->JpsiLambda Eff = 0.0157 % +/-0.0007 %
UNWEIGTED Norm = 75.2625914542+/-7.13214048564+/-7.45112931779
WEIGHTED Norm = 71.9408738289+/-6.81736316666+/-7.11159260326
BREAKUP OF SYSTEMATICS:
Overall Syst     = 9.88532975033%
*Tracking        = 5.0%
*Xi Vtx          = 1.4%
*Xib Yield       = 6.0%
*Xib->JpsiL eff  = 4.40207007197%
*Xib->JpsiXi eff = 2.10072769515%
*tauXib-/tauXib0 = 3.3118675253%
************************************************
The UNWEIGHTED LL Xib normalization for Run 2 is 75.2626 +/- 7.13214 +/- 7.45113
The WEIGHTED LL Xib normalization for Run 2 is 71.9409 +/- 6.81736 +/- 7.11159
************************************************
@@@@@@@@@@@@@@@@@@@@@@@@@@@@@@@@@@@@@@@
Get Lb -> J/psi Lambda efficiency
@@@@@@@@@@@@@@@@@@@@@@@@@@@@@@@@@@@@@@@
************************************************
Run 1 UNWEIGHTED Jpsi Lambda Eff = 0.102854 % +/- 0.00125954 %
Run 1 WEIGHTED Jpsi Lambda Eff = 0.121987 % +/- 0.00143539 %
************************************************
************************************************
Run 2 UNWEIGHTED Jpsi Lambda Eff = 0.101171 % +/- 0.000765038 %
Run 2 WEIGHTED Jpsi Lambda Eff = 0.0987973 % +/- 0.000791507 %
************************************************
@@@@@@@@@@@@@@@@@@@@@@@@@@@@@@@@@@@@@@@
Get Lb -> J/psi Sigma efficiency and shape
@@@@@@@@@@@@@@@@@@@@@@@@@@@@@@@@@@@@@@@
************************************************
Run 1 UNWEIGHTED Jpsi Sigma Eff = 0.0847942 % +/- 0.00173362 %
Run 1 WEIGHTED Jpsi Sigma Eff = 0.0996647 % +/- 0.00198848 %
************************************************
***************************************
Run 1 UNWEIGHTED Lambda/Sigma efficiency ratio = 1.21299 +/- 0.0289079
Run 1 WEIGHTED Lambda/Sigma efficiency ratio   = 1.22397 +/- 0.0283509
***************************************
Done importing Jpsi Sigma shape
************************************************
Run 2 UNWEIGHTED Jpsi Sigma Eff = 0.0906084 % +/- 0.000948266 %
Run 2 WEIGHTED Jpsi Sigma Eff = 0.0902343 % +/- 0.0010083 %
************************************************
***************************************
Run 2 UNWEIGHTED Lambda/Sigma efficiency ratio = 1.11657 +/- 0.0144167
Run 2 WEIGHTED Lambda/Sigma efficiency ratio   = 1.0949 +/- 0.0150542
***************************************
Done importing Jpsi Sigma shape
@@@@@@@@@@@@@@@@@@@@@@@@@@@@@@@@@@@@@@@
Get Lb -> J/psi Lst(1405) efficiency and shape
@@@@@@@@@@@@@@@@@@@@@@@@@@@@@@@@@@@@@@@
************************************************
Run 1 UNWEIGHTED Jpsi /(1405) Eff = 0.0607014 % +/- 0.000497698 %
Run 1 WEIGHTED Jpsi /(1405) Eff = 0.0613628 % +/- 0.000493097 %
************************************************
***************************************
Run 1 UNWEIGHTED /(1405)/Lambda efficiency ratio = 0.497607 +/- 0.0071365
Run 1 WEIGHTED /(1405)/Lambda efficiency ratio   = 0.503029 +/- 0.00716759
***************************************
Done importing Jpsi Lst(1405) shape
************************************************
Run 2 UNWEIGHTED Jpsi /(1405) Eff = 0.0543218 % +/- 0.000687638 %
Run 2 WEIGHTED Jpsi /(1405) Eff = 0.0545629 % +/- 0.000687324 %
************************************************
***************************************
Run 2 UNWEIGHTED /(1405)/Lambda efficiency ratio = 0.54983 +/- 0.00823687
Run 2 WEIGHTED /(1405)/Lambda efficiency ratio   = 0.552271 +/- 0.00824467
***************************************
Done importing Jpsi Lst(1405) shape
************************************************
Run 1 UNWEIGHTED Jpsi /(1520) Eff = 0.0509023 % +/- 0.000463227 %
Run 1 WEIGHTED Jpsi /(1520) Eff = 0.0514296 % +/- 0.000458721 %
************************************************
***************************************
Run 1 UNWEIGHTED /(1520)/Lambda efficiency ratio = 0.417278 +/- 0.0062071
Run 1 WEIGHTED /(1520)/Lambda efficiency ratio   = 0.421601 +/- 0.00622504
***************************************
Done importing Jpsi Lst(1520) shape
************************************************
Run 2 UNWEIGHTED Jpsi /(1520) Eff = 0.044279 % +/- 0.000727865 %
Run 2 WEIGHTED Jpsi /(1520) Eff = 0.0444628 % +/- 0.000728183 %
************************************************
***************************************
Run 2 UNWEIGHTED /(1520)/Lambda efficiency ratio = 0.44818 +/- 0.00819565
Run 2 WEIGHTED /(1520)/Lambda efficiency ratio   = 0.450041 +/- 0.00820508
***************************************
Done importing Jpsi Lst(1520) shape
************************************************
Run 1 UNWEIGHTED Jpsi /(1600) Eff = 0.0434419 % +/- 0.000407642 %
Run 1 WEIGHTED Jpsi /(1600) Eff = 0.0438704 % +/- 0.000403504 %
************************************************
***************************************
Run 1 UNWEIGHTED /(1600)/Lambda efficiency ratio = 0.35612 +/- 0.00535968
Run 1 WEIGHTED /(1600)/Lambda efficiency ratio   = 0.359633 +/- 0.00537111
***************************************
Done importing Jpsi Lst(1600) shape
************************************************
Run 2 UNWEIGHTED Jpsi /(1600) Eff = 0.0369389 % +/- 0.000527814 %
Run 2 WEIGHTED Jpsi /(1600) Eff = 0.0370848 % +/- 0.000526856 %
************************************************
***************************************
Run 2 UNWEIGHTED /(1600)/Lambda efficiency ratio = 0.373886 +/- 0.00612481
Run 2 WEIGHTED /(1600)/Lambda efficiency ratio   = 0.375363 +/- 0.00612216
***************************************
Done importing Jpsi Lst(1600) shape
***************************************
Get J/psi Xi shape from MC
***************************************
Done importing Xib shape
Done importing Xib shape
***************************************
Get J/psi Ks shape from MC
***************************************
Done importing Xib shape
Done defining J/psi Lambda Hypatia shapes
*****UING EXPONENTIAL BKG SHAPE*****
Done defining cont. bkg exp. shapes
Done defining Misc Lambda* Gaussian shapes
RooDataSet::ds_sim1[Lb_DTF_M_JpsiLConstr,GB_WT,wt_tau] = 7469 entries
RooDataSet::ds_sim_wt1[Lb_DTF_M_JpsiLConstr,weight:totWt] = 7469 entries (8183.79 weighted)
mcNentries = 8183.79
RooDataSet::ds_sim2[Lb_DTF_M_JpsiLConstr,GB_WT,wt_tau] = 21619 entries
RooDataSet::ds_sim_wt2[Lb_DTF_M_JpsiLConstr,weight:totWt] = 21619 entries (18770.8 weighted)
mcNentries = 18770.8
reduceEng varSubset = (Lb_DTF_M_JpsiLConstr) _wgtVar = totWt
 **********
 **    1 **SET PRINT           1
 **********
 **********
 **    2 **SET NOGRAD
 **********
 PARAMETER DEFINITIONS:
    NO.   NAME         VALUE      STEP SIZE      LIMITS
     1 a1_Run1      1.80000e+00  1.00000e-01    1.00000e+00  2.00000e+00
     2 a2_Run1      1.70000e+00  4.00000e-02    1.50000e+00  1.90000e+00
     3 lambda_Run1  -2.59000e+00  8.00000e-02   -2.80000e+00 -2.00000e+00
     4 mcnbkg_run1   4.09239e+03  8.18279e+02    1.00000e+00  8.18379e+03
     5 mcnsig_run1   8.17879e+03  2.50000e+00    4.09189e+03  8.18379e+03
     6 mean_Run1    5.61960e+03  2.00000e-01    5.61900e+03  5.62100e+03
     7 sigma_Run1   1.50000e+01  6.00000e-01    1.20000e+01  1.80000e+01
     8 tau_run1    -1.00000e-07  4.95000e-08   -1.00000e-05 -1.00000e-09
 **********
 **    3 **SET ERR         0.5
 **********
 **********
 **    4 **SET PRINT           1
 **********
 **********
 **    5 **SET STR           2
 **********
 NOW USING STRATEGY  2: MAKE SURE MINIMUM TRUE, ERRORS CORRECT  
 **********
 **    6 **MIGRAD        4000           1
 **********
 FIRST CALL TO USER FUNCTION AT NEW START POINT, WITH IFLAG=4.
 START MIGRAD MINIMIZATION.  STRATEGY  2.  CONVERGENCE WHEN EDM .LT. 1.00e-03
 MINUIT WARNING IN HESSE   
 ============== Negative diagonal element 5 in Error Matrix
 MINUIT WARNING IN HESSE   
 ============== 211.396 added to diagonal of error matrix
 COVARIANCE MATRIX CALCULATED SUCCESSFULLY
 FCN=-33044.8 FROM HESSE     STATUS=OK             81 CALLS          82 TOTAL
                     EDM=10947    STRATEGY= 2      ERROR MATRIX ACCURATE 
  EXT PARAMETER                                   STEP         FIRST   
  NO.   NAME      VALUE            ERROR          SIZE      DERIVATIVE 
   1  a1_Run1      1.80000e+00   2.57243e-02   5.00000e-01  -1.57700e+01
   2  a2_Run1      1.70000e+00   1.35738e-02   5.00000e-01  -1.05539e+01
   3  lambda_Run1  -2.59000e+00   2.05662e-02   3.71451e-01   8.26169e+01
   4  mcnbkg_run1   4.09239e+03   1.85504e+02   2.31150e-01   3.21848e+03
   5  mcnsig_run1   8.17879e+03   2.58462e+03   1.84673e-01   1.51722e+01
   6  mean_Run1    5.61960e+03   5.37827e-02   4.39165e-01  -2.97160e+01
   7  sigma_Run1   1.50000e+01   1.46227e-01   2.43656e-01   1.12139e+02
   8  tau_run1    -1.00000e-07   6.80366e-08   5.00000e-01  -3.60810e-04
                               ERR DEF= 0.5
 MIGRAD MINIMIZATION HAS CONVERGED.
 MIGRAD WILL VERIFY CONVERGENCE AND ERROR MATRIX.
 EIGENVALUES OF SECOND-DERIVATIVE MATRIX:
        -6.0449e-03  7.1764e-01  9.1710e-01  9.9132e-01  1.0000e+00  1.0110e+00  1.0940e+00  2.2750e+00
 MINUIT WARNING IN HESSE   
 ============== MATRIX FORCED POS-DEF BY ADDING 0.008320 TO DIAGONAL.
 FCN=-35861.2 FROM HESSE     STATUS=NOT POSDEF     75 CALLS         516 TOTAL
                     EDM=0.00957957    STRATEGY= 2      ERR MATRIX NOT POS-DEF
  EXT PARAMETER                APPROXIMATE        STEP         FIRST   
  NO.   NAME      VALUE            ERROR          SIZE      DERIVATIVE 
   1  a1_Run1      1.71321e+00   6.39592e-01   3.32014e-02   9.94603e-03
   2  a2_Run1      1.75581e+00   2.19897e-01   7.82032e-02   2.64173e-02
   3  lambda_Run1  -2.29267e+00   5.46245e-01   1.06355e-02   3.94778e-02
   4  mcnbkg_run1   1.00016e+00   6.07422e+00   7.13190e-03** at limit **
   5  mcnsig_run1   8.18279e+03   5.23956e+02   1.02186e-01   6.14663e-04
   6  mean_Run1    5.61988e+03   8.92729e-02   1.17791e-02   1.02909e-02
   7  sigma_Run1   1.47483e+01   1.77740e+00   6.77773e-03  -4.12649e-03
   8  tau_run1    -9.98804e-08   7.88174e-06   5.00000e-01  -1.65201e-05
                               ERR DEF= 0.5
 MIGRAD MINIMIZATION HAS CONVERGED.
 MIGRAD WILL VERIFY CONVERGENCE AND ERROR MATRIX.
 COVARIANCE MATRIX CALCULATED SUCCESSFULLY
 FCN=-35861.2 FROM MIGRAD    STATUS=CONVERGED     627 CALLS         628 TOTAL
                     EDM=3.42057e-05    STRATEGY= 2      ERROR MATRIX ACCURATE 
  EXT PARAMETER                                   STEP         FIRST   
  NO.   NAME      VALUE            ERROR          SIZE      DERIVATIVE 
   1  a1_Run1      1.73972e+00   6.29988e-01   3.47438e-02  -6.01168e-03
   2  a2_Run1      1.78155e+00   2.15182e-01   8.31990e-02   6.06938e-03
   3  lambda_Run1  -2.27006e+00   5.30373e-01   1.07132e-02  -1.58363e-02
   4  mcnbkg_run1   1.00000e+00   6.37248e+00   7.23891e-03** at limit **
   5  mcnsig_run1   8.18281e+03   2.82854e+03   1.63497e-02   4.31281e-04
   6  mean_Run1    5.61988e+03   8.97189e-02   1.17757e-02   3.52137e-03
   7  sigma_Run1   1.46607e+01   1.45628e+00   6.75355e-03  -7.51176e-03
   8  tau_run1    -1.82228e-09   9.86642e-06   5.00000e-01  -1.52093e-06
                               ERR DEF= 0.5
 EXTERNAL ERROR MATRIX.    NDIM=  25    NPAR=  8    ERR DEF=0.5
  2.065e-01  1.905e-01  1.695e-01 -5.979e-05 -4.193e-02  2.616e-03 -6.574e-01  6.889e-10 
  1.905e-01  2.023e-01  1.678e-01 -6.793e-05 -4.764e-02  1.237e-03 -6.516e-01  1.848e-09 
  1.695e-01  1.678e-01  1.500e-01 -4.195e-05 -2.942e-02  1.620e-03 -5.859e-01  8.442e-10 
 -5.979e-05 -6.793e-05 -4.195e-05  1.046e-05  2.844e-03 -2.857e-07  1.610e-04 -5.604e-11 
 -4.193e-02 -4.764e-02 -2.942e-02  2.844e-03  7.451e+03 -2.001e-04  1.129e-01 -3.949e-08 
  2.616e-03  1.237e-03  1.620e-03 -2.857e-07 -2.001e-04  8.072e-03 -6.204e-03 -2.023e-11 
 -6.574e-01 -6.516e-01 -5.859e-01  1.610e-04  1.129e-01 -6.204e-03  2.315e+00 -3.236e-09 
  6.889e-10  1.848e-09  8.442e-10 -5.604e-11 -3.949e-08 -2.023e-11 -3.236e-09  9.996e-11 
 PARAMETER  CORRELATION COEFFICIENTS  
       NO.  GLOBAL      1      2      3      4      5      6      7      8
        1  0.96569   1.000  0.932  0.963 -0.041 -0.001  0.064 -0.951  0.000
        2  0.96492   0.932  1.000  0.963 -0.047 -0.001  0.031 -0.952  0.000
        3  0.99678   0.963  0.963  1.000 -0.033 -0.001  0.047 -0.994  0.000
        4  0.07124  -0.041 -0.047 -0.033  1.000  0.010 -0.001  0.033 -0.002
        5  0.01025  -0.001 -0.001 -0.001  0.010  1.000 -0.000  0.001 -0.000
        6  0.10271   0.064  0.031  0.047 -0.001 -0.000  1.000 -0.045 -0.000
        7  0.99487  -0.951 -0.952 -0.994  0.033  0.001 -0.045  1.000 -0.000
        8  0.00189   0.000  0.000  0.000 -0.002 -0.000 -0.000 -0.000  1.000
 **********
 **    7 **SET ERR         0.5
 **********
 **********
 **    8 **SET PRINT           1
 **********
 **********
 **    9 **HESSE        4000
 **********
 EIGENVALUES OF SECOND-DERIVATIVE MATRIX:
        -2.5775e-02  6.8218e-01  9.1450e-01  9.9813e-01  1.0000e+00  1.0020e+00  1.1018e+00  2.3272e+00
 MINUIT WARNING IN HESSE   
 ============== MATRIX FORCED POS-DEF BY ADDING 0.028102 TO DIAGONAL.
 FCN=-35861.2 FROM HESSE     STATUS=NOT POSDEF     79 CALLS         707 TOTAL
                     EDM=6.37839e-05    STRATEGY= 2      ERR MATRIX NOT POS-DEF
  EXT PARAMETER                APPROXIMATE     INTERNAL      INTERNAL  
  NO.   NAME      VALUE            ERROR       STEP SIZE       VALUE   
   1  a1_Run1      1.73972e+00   6.08151e-01   5.00000e-01   2.64158e+00
   2  a2_Run1      1.78155e+00   2.67418e-01   3.32796e-03   2.72161e+00
   3  lambda_Run1  -2.27006e+00   5.34908e-01   4.28528e-04   1.53771e+01
   4  mcnbkg_run1   1.00000e+00   6.20029e+00   1.44778e-03  -3.59712e+02
                                 WARNING -   - ABOVE PARAMETER IS AT LIMIT.
   5  mcnsig_run1   8.18281e+03   3.12316e+01   5.00000e-01  -1.94619e+03
   6  mean_Run1    5.61988e+03   9.08728e-02   4.71027e-04   6.15946e+00
   7  sigma_Run1   1.46607e+01   1.66952e+00   2.70142e-04   4.72372e+01
   8  tau_run1    -1.82228e-09   5.93121e-06   1.00000e-01   1.55266e+00
                               ERR DEF= 0.5
 EXTERNAL ERROR MATRIX.    NDIM=  25    NPAR=  8    ERR DEF=0.5
  4.294e-01  3.451e-01  3.115e-01 -2.646e-05 -7.034e-03  1.432e-02 -1.136e+00 -3.950e-10 
  3.451e-01  2.984e-01  2.570e-01 -2.419e-05 -6.431e-03  1.065e-02 -9.372e-01 -1.955e-10 
  3.115e-01  2.570e-01  2.325e-01 -1.824e-05 -4.848e-03  1.010e-02 -8.510e-01 -2.690e-10 
 -2.646e-05 -2.419e-05 -1.824e-05  1.018e-05  6.740e-05 -7.775e-07  6.628e-05 -1.450e-12 
 -7.034e-03 -6.431e-03 -4.848e-03  6.740e-05  1.225e+02 -2.067e-04  1.762e-02 -3.863e-10 
  1.432e-02  1.065e-02  1.010e-02 -7.775e-07 -2.067e-04  8.281e-03 -3.678e-02 -1.557e-11 
 -1.136e+00 -9.372e-01 -8.510e-01  6.628e-05  1.762e-02 -3.678e-02  3.140e+00  9.954e-10 
 -3.950e-10 -1.955e-10 -2.690e-10 -1.450e-12 -3.863e-10 -1.557e-11  9.954e-10  9.534e-11 
ERR MATRIX NOT POS-DEF
 PARAMETER  CORRELATION COEFFICIENTS  
       NO.  GLOBAL      1      2      3      4      5      6      7      8
        1  0.98692   1.000  0.964  0.986 -0.013 -0.001  0.240 -0.978 -0.000
        2  0.97678   0.964  1.000  0.976 -0.014 -0.001  0.214 -0.968 -0.000
        3  0.99798   0.986  0.976  1.000 -0.012 -0.001  0.230 -0.996 -0.000
        4  0.01701  -0.013 -0.014 -0.012  1.000  0.002 -0.003  0.012 -0.000
        5  0.00229  -0.001 -0.001 -0.001  0.002  1.000 -0.000  0.001 -0.000
        6  0.24899   0.240  0.214  0.230 -0.003 -0.000  1.000 -0.228 -0.000
        7  0.99633  -0.978 -0.968 -0.996  0.012  0.001 -0.228  1.000  0.000
        8  0.00012  -0.000 -0.000 -0.000 -0.000 -0.000 -0.000  0.000  1.000
 ERR MATRIX NOT POS-DEF
 **********
 **   10 **SET ERR         0.5
 **********
 **********
 **   11 **SET PRINT           1
 **********
 **********
 **   12 **HESSE        4000
 **********
 EIGENVALUES OF SECOND-DERIVATIVE MATRIX:
        -1.0737e-01  2.0705e-01  8.3589e-01  9.6550e-01  1.0000e+00  1.0691e+00  1.2285e+00  2.8013e+00
 MINUIT WARNING IN HESSE   
 ============== MATRIX FORCED POS-DEF BY ADDING 0.110176 TO DIAGONAL.
 FCN=-50350.9 FROM HESSE     STATUS=NOT POSDEF     97 CALLS         804 TOTAL
                     EDM=132.641    STRATEGY= 2      ERR MATRIX NOT POS-DEF
  EXT PARAMETER                APPROXIMATE     INTERNAL      INTERNAL  
  NO.   NAME      VALUE            ERROR       STEP SIZE       VALUE   
   1  a1_Run1      1.73972e+00   5.02354e-01   9.21068e-02   2.64158e+00
   2  a2_Run1      1.78155e+00   2.60703e-01   6.78904e-02   2.72161e+00
   3  lambda_Run1  -2.27006e+00   2.88428e-01   8.74197e-03   1.53771e+01
   4  mcnbkg_run1   1.00000e+00   5.11323e+01   1.80093e-01  -3.59712e+02
                                 WARNING -   - ABOVE PARAMETER IS AT LIMIT.
   5  mcnsig_run1   8.18281e+03   2.77211e+01   5.00000e-01  -1.94619e+03
   6  mean_Run1    5.61988e+03   7.20830e-02   9.60894e-03   6.15946e+00
   7  sigma_Run1   1.46607e+01   9.10897e-01   5.51090e-03   4.72372e+01
   8  tau_run1    -1.82228e-09   9.82085e-06   5.00000e-01   1.55266e+00
                               ERR DEF= 0.5
 EXTERNAL ERROR MATRIX.    NDIM=  25    NPAR=  8    ERR DEF=0.5
  8.919e-01  9.620e-01  3.058e-01 -8.417e-03 -4.867e+00  4.642e-03 -8.466e-01  3.740e-07 
  9.620e-01  1.069e+00  3.343e-01 -9.274e-03 -5.363e+00  3.652e-03 -9.259e-01  4.129e-07 
  3.058e-01  3.343e-01  1.076e-01 -2.883e-03 -1.667e+00  1.387e-03 -3.003e-01  1.282e-07 
 -8.417e-03 -9.274e-03 -2.883e-03  8.409e-05  4.860e-02 -3.549e-05  7.978e-03 -3.734e-09 
 -4.867e+00 -5.363e+00 -1.667e+00  4.860e-02  1.087e+02 -2.051e-02  4.613e+00 -2.160e-06 
  4.642e-03  3.652e-03  1.387e-03 -3.549e-05 -2.051e-02  5.205e-03 -3.773e-03  1.553e-09 
 -8.466e-01 -9.259e-01 -3.003e-01  7.978e-03  4.613e+00 -3.773e-03  8.569e-01 -3.548e-07 
  3.740e-07  4.129e-07  1.282e-07 -3.734e-09 -2.160e-06  1.553e-09 -3.548e-07  5.020e-11 
ERR MATRIX NOT POS-DEF
 PARAMETER  CORRELATION COEFFICIENTS  
       NO.  GLOBAL      1      2      3      4      5      6      7      8
        1  0.99223   1.000  0.985  0.987 -0.972 -0.494  0.068 -0.968  0.056
        2  0.99309   0.985  1.000  0.986 -0.978 -0.497  0.049 -0.967  0.056
        3  0.99721   0.987  0.986  1.000 -0.958 -0.488  0.059 -0.989  0.055
        4  0.98263  -0.972 -0.978 -0.958  1.000  0.508 -0.054  0.940 -0.057
        5  0.50839  -0.494 -0.497 -0.488  0.508  1.000 -0.027  0.478 -0.029
        6  0.12563   0.068  0.049  0.059 -0.054 -0.027  1.000 -0.056  0.003
        7  0.99107  -0.968 -0.967 -0.989  0.940  0.478 -0.056  1.000 -0.054
        8  0.05748   0.056  0.056  0.055 -0.057 -0.029  0.003 -0.054  1.000
 ERR MATRIX NOT POS-DEF
reduceEng varSubset = (Lb_DTF_M_JpsiLConstr) _wgtVar = totWt
 **********
 **   13 **SET PRINT           1
 **********
 **********
 **   14 **SET NOGRAD
 **********
 PARAMETER DEFINITIONS:
    NO.   NAME         VALUE      STEP SIZE      LIMITS
     1 a1_Run2      2.00000e+00  1.00000e-01    1.50000e+00  2.50000e+00
     2 a2_Run2      1.75000e+00  2.00000e-01    1.00000e+00  3.00000e+00
     3 lambda_Run2  -2.30000e+00  8.00000e-02   -2.80000e+00 -2.00000e+00
     4 mcnbkg_run2   9.38591e+03  1.87698e+03    1.00000e+00  1.87708e+04
     5 mcnsig_run2   1.87658e+04  2.50000e+00    9.38541e+03  1.87708e+04
     6 mean_Run2    5.61960e+03  2.00000e-01    5.61900e+03  5.62100e+03
     7 sigma_Run2   1.40000e+01  6.00000e-01    1.10000e+01  1.70000e+01
     8 tau_run2    -1.00000e-07  4.95000e-08   -1.00000e-05 -1.00000e-09
 **********
 **   15 **SET ERR         0.5
 **********
 **********
 **   16 **SET PRINT           1
 **********
 **********
 **   17 **SET STR           2
 **********
 NOW USING STRATEGY  2: MAKE SURE MINIMUM TRUE, ERRORS CORRECT  
 **********
 **   18 **MIGRAD        4000           1
 **********
 FIRST CALL TO USER FUNCTION AT NEW START POINT, WITH IFLAG=4.
 START MIGRAD MINIMIZATION.  STRATEGY  2.  CONVERGENCE WHEN EDM .LT. 1.00e-03
 MINUIT WARNING IN HESSE   
 ============== Negative diagonal element 5 in Error Matrix
 MINUIT WARNING IN HESSE   
 ============== 511.475 added to diagonal of error matrix
 COVARIANCE MATRIX CALCULATED SUCCESSFULLY
 FCN=-90756.7 FROM HESSE     STATUS=OK             83 CALLS          84 TOTAL
                     EDM=24128    STRATEGY= 2      ERROR MATRIX ACCURATE 
  EXT PARAMETER                                   STEP         FIRST   
  NO.   NAME      VALUE            ERROR          SIZE      DERIVATIVE 
   1  a1_Run2      2.00000e+00   2.12471e-02   5.00000e-01  -3.79155e+01
   2  a2_Run2      1.75000e+00   3.45101e-02   3.94837e-01  -1.34492e+02
   3  lambda_Run2  -2.30000e+00   1.57055e-02   4.65936e-01   1.94967e+02
   4  mcnbkg_run2   9.38591e+03   2.77064e+02   2.50190e-01   7.31162e+03
   5  mcnsig_run2   1.87658e+04   5.88380e+03   1.21898e-01   2.38702e+01
   6  mean_Run2    5.61960e+03   3.56797e-02   5.00000e-01  -1.20616e+02
   7  sigma_Run2   1.40000e+01   9.29525e-02   2.48555e-01   1.62909e+02
   8  tau_run2    -1.00000e-07   4.37602e-08   5.00000e-01  -8.08782e-04
                               ERR DEF= 0.5
 MINUIT WARNING IN MIGRAD  
 ============== Negative diagonal element 1 in Error Matrix
 MINUIT WARNING IN MIGRAD  
 ============== Negative diagonal element 2 in Error Matrix
 MINUIT WARNING IN MIGRAD  
 ============== Negative diagonal element 3 in Error Matrix
 MINUIT WARNING IN MIGRAD  
 ============== Negative diagonal element 4 in Error Matrix
 MINUIT WARNING IN MIGRAD  
 ============== Negative diagonal element 5 in Error Matrix
 MINUIT WARNING IN MIGRAD  
 ============== Negative diagonal element 6 in Error Matrix
 MINUIT WARNING IN MIGRAD  
 ============== Negative diagonal element 7 in Error Matrix
 MINUIT WARNING IN MIGRAD  
 ============== 1.59026 added to diagonal of error matrix
 MIGRAD FAILS TO FIND IMPROVEMENT
 MACHINE ACCURACY LIMITS FURTHER IMPROVEMENT.
 MIGRAD MINIMIZATION HAS CONVERGED.
 MIGRAD WILL VERIFY CONVERGENCE AND ERROR MATRIX.
 COVARIANCE MATRIX CALCULATED SUCCESSFULLY
 FCN=-97269.2 FROM HESSE     STATUS=OK             77 CALLS         871 TOTAL
                     EDM=0.0132138    STRATEGY= 2      ERROR MATRIX ACCURATE 
  EXT PARAMETER                                   STEP         FIRST   
  NO.   NAME      VALUE            ERROR          SIZE      DERIVATIVE 
   1  a1_Run2      2.17587e+00   1.25815e-01   5.65569e-02  -2.77191e-02
   2  a2_Run2      2.35376e+00   1.94629e-01   4.32348e-02   3.54973e-02
   3  lambda_Run2  -2.00042e+00   5.29503e-01   1.67769e-01   1.35900e-01
   4  mcnbkg_run2   1.00033e+00   4.54343e+00   6.74140e-03** at limit **
   5  mcnsig_run2   1.87708e+04   5.13509e+02   1.26406e-01  -8.45707e-04
   6  mean_Run2    5.62011e+03   6.09824e-02   1.31995e-02   3.19253e-02
   7  sigma_Run2   1.40595e+01   1.28832e-01   7.06530e-03   1.28667e-01
   8  tau_run2    -9.99622e-08   9.69913e-06   5.00000e-01  -1.89939e-06
                               ERR DEF= 0.5
 MIGRAD FAILS TO FIND IMPROVEMENT
 MINUIT WARNING IN HESSE   
 ============== Negative diagonal element 5 in Error Matrix
 MINUIT WARNING IN HESSE   
 ============== 1.07465 added to diagonal of error matrix
 COVARIANCE MATRIX CALCULATED SUCCESSFULLY
 FCN=-97269.2 FROM HESSE     STATUS=OK             73 CALLS         991 TOTAL
                     EDM=0.00367107    STRATEGY= 2      ERROR MATRIX ACCURATE 
  EXT PARAMETER                                   STEP         FIRST   
  NO.   NAME      VALUE            ERROR          SIZE      DERIVATIVE 
   1  a1_Run2      2.17643e+00   1.18101e-01   5.64310e-02   3.57963e-02
   2  a2_Run2      2.35429e+00   1.85646e-01   4.38916e-02   1.19473e-01
   3  lambda_Run2  -2.00091e+00   5.82294e-02   1.34215e-01   1.39194e-01
   4  mcnbkg_run2   1.00026e+00   4.58343e+00   6.71190e-03** at limit **
   5  mcnsig_run2   1.87708e+04   5.76343e+03   2.02249e-02  -8.50752e-04
   6  mean_Run2    5.62011e+03   6.08442e-02   1.31988e-02   2.77613e-02
   7  sigma_Run2   1.40583e+01   1.00953e-01   7.06380e-03  -1.03193e+00
   8  tau_run2    -7.76129e-08   2.11824e-06   5.00000e-01  -1.67551e-06
                               ERR DEF= 0.5
 MIGRAD MINIMIZATION HAS CONVERGED.
 MIGRAD WILL VERIFY CONVERGENCE AND ERROR MATRIX.
 COVARIANCE MATRIX CALCULATED SUCCESSFULLY
 FCN=-97269.5 FROM MIGRAD    STATUS=CONVERGED    1554 CALLS        1555 TOTAL
                     EDM=0.00043552    STRATEGY= 2      ERROR MATRIX ACCURATE 
  EXT PARAMETER                                   STEP         FIRST   
  NO.   NAME      VALUE            ERROR          SIZE      DERIVATIVE 
   1  a1_Run2      2.02381e+00   1.64889e-01   4.58604e-02   3.96509e-02
   2  a2_Run2      2.15804e+00   2.15101e-01   3.01368e-02   5.68351e-02
   3  lambda_Run2  -2.09384e+00   8.56986e-02   1.59057e-02  -8.69901e-02
   4  mcnbkg_run2   1.00000e+00   4.26420e+00   6.48765e-03** at limit **
   5  mcnsig_run2   1.87708e+04   5.94446e+02   1.17846e-01   6.31151e-04
   6  mean_Run2    5.62011e+03   6.10972e-02   1.32180e-02  -2.97936e-04
   7  sigma_Run2   1.44745e+01   3.92165e-01   7.32940e-03  -2.07289e-01
   8  tau_run2    -7.75155e-08   9.92694e-06   5.00000e-01  -1.29068e-06
                               ERR DEF= 0.5
 EXTERNAL ERROR MATRIX.    NDIM=  25    NPAR=  8    ERR DEF=0.5
  2.824e-02  2.177e-02  1.124e-02  6.842e-07  3.787e-04 -1.872e-04 -4.688e-02  8.287e-09 
  2.177e-02  4.702e-02  1.443e-02  1.053e-06  5.830e-04  5.076e-04 -6.008e-02 -2.229e-08 
  1.124e-02  1.443e-02  7.633e-03  1.104e-07  6.111e-05  7.481e-05 -3.314e-02 -1.750e-09 
  6.842e-07  1.053e-06  1.104e-07  2.927e-08  6.895e-06  3.539e-09 -4.529e-07 -1.058e-11 
  3.787e-04  5.830e-04  6.111e-05  6.895e-06  4.892e+01  1.960e-06 -2.508e-04 -5.916e-09 
 -1.872e-04  5.076e-04  7.481e-05  3.539e-09  1.960e-06  3.738e-03 -3.497e-04 -2.750e-10 
 -4.688e-02 -6.008e-02 -3.314e-02 -4.529e-07 -2.508e-04 -3.497e-04  1.547e-01  7.095e-09 
  8.287e-09 -2.229e-08 -1.750e-09 -1.058e-11 -5.916e-09 -2.750e-10  7.095e-09  1.061e-07 
 PARAMETER  CORRELATION COEFFICIENTS  
       NO.  GLOBAL      1      2      3      4      5      6      7      8
        1  0.77379   1.000  0.597  0.765  0.024  0.000 -0.018 -0.709  0.000
        2  0.77077   0.597  1.000  0.761  0.028  0.000  0.038 -0.704 -0.000
        3  0.97600   0.765  0.761  1.000  0.007  0.000  0.014 -0.965 -0.000
        4  0.04622   0.024  0.028  0.007  1.000  0.006  0.000 -0.007 -0.000
        5  0.00577   0.000  0.000  0.000  0.006  1.000  0.000 -0.000 -0.000
        6  0.06472  -0.018  0.038  0.014  0.000  0.000  1.000 -0.015 -0.000
        7  0.96660  -0.709 -0.704 -0.965 -0.007 -0.000 -0.015  1.000  0.000
        8  0.00056   0.000 -0.000 -0.000 -0.000 -0.000 -0.000  0.000  1.000
 **********
 **   19 **SET ERR         0.5
 **********
 **********
 **   20 **SET PRINT           1
 **********
 **********
 **   21 **HESSE        4000
 **********
 COVARIANCE MATRIX CALCULATED SUCCESSFULLY
 FCN=-97269.5 FROM HESSE     STATUS=OK             77 CALLS        1632 TOTAL
                     EDM=0.000386572    STRATEGY= 2      ERROR MATRIX ACCURATE 
  EXT PARAMETER                                INTERNAL      INTERNAL  
  NO.   NAME      VALUE            ERROR       STEP SIZE       VALUE   
   1  a1_Run2      2.02381e+00   1.46173e-01   5.00000e-01   4.76340e-02
   2  a2_Run2      2.15804e+00   2.10485e-01   1.20547e-03   1.58708e-01
   3  lambda_Run2  -2.09384e+00   8.40044e-02   6.36227e-04   8.71665e-01
   4  mcnbkg_run2   1.00000e+00   4.26730e+00   1.29753e-03  -3.92699e+01
                                 WARNING -   - ABOVE PARAMETER IS AT LIMIT.
   5  mcnsig_run2   1.87708e+04   3.27389e+01   5.00000e-01  -3.18875e+02
   6  mean_Run2    5.62011e+03   6.11085e-02   1.05744e-04   1.09522e-01
   7  sigma_Run2   1.44745e+01   3.95146e-01   1.46588e-03   6.44202e+00
   8  tau_run2    -7.75155e-08   5.15542e-06   1.00000e-01   1.39562e+00
                               ERR DEF= 0.5
 EXTERNAL ERROR MATRIX.    NDIM=  25    NPAR=  8    ERR DEF=0.5
  2.201e-02  1.684e-02  8.785e-03  9.881e-08  3.881e-05  2.380e-05 -3.781e-02 -1.054e-08 
  1.684e-02  4.499e-02  1.370e-02  1.630e-07  6.402e-05  7.514e-04 -5.865e-02  4.174e-08 
  8.785e-03  1.370e-02  7.323e-03 -9.348e-10 -3.689e-07  1.981e-04 -3.274e-02  6.089e-09 
  9.881e-08  1.630e-07 -9.348e-10  2.929e-08  3.316e-07  1.342e-09  5.606e-09  3.419e-12 
  3.881e-05  6.402e-05 -3.689e-07  3.316e-07  2.639e+00  5.272e-07  2.209e-06  1.385e-09 
  2.380e-05  7.514e-04  1.981e-04  1.342e-09  5.272e-07  3.739e-03 -8.925e-04  5.049e-10 
 -3.781e-02 -5.865e-02 -3.274e-02  5.606e-09  2.209e-06 -8.925e-04  1.571e-01 -2.566e-08 
 -1.054e-08  4.174e-08  6.089e-09  3.419e-12  1.385e-09  5.049e-10 -2.566e-08  1.040e-07 
 PARAMETER  CORRELATION COEFFICIENTS  
       NO.  GLOBAL      1      2      3      4      5      6      7      8
        1  0.69909   1.000  0.535  0.692  0.004  0.000  0.003 -0.643 -0.000
        2  0.76431   0.535  1.000  0.755  0.004  0.000  0.058 -0.698  0.001
        3  0.97497   0.692  0.755  1.000 -0.000 -0.000  0.038 -0.965  0.000
        4  0.00897   0.004  0.004 -0.000  1.000  0.001  0.000  0.000  0.000
        5  0.00125   0.000  0.000 -0.000  0.001  1.000  0.000  0.000  0.000
        6  0.06790   0.003  0.058  0.038  0.000  0.000  1.000 -0.037  0.000
        7  0.96711  -0.643 -0.698 -0.965  0.000  0.000 -0.037  1.000 -0.000
        8  0.00089  -0.000  0.001  0.000  0.000  0.000  0.000 -0.000  1.000
 **********
 **   22 **SET ERR         0.5
 **********
 **********
 **   23 **SET PRINT           1
 **********
 **********
 **   24 **HESSE        4000
 **********
 MINUIT WARNING IN HESSE   
 ============== Negative diagonal element 8 in Error Matrix
 MINUIT WARNING IN HESSE   
 ============== 1.00002 added to diagonal of error matrix
 COVARIANCE MATRIX CALCULATED SUCCESSFULLY
 FCN=-111896 FROM HESSE     STATUS=OK             99 CALLS        1731 TOTAL
                     EDM=4.85547    STRATEGY= 2      ERROR MATRIX ACCURATE 
  EXT PARAMETER                                INTERNAL      INTERNAL  
  NO.   NAME      VALUE            ERROR       STEP SIZE       VALUE   
   1  a1_Run2      2.02381e+00   1.20693e-01   5.00000e-01   4.76340e-02
   2  a2_Run2      2.15804e+00   1.35039e-01   5.00000e-01   1.58708e-01
   3  lambda_Run2  -2.09384e+00   4.07284e-02   1.29790e-02   8.71665e-01
   4  mcnbkg_run2   1.00000e+00   2.56445e+00   1.65420e-01  -3.92699e+01
                                 WARNING -   - ABOVE PARAMETER IS AT LIMIT.
   5  mcnsig_run2   1.87708e+04   2.83594e+01   5.00000e-01  -3.18875e+02
   6  mean_Run2    5.62011e+03   5.67970e-02   2.15717e-03   1.09522e-01
   7  sigma_Run2   1.44745e+01   2.07883e-01   2.99040e-02   6.44202e+00
   8  tau_run2    -7.75155e-08   2.26308e-06   5.00000e-01   1.39562e+00
                               ERR DEF= 0.5
 EXTERNAL ERROR MATRIX.    NDIM=  25    NPAR=  8    ERR DEF=0.5
  1.486e-02  3.504e-03  1.938e-03  4.164e-06  4.662e-03 -2.302e-04 -7.431e-03  3.908e-13 
  3.504e-03  1.835e-02  1.382e-03  4.537e-06  5.083e-03  2.401e-04 -4.541e-03  2.093e-13 
  1.938e-03  1.382e-03  1.673e-03 -8.564e-07 -9.561e-04  8.922e-08 -7.537e-03 -5.170e-14 
  4.164e-06  4.537e-06 -8.564e-07  1.760e-08  1.957e-05 -2.534e-08  3.200e-06  1.195e-15 
  4.662e-03  5.083e-03 -9.561e-04  1.957e-05  2.286e+00 -2.830e-05  3.575e-03  1.339e-12 
 -2.302e-04  2.401e-04  8.922e-08 -2.534e-08 -2.830e-05  3.229e-03 -1.582e-05 -2.559e-15 
 -7.431e-03 -4.541e-03 -7.537e-03  3.200e-06  3.575e-03 -1.582e-05  4.329e-02  1.885e-13 
  3.908e-13  2.093e-13 -5.170e-14  1.195e-15  1.339e-12 -2.559e-15  1.885e-13  7.592e-13 
 PARAMETER  CORRELATION COEFFICIENTS  
       NO.  GLOBAL      1      2      3      4      5      6      7      8
        1  0.52218   1.000  0.212  0.389  0.257  0.025 -0.033 -0.293  0.000
        2  0.41413   0.212  1.000  0.249  0.252  0.025  0.031 -0.161  0.000
        3  0.90882   0.389  0.249  1.000 -0.158 -0.015  0.000 -0.886 -0.000
        4  0.48271   0.257  0.252 -0.158  1.000  0.098 -0.003  0.116  0.000
        5  0.09754   0.025  0.025 -0.015  0.098  1.000 -0.000  0.011  0.000
        6  0.05190  -0.033  0.031  0.000 -0.003 -0.000  1.000 -0.001 -0.000
        7  0.89148  -0.293 -0.161 -0.886  0.116  0.011 -0.001  1.000  0.000
        8  0.00001   0.000  0.000 -0.000  0.000  0.000 -0.000  0.000  1.000
Importing Run 1 data
Done making RooDataHist
RooDataHist::ds1[Lb_DTF_M_JpsiLConstr] = 375 bins (7726 weights)
Done importing Run 1 data
Importing Run 2 data
Done making RooDataHist
RooDataHist::ds2[Lb_DTF_M_JpsiLConstr] = 375 bins (24124 weights)
Done importing Run 2 data
before sb fit
 **********
 **    1 **SET PRINT           1
 **********
 **********
 **    2 **SET NOGRAD
 **********
 PARAMETER DEFINITIONS:
    NO.   NAME         VALUE      STEP SIZE      LIMITS
     1 slope_Run2  -2.00000e+00  2.50000e-01   -5.00000e+00  0.00000e+00
 **********
 **    3 **SET ERR         0.5
 **********
 **********
 **    4 **SET PRINT           1
 **********
 **********
 **    5 **SET STR           1
 **********
 NOW USING STRATEGY  1: TRY TO BALANCE SPEED AGAINST RELIABILITY
 **********
 **    6 **MIGRAD         500           1
 **********
 FIRST CALL TO USER FUNCTION AT NEW START POINT, WITH IFLAG=4.
 START MIGRAD MINIMIZATION.  STRATEGY  1.  CONVERGENCE WHEN EDM .LT. 1.00e-03
 FCN=120.534 FROM MIGRAD    STATUS=INITIATE        4 CALLS           5 TOTAL
                     EDM= unknown      STRATEGY= 1      NO ERROR MATRIX       
  EXT PARAMETER               CURRENT GUESS       STEP         FIRST   
  NO.   NAME      VALUE            ERROR          SIZE      DERIVATIVE 
   1  slope_Run2  -2.00000e+00   2.50000e-01   1.02263e-01   5.80519e+01
                               ERR DEF= 0.5
 MIGRAD MINIMIZATION HAS CONVERGED.
 MIGRAD WILL VERIFY CONVERGENCE AND ERROR MATRIX.
 COVARIANCE MATRIX CALCULATED SUCCESSFULLY
 FCN=117.419 FROM MIGRAD    STATUS=CONVERGED      22 CALLS          23 TOTAL
                     EDM=2.45255e-06    STRATEGY= 1      ERROR MATRIX ACCURATE 
  EXT PARAMETER                                   STEP         FIRST   
  NO.   NAME      VALUE            ERROR          SIZE      DERIVATIVE 
   1  slope_Run2  -2.35490e+00   2.04861e-01   5.95007e-04   1.90576e-02
                               ERR DEF= 0.5
 EXTERNAL ERROR MATRIX.    NDIM=  25    NPAR=  1    ERR DEF=0.5
  4.206e-02 
 **********
 **    7 **SET ERR         0.5
 **********
 **********
 **    8 **SET PRINT           1
 **********
 **********
 **    9 **HESSE         500
 **********
 COVARIANCE MATRIX CALCULATED SUCCESSFULLY
 FCN=117.419 FROM HESSE     STATUS=OK              5 CALLS          28 TOTAL
                     EDM=2.45123e-06    STRATEGY= 1      ERROR MATRIX ACCURATE 
  EXT PARAMETER                                INTERNAL      INTERNAL  
  NO.   NAME      VALUE            ERROR       STEP SIZE       VALUE   
   1  slope_Run2  -2.35490e+00   2.04861e-01   1.19001e-04   5.80732e-02
                               ERR DEF= 0.5
 EXTERNAL ERROR MATRIX.    NDIM=  25    NPAR=  1    ERR DEF=0.5
  4.206e-02 
RooDataHist::combData[sample,Lb_DTF_M_JpsiLConstr] = 750 bins (31850 weights)
Done importing combData and simPdf
**********Printing w after all imports***********

RooWorkspace(w) w contents

variables
---------
(Lb_DTF_M_JpsiLConstr,R,R_1405,R_1520,R_1600,a1_Run1,a1_Run2,a2_Run1,a2_Run2,eff_ratio1,eff_ratio2,eff_ratio_1405_1,eff_ratio_1405_2,eff_ratio_1520_1,eff_ratio_1520_2,eff_ratio_1600_1,eff_ratio_1600_2,geff_ratio1,geff_ratio2,geff_ratio_1405_1,geff_ratio_1405_2,geff_ratio_1520_1,geff_ratio_1520_2,geff_ratio_1600_1,geff_ratio_1600_2,gnXib1,gnXib2,gshift_Xib,lambda_Run1,lambda_Run2,mcnbkg_run1,mcnbkg_run2,mcnsig_run1,mcnsig_run2,mean_Run1,mean_Run2,miscLstMean_Run1,miscLstMean_Run2,miscLstSigma_Run1,miscLstSigma_Run2,nBkg_Run1,nBkg_Run2,nJpsiKs_Run1,nJpsiKs_Run2,nLb_Run1,nLb_Run2,nMiscLst_Run1,nMiscLst_Run2,nXib1,nXib2,nXib_JpsiLambda_Run1,nXib_JpsiLambda_Run2,sample,shift_Xib,sigma_Run1,sigma_Run2,slope_Run1,slope_Run2,tau_run1,tau_run2)

p.d.f.s
-------
RooExponential::Bkg_Run1[ x=Lb_DTF_M_JpsiLConstr c=Bkg_Run1_2 ] = 2.14265e-24
RooExponential::Bkg_Run2[ x=Lb_DTF_M_JpsiLConstr c=Bkg_Run2_2 ] = 3.51568e-11
RooKeysPdf::JPSIKS_RUN1[ x=Lb_DTF_M_JpsiLConstr ] = 0.00479095
RooKeysPdf::JPSIKS_RUN2[ x=Lb_DTF_M_JpsiLConstr ] = 0.00462869
RooKeysPdf::LST1405_Run1[ x=Lb_DTF_M_JpsiLConstr ] = 0.000200106
RooKeysPdf::LST1405_Run2[ x=Lb_DTF_M_JpsiLConstr ] = 0.000221522
