Info in <StandardHypoTestInvDemo>: Model ModelConfig has no snapshot  - make one using model poi
Info in <StandardHypoTestInvDemo>: Using Minuit as minimizer for computing the test statistic
Info in <StandardHypoTestInvDemo>:  Doing a first fit to the observed data 
Info in <TCanvas::Print>: pdf file ../plots/ANA/CLs_Hypatia_Expo_4700_6200_config5.pdf has been created
#######################################
Input file exists! Hurray!
Printing contents of w1 from input file

RooWorkspace(w1) w1 contents

variables
---------
(GB_WT,Lb_DTF_M_JpsiLConstr,sample,totWt,wt_tau)

p.d.f.s
-------
RooKeysPdf::JPSIKS_RUN1[ x=Lb_DTF_M_JpsiLConstr ] = 0.0048391
RooKeysPdf::JPSIKS_RUN2[ x=Lb_DTF_M_JpsiLConstr ] = 0.00468095
RooKeysPdf::LST1405_Run1[ x=Lb_DTF_M_JpsiLConstr ] = 0.000191426
RooKeysPdf::LST1405_Run2[ x=Lb_DTF_M_JpsiLConstr ] = 0.000218141
RooKeysPdf::LST1520_Run1[ x=Lb_DTF_M_JpsiLConstr ] = 8.38449e-05
RooKeysPdf::LST1520_Run2[ x=Lb_DTF_M_JpsiLConstr ] = 8.59225e-05
RooKeysPdf::LST1600_Run1[ x=Lb_DTF_M_JpsiLConstr ] = 5.57456e-05
RooKeysPdf::LST1600_Run2[ x=Lb_DTF_M_JpsiLConstr ] = 6.12807e-05
RooKeysPdf::SIG_Run1[ x=Lb_DTF_M_JpsiLConstr ] = 0.00418078
RooKeysPdf::SIG_Run2[ x=Lb_DTF_M_JpsiLConstr ] = 0.00419934
RooKeysPdf::XIB_RUN1[ x=Lb_DTF_M_JpsiLConstr ] = 0.00227783
RooKeysPdf::XIB_RUN2[ x=Lb_DTF_M_JpsiLConstr ] = 0.00176247

datasets
--------
RooDataSet::ds_sig_Run1(Lb_DTF_M_JpsiLConstr,GB_WT,wt_tau,totWt)
RooDataSet::ds_sig_wt_Run1(Lb_DTF_M_JpsiLConstr)
RooDataSet::ds_sig_Run2(Lb_DTF_M_JpsiLConstr,GB_WT,wt_tau,totWt)
RooDataSet::ds_sig_wt_Run2(Lb_DTF_M_JpsiLConstr)
RooDataSet::ds_1405_Run1(Lb_DTF_M_JpsiLConstr)
RooDataSet::ds_1405_Run2(Lb_DTF_M_JpsiLConstr)
RooDataSet::ds_1520_Run1(Lb_DTF_M_JpsiLConstr)
RooDataSet::ds_1520_Run2(Lb_DTF_M_JpsiLConstr)
RooDataSet::ds_1600_Run1(Lb_DTF_M_JpsiLConstr)
RooDataSet::ds_1600_Run2(Lb_DTF_M_JpsiLConstr)
RooDataSet::ds_xi_Run1(Lb_DTF_M_JpsiLConstr,GB_WT)
RooDataSet::ds_xi_wt_Run1(Lb_DTF_M_JpsiLConstr)
RooDataSet::ds_xi_Run2(Lb_DTF_M_JpsiLConstr,GB_WT)
RooDataSet::ds_xi_wt_Run2(Lb_DTF_M_JpsiLConstr)
RooDataSet::ds_jpsiks_Run1(Lb_DTF_M_JpsiLConstr)
RooDataSet::ds_jpsiks_Run2(Lb_DTF_M_JpsiLConstr)
RooDataHist::ds1(Lb_DTF_M_JpsiLConstr)
RooDataHist::ds2(Lb_DTF_M_JpsiLConstr)
RooDataHist::combData(sample,Lb_DTF_M_JpsiLConstr)

#######################################
[#1] INFO:Eval -- RooRealVar::setRange(Lb_DTF_M_JpsiLConstr) new range named 'signal_window' created with bounds [5365,5600]
[#1] INFO:Eval -- RooRealVar::setRange(Lb_DTF_M_JpsiLConstr) new range named 'sideband_window' created with bounds [5800,6200]
[#1] INFO:Eval -- RooRealVar::setRange(Lb_DTF_M_JpsiLConstr) new range named 'simFit_window' created with bounds [5500,5740]
@@@@@@@@@@@@@@@@@@@@@@@@@@@@@@@@@@@@@@@
Get Xib Normalization
@@@@@@@@@@@@@@@@@@@@@@@@@@@@@@@@@@@@@@@
xibYield = 36.361+/-7.75666+/-3.27249
UNWEIGHTED Xib->JpsiXi Eff = 0.0631 % +/- 0.0014 %
WEIGHTED Xib->JpsiXi Eff = 0.0728 % +/- 0.0015 %
UNWEIGHTED Xib->JpsiLambda Eff = 0.0125 % +/-0.0006 %
WEIGHTED Xib->JpsiLambda Eff = 0.0178 % +/-0.0007 %
UNWEIGTED Norm = 13.8196146616+/-2.94805017081+/-1.67578764137
WEIGHTED Norm = 17.091537352+/-3.64602855029+/-2.02913589009
BREAKUP OF SYSTEMATICS:
Overall Syst     = 11.8721671919%
*Tracking        = 5.0%
*Xi Vtx          = 1.4%
*Xib Yield       = 9.0%
*Xib->JpsiL eff  = 4.20607679997%
*Xib->JpsiXi eff = 2.08057811171%
*tauXib-/tauXib0 = 3.3118675253%
************************************************
The UNWEIGHTED LL Xib normalization for Run 1 is 13.8196 +/- 2.94805 +/- 1.67579
The WEIGHTED LL Xib normalization for Run 1 is 17.0915 +/- 3.64603 +/- 2.02914
************************************************
xibYield = 173.281+/-16.4207+/-10.39686
UNWEIGHTED Xib->JpsiXi Eff = 0.0650 % +/- 0.0014 %
WEIGHTED Xib->JpsiXi Eff = 0.0725 % +/- 0.0015 %
UNWEIGHTED Xib->JpsiLambda Eff = 0.0143 % +/-0.0006 %
WEIGHTED Xib->JpsiLambda Eff = 0.0202 % +/-0.0008 %
UNWEIGTED Norm = 73.0446368926+/-6.9219595283+/-7.25352157453
WEIGHTED Norm = 92.7579107823+/-8.79005676088+/-8.9630322475
BREAKUP OF SYSTEMATICS:
Overall Syst     = 9.66282247186%
*Tracking        = 5.0%
*Xi Vtx          = 1.4%
*Xib Yield       = 6.0%
*Xib->JpsiL eff  = 3.87667573682%
*Xib->JpsiXi eff = 2.10072769515%
*tauXib-/tauXib0 = 3.3118675253%
************************************************
The UNWEIGHTED LL Xib normalization for Run 2 is 73.0446 +/- 6.92196 +/- 7.25352
The WEIGHTED LL Xib normalization for Run 2 is 92.7579 +/- 8.79006 +/- 8.96303
************************************************
@@@@@@@@@@@@@@@@@@@@@@@@@@@@@@@@@@@@@@@
Get Lb -> J/psi Lambda efficiency
@@@@@@@@@@@@@@@@@@@@@@@@@@@@@@@@@@@@@@@
************************************************
Run 1 UNWEIGHTED Jpsi Lambda Eff = 0.099056 % +/- 0.00123353 %
Run 1 WEIGHTED Jpsi Lambda Eff = 0.116677 % +/- 0.00140014 %
************************************************
************************************************
Run 2 UNWEIGHTED Jpsi Lambda Eff = 0.107655 % +/- 0.000794055 %
Run 2 WEIGHTED Jpsi Lambda Eff = 0.104962 % +/- 0.000820194 %
************************************************
@@@@@@@@@@@@@@@@@@@@@@@@@@@@@@@@@@@@@@@
Get Lb -> J/psi Sigma efficiency and shape
@@@@@@@@@@@@@@@@@@@@@@@@@@@@@@@@@@@@@@@
************************************************
Run 1 UNWEIGHTED Jpsi Sigma Eff = 0.0817917 % +/- 0.00170186 %
Run 1 WEIGHTED Jpsi Sigma Eff = 0.0962744 % +/- 0.00195346 %
************************************************
***************************************
Run 1 UNWEIGHTED Lambda/Sigma efficiency ratio = 1.21108 +/- 0.0293674
Run 1 WEIGHTED Lambda/Sigma efficiency ratio   = 1.21192 +/- 0.0285692
***************************************
Done importing Jpsi Sigma shape
************************************************
Run 2 UNWEIGHTED Jpsi Sigma Eff = 0.0987979 % +/- 0.000993445 %
Run 2 WEIGHTED Jpsi Sigma Eff = 0.0979814 % +/- 0.00105355 %
************************************************
***************************************
Run 2 UNWEIGHTED Lambda/Sigma efficiency ratio = 1.08965 +/- 0.0135885
Run 2 WEIGHTED Lambda/Sigma efficiency ratio   = 1.07124 +/- 0.0142391
***************************************
Done importing Jpsi Sigma shape
@@@@@@@@@@@@@@@@@@@@@@@@@@@@@@@@@@@@@@@
Get Lb -> J/psi Lst(1405) efficiency and shape
@@@@@@@@@@@@@@@@@@@@@@@@@@@@@@@@@@@@@@@
************************************************
Run 1 UNWEIGHTED Jpsi /(1405) Eff = 0.0612125 % +/- 0.000499897 %
Run 1 WEIGHTED Jpsi /(1405) Eff = 0.0620457 % +/- 0.00049598 %
************************************************
***************************************
Run 1 UNWEIGHTED /(1405)/Lambda efficiency ratio = 0.524632 +/- 0.00761522
Run 1 WEIGHTED /(1405)/Lambda efficiency ratio   = 0.531773 +/- 0.00766755
***************************************
Done importing Jpsi Lst(1405) shape
************************************************
Run 2 UNWEIGHTED Jpsi /(1405) Eff = 0.0646163 % +/- 0.000781917 %
Run 2 WEIGHTED Jpsi /(1405) Eff = 0.0649678 % +/- 0.000782456 %
************************************************
***************************************
Run 2 UNWEIGHTED /(1405)/Lambda efficiency ratio = 0.615617 +/- 0.00886775
Run 2 WEIGHTED /(1405)/Lambda efficiency ratio   = 0.618966 +/- 0.00888628
***************************************
Done importing Jpsi Lst(1405) shape
************************************************
Run 1 UNWEIGHTED Jpsi /(1520) Eff = 0.0516389 % +/- 0.000466701 %
Run 1 WEIGHTED Jpsi /(1520) Eff = 0.0523444 % +/- 0.000462953 %
************************************************
***************************************
Run 1 UNWEIGHTED /(1520)/Lambda efficiency ratio = 0.44258 +/- 0.00664879
Run 1 WEIGHTED /(1520)/Lambda efficiency ratio   = 0.448626 +/- 0.00668778
***************************************
Done importing Jpsi Lst(1520) shape
************************************************
Run 2 UNWEIGHTED Jpsi /(1520) Eff = 0.0531118 % +/- 0.00084213 %
Run 2 WEIGHTED Jpsi /(1520) Eff = 0.0533748 % +/- 0.000843373 %
************************************************
***************************************
Run 2 UNWEIGHTED /(1520)/Lambda efficiency ratio = 0.50601 +/- 0.00894463
Run 2 WEIGHTED /(1520)/Lambda efficiency ratio   = 0.508516 +/- 0.00896391
***************************************
Done importing Jpsi Lst(1520) shape
************************************************
Run 1 UNWEIGHTED Jpsi /(1600) Eff = 0.0449972 % +/- 0.000415111 %
Run 1 WEIGHTED Jpsi /(1600) Eff = 0.0455975 % +/- 0.000411639 %
************************************************
***************************************
Run 1 UNWEIGHTED /(1600)/Lambda efficiency ratio = 0.385656 +/- 0.00583742
Run 1 WEIGHTED /(1600)/Lambda efficiency ratio   = 0.390801 +/- 0.00586855
***************************************
Done importing Jpsi Lst(1600) shape
************************************************
Run 2 UNWEIGHTED Jpsi /(1600) Eff = 0.045369 % +/- 0.000607504 %
Run 2 WEIGHTED Jpsi /(1600) Eff = 0.0455884 % +/- 0.000607032 %
************************************************
***************************************
Run 2 UNWEIGHTED /(1600)/Lambda efficiency ratio = 0.432242 +/- 0.00670131
Run 2 WEIGHTED /(1600)/Lambda efficiency ratio   = 0.434333 +/- 0.00670568
***************************************
Done importing Jpsi Lst(1600) shape
***************************************
Get J/psi Xi shape from MC
***************************************
Done importing Xib shape
Done importing Xib shape
***************************************
Get J/psi Ks shape from MC
***************************************
Done importing Xib shape
Done defining J/psi Lambda Hypatia shapes
*****UING EXPONENTIAL BKG SHAPE*****
Done defining cont. bkg exp. shapes
Done defining Misc Lambda* Gaussian shapes
RooDataSet::ds_sim1[Lb_DTF_M_JpsiLConstr,GB_WT,wt_tau] = 7194 entries
RooDataSet::ds_sim_wt1[Lb_DTF_M_JpsiLConstr,weight:totWt] = 7194 entries (7829.58 weighted)
mcNentries = 7829.58
RooDataSet::ds_sim2[Lb_DTF_M_JpsiLConstr,GB_WT,wt_tau] = 22999 entries
RooDataSet::ds_sim_wt2[Lb_DTF_M_JpsiLConstr,weight:totWt] = 22999 entries (19935.9 weighted)
mcNentries = 19935.9
reduceEng varSubset = (Lb_DTF_M_JpsiLConstr) _wgtVar = totWt
 **********
 **    1 **SET PRINT           1
 **********
 **********
 **    2 **SET NOGRAD
 **********
 PARAMETER DEFINITIONS:
    NO.   NAME         VALUE      STEP SIZE      LIMITS
     1 a1_Run1      1.80000e+00  1.00000e-01    1.00000e+00  2.00000e+00
     2 a2_Run1      1.70000e+00  4.00000e-02    1.50000e+00  1.90000e+00
     3 lambda_Run1  -2.59000e+00  8.00000e-02   -2.80000e+00 -2.00000e+00
     4 mcnbkg_run1   3.91529e+03  7.82858e+02    1.00000e+00  7.82958e+03
     5 mcnsig_run1   7.82458e+03  2.50000e+00    3.91479e+03  7.82958e+03
     6 mean_Run1    5.61960e+03  2.00000e-01    5.61900e+03  5.62100e+03
     7 sigma_Run1   1.50000e+01  6.00000e-01    1.20000e+01  1.80000e+01
     8 tau_run1    -1.00000e-07  4.95000e-08   -1.00000e-05 -1.00000e-09
 **********
 **    3 **SET ERR         0.5
 **********
 **********
 **    4 **SET PRINT           1
 **********
 **********
 **    5 **SET STR           2
 **********
 NOW USING STRATEGY  2: MAKE SURE MINIMUM TRUE, ERRORS CORRECT  
 **********
 **    6 **MIGRAD        4000           1
 **********
 FIRST CALL TO USER FUNCTION AT NEW START POINT, WITH IFLAG=4.
 START MIGRAD MINIMIZATION.  STRATEGY  2.  CONVERGENCE WHEN EDM .LT. 1.00e-03
 MINUIT WARNING IN HESSE   
 ============== Negative diagonal element 5 in Error Matrix
 MINUIT WARNING IN HESSE   
 ============== 192.847 added to diagonal of error matrix
 COVARIANCE MATRIX CALCULATED SUCCESSFULLY
 FCN=-31313.8 FROM HESSE     STATUS=OK             85 CALLS          86 TOTAL
                     EDM=14221.3    STRATEGY= 2      ERROR MATRIX ACCURATE 
  EXT PARAMETER                                   STEP         FIRST   
  NO.   NAME      VALUE            ERROR          SIZE      DERIVATIVE 
   1  a1_Run1      1.80000e+00   2.67622e-02   5.00000e-01  -1.56531e+01
   2  a2_Run1      1.70000e+00   1.42023e-02   5.00000e-01  -1.01379e+01
   3  lambda_Run1  -2.59000e+00   2.14254e-02   3.68431e-01   7.89837e+01
   4  mcnbkg_run1   3.91529e+03   2.05097e+02   2.37321e-01   3.09604e+03
   5  mcnsig_run1   7.82458e+03   2.56420e+03   2.78781e-01   1.45355e+01
   6  mean_Run1    5.61960e+03   5.57732e-02   4.33059e-01  -2.52925e+01
   7  sigma_Run1   1.50000e+01   1.52520e-01   2.41207e-01   1.05331e+02
   8  tau_run1    -1.00000e-07   7.12277e-08   5.00000e-01  -7.61063e-04
                               ERR DEF= 0.5
 MINUIT WARNING IN MIGRAD  
 ============== Negative diagonal element 5 in Error Matrix
 MINUIT WARNING IN MIGRAD  
 ============== 1.48852 added to diagonal of error matrix
 MIGRAD FAILS TO FIND IMPROVEMENT
 MIGRAD MINIMIZATION HAS CONVERGED.
 MIGRAD WILL VERIFY CONVERGENCE AND ERROR MATRIX.
 COVARIANCE MATRIX CALCULATED SUCCESSFULLY
 FCN=-34044.9 FROM MIGRAD    STATUS=CONVERGED     736 CALLS         737 TOTAL
                     EDM=0.000600778    STRATEGY= 2      ERROR MATRIX ACCURATE 
  EXT PARAMETER                                   STEP         FIRST   
  NO.   NAME      VALUE            ERROR          SIZE      DERIVATIVE 
   1  a1_Run1      1.73941e+00   2.29411e-01   3.17278e-02  -5.80039e-03
   2  a2_Run1      1.62958e+00   2.64672e-01   6.38313e-02  -2.00524e-03
   3  lambda_Run1  -2.45282e+00   2.27112e-01   1.10345e-02  -4.74929e-02
   4  mcnbkg_run1   1.00631e+00   3.17379e+01   1.51985e-02   1.09485e-01
   5  mcnsig_run1   7.82890e+03   5.85374e+02   1.04368e-01  -2.04131e-03
   6  mean_Run1    5.61986e+03   9.13118e-02   1.17459e-02   2.03827e-02
   7  sigma_Run1   1.53639e+01   9.39181e-01   6.90554e-03   3.21986e-02
   8  tau_run1    -9.87286e-08   5.12276e-06   5.00000e-01  -3.77910e-06
                               ERR DEF= 0.5
 EXTERNAL ERROR MATRIX.    NDIM=  25    NPAR=  8    ERR DEF=0.5
  5.827e-02 -4.230e-02  5.148e-02 -2.909e-02 -9.901e-02 -3.463e-04  1.979e-01  3.405e-09 
 -4.230e-02  4.736e-02 -4.697e-02  2.597e-02  8.840e-02 -4.355e-04 -1.804e-01 -1.396e-08 
  5.148e-02 -4.697e-02  5.848e-02 -4.817e-03 -1.640e-02  2.948e-05  2.276e-01  2.910e-09 
 -2.909e-02  2.597e-02 -4.817e-03  8.028e-01  2.609e+00 -1.895e-04 -1.913e-02 -2.179e-07 
 -9.901e-02  8.840e-02 -1.640e-02  2.609e+00  1.682e+03 -6.451e-04 -6.512e-02 -7.415e-07 
 -3.463e-04 -4.355e-04  2.948e-05 -1.895e-04 -6.451e-04  8.362e-03  2.962e-05  2.127e-10 
  1.979e-01 -1.804e-01  2.276e-01 -1.913e-02 -6.512e-02  2.962e-05  9.130e-01  1.119e-08 
  3.405e-09 -1.396e-08  2.910e-09 -2.179e-07 -7.415e-07  2.127e-10  1.119e-08  5.238e-08 
 PARAMETER  CORRELATION COEFFICIENTS  
       NO.  GLOBAL      1      2      3      4      5      6      7      8
        1  0.89163   1.000 -0.805  0.882 -0.134 -0.010 -0.016  0.858  0.000
        2  0.90233  -0.805  1.000 -0.892  0.133  0.010 -0.022 -0.868 -0.000
        3  0.98986   0.882 -0.892  1.000 -0.022 -0.002  0.001  0.985  0.000
        4  0.34884  -0.134  0.133 -0.022  1.000  0.071 -0.002 -0.022 -0.001
        5  0.07100  -0.010  0.010 -0.002  0.071  1.000 -0.000 -0.002 -0.000
        6  0.06089  -0.016 -0.022  0.001 -0.002 -0.000  1.000  0.000  0.000
        7  0.98563   0.858 -0.868  0.985 -0.022 -0.002  0.000  1.000  0.000
        8  0.00112   0.000 -0.000  0.000 -0.001 -0.000  0.000  0.000  1.000
 **********
 **    7 **SET ERR         0.5
 **********
 **********
 **    8 **SET PRINT           1
 **********
 **********
 **    9 **HESSE        4000
 **********
 COVARIANCE MATRIX CALCULATED SUCCESSFULLY
 FCN=-34044.9 FROM HESSE     STATUS=OK             83 CALLS         820 TOTAL
                     EDM=0.000358086    STRATEGY= 2      ERROR MATRIX ACCURATE 
  EXT PARAMETER                                INTERNAL      INTERNAL  
  NO.   NAME      VALUE            ERROR       STEP SIZE       VALUE   
   1  a1_Run1      1.73941e+00   2.17704e-01   2.53822e-04   2.64229e+00
   2  a2_Run1      1.62958e+00   2.64083e-01   5.10651e-04  -3.59816e-01
   3  lambda_Run1  -2.45282e+00   2.14197e-01   2.20691e-03  -2.81419e+01
   4  mcnbkg_run1   1.00631e+00   3.99614e+00   1.70176e-01  -1.56900e+00
   5  mcnsig_run1   7.82890e+03   3.29129e+01   5.00000e-01  -1.24067e+02
   6  mean_Run1    5.61986e+03   9.13234e-02   4.69836e-04   3.28270e+00
   7  sigma_Run1   1.53639e+01   8.84606e-01   2.76221e-04  -1.24448e+01
   8  tau_run1    -9.87286e-08   8.34129e-06   1.00000e-01   1.37275e+00
                               ERR DEF= 0.5
 EXTERNAL ERROR MATRIX.    NDIM=  25    NPAR=  8    ERR DEF=0.5
  5.189e-02 -3.632e-02  4.349e-02 -1.387e-02 -5.599e-02 -2.351e-04  1.676e-01 -4.287e-08 
 -3.632e-02  4.178e-02 -3.957e-02  1.205e-02  4.864e-02 -5.522e-04 -1.522e-01  6.648e-08 
  4.349e-02 -3.957e-02  5.120e-02  3.349e-03  1.338e-02  1.203e-04  1.998e-01  6.892e-09 
 -1.387e-02  1.205e-02  3.349e-03  1.010e-01  4.024e-01 -1.503e-04  1.100e-02  3.886e-07 
 -5.599e-02  4.864e-02  1.338e-02  4.024e-01  8.997e+01 -6.066e-04  4.394e-02  1.567e-06 
 -2.351e-04 -5.522e-04  1.203e-04 -1.503e-04 -6.066e-04  8.364e-03  3.509e-04 -1.018e-09 
  1.676e-01 -1.522e-01  1.998e-01  1.100e-02  4.394e-02  3.509e-04  8.067e-01  1.981e-08 
 -4.287e-08  6.648e-08  6.892e-09  3.886e-07  1.567e-06 -1.018e-09  1.981e-08  5.134e-08 
 PARAMETER  CORRELATION COEFFICIENTS  
       NO.  GLOBAL      1      2      3      4      5      6      7      8
        1  0.87731   1.000 -0.780  0.844 -0.192 -0.026 -0.011  0.819 -0.001
        2  0.88834  -0.780  1.000 -0.856  0.186  0.025 -0.030 -0.829  0.001
        3  0.98841   0.844 -0.856  1.000  0.047  0.006  0.006  0.983  0.000
        4  0.57896  -0.192  0.186  0.047  1.000  0.134 -0.005  0.039  0.005
        5  0.13352  -0.026  0.025  0.006  0.134  1.000 -0.001  0.005  0.001
        6  0.06318  -0.011 -0.030  0.006 -0.005 -0.001  1.000  0.004 -0.000
        7  0.98371   0.819 -0.829  0.983  0.039  0.005  0.004  1.000  0.000
        8  0.00548  -0.001  0.001  0.000  0.005  0.001 -0.000  0.000  1.000
 **********
 **   10 **SET ERR         0.5
 **********
 **********
 **   11 **SET PRINT           1
 **********
 **********
 **   12 **HESSE        4000
 **********
 COVARIANCE MATRIX CALCULATED SUCCESSFULLY
 FCN=-47649.6 FROM HESSE     STATUS=OK             95 CALLS         915 TOTAL
                     EDM=0.575896    STRATEGY= 2      ERROR MATRIX ACCURATE 
  EXT PARAMETER                                INTERNAL      INTERNAL  
  NO.   NAME      VALUE            ERROR       STEP SIZE       VALUE   
   1  a1_Run1      1.73941e+00   1.98676e-01   5.17797e-03   2.64229e+00
   2  a2_Run1      1.62958e+00   1.52495e-01   1.04173e-02  -3.59816e-01
   3  lambda_Run1  -2.45282e+00   1.91304e-01   4.50210e-02  -2.81419e+01
   4  mcnbkg_run1   1.00631e+00   3.03105e+00   1.70592e-01  -1.56900e+00
   5  mcnsig_run1   7.82890e+03   2.35474e+01   5.00000e-01  -1.24067e+02
   6  mean_Run1    5.61986e+03   7.72786e-02   9.58465e-03   3.28270e+00
   7  sigma_Run1   1.53639e+01   7.75329e-01   5.63492e-03  -1.24448e+01
   8  tau_run1    -9.87286e-08   7.22114e-06   5.00000e-01   1.37275e+00
                               ERR DEF= 0.5
 EXTERNAL ERROR MATRIX.    NDIM=  25    NPAR=  8    ERR DEF=0.5
  4.251e-02 -2.924e-02  3.504e-02 -1.081e-02 -4.414e-02 -2.442e-04  1.337e-01  1.084e-08 
 -2.924e-02  3.177e-02 -3.076e-02  9.406e-03  3.843e-02 -3.622e-04 -1.174e-01 -1.286e-08 
  3.504e-02 -3.076e-02  3.985e-02  2.651e-03  1.074e-02  6.983e-05  1.541e-01 -2.948e-09 
 -1.081e-02  9.406e-03  2.651e-03  7.657e-02  3.093e-01 -6.824e-05  8.930e-03 -8.869e-08 
 -4.414e-02  3.843e-02  1.074e-02  3.093e-01  6.432e+01 -2.795e-04  3.621e-02 -3.627e-07 
 -2.442e-04 -3.622e-04  6.983e-05 -6.824e-05 -2.795e-04  5.984e-03  2.349e-04  1.370e-10 
  1.337e-01 -1.174e-01  1.541e-01  8.930e-03  3.621e-02  2.349e-04  6.152e-01 -9.931e-09 
  1.084e-08 -1.286e-08 -2.948e-09 -8.869e-08 -3.627e-07  1.370e-10 -9.931e-09  1.718e-08 
 PARAMETER  CORRELATION COEFFICIENTS  
       NO.  GLOBAL      1      2      3      4      5      6      7      8
        1  0.88518   1.000 -0.796  0.851 -0.190 -0.027 -0.015  0.827  0.000
        2  0.89833  -0.796  1.000 -0.865  0.191  0.027 -0.026 -0.840 -0.001
        3  0.98932   0.851 -0.865  1.000  0.048  0.007  0.005  0.984 -0.000
        4  0.59808  -0.190  0.191  0.048  1.000  0.139 -0.003  0.041 -0.002
        5  0.13936  -0.027  0.027  0.007  0.139  1.000 -0.000  0.006 -0.000
        6  0.06556  -0.015 -0.026  0.005 -0.003 -0.000  1.000  0.004  0.000
        7  0.98481   0.827 -0.840  0.984  0.041  0.006  0.004  1.000 -0.000
        8  0.00246   0.000 -0.001 -0.000 -0.002 -0.000  0.000 -0.000  1.000
reduceEng varSubset = (Lb_DTF_M_JpsiLConstr) _wgtVar = totWt
 **********
 **   13 **SET PRINT           1
 **********
 **********
 **   14 **SET NOGRAD
 **********
 PARAMETER DEFINITIONS:
    NO.   NAME         VALUE      STEP SIZE      LIMITS
     1 a1_Run2      2.00000e+00  1.00000e-01    1.50000e+00  2.50000e+00
     2 a2_Run2      1.75000e+00  2.00000e-01    1.00000e+00  3.00000e+00
     3 lambda_Run2  -2.30000e+00  8.00000e-02   -2.80000e+00 -2.00000e+00
     4 mcnbkg_run2   9.96847e+03  1.99349e+03    1.00000e+00  1.99359e+04
     5 mcnsig_run2   1.99309e+04  2.50000e+00    9.96797e+03  1.99359e+04
     6 mean_Run2    5.61960e+03  2.00000e-01    5.61900e+03  5.62100e+03
     7 sigma_Run2   1.40000e+01  6.00000e-01    1.10000e+01  1.70000e+01
     8 tau_run2    -1.00000e-07  4.95000e-08   -1.00000e-05 -1.00000e-09
 **********
 **   15 **SET ERR         0.5
 **********
 **********
 **   16 **SET PRINT           1
 **********
 **********
 **   17 **SET STR           2
 **********
 NOW USING STRATEGY  2: MAKE SURE MINIMUM TRUE, ERRORS CORRECT  
 **********
 **   18 **MIGRAD        4000           1
 **********
 FIRST CALL TO USER FUNCTION AT NEW START POINT, WITH IFLAG=4.
 START MIGRAD MINIMIZATION.  STRATEGY  2.  CONVERGENCE WHEN EDM .LT. 1.00e-03
 MINUIT WARNING IN HESSE   
 ============== Negative diagonal element 5 in Error Matrix
 MINUIT WARNING IN HESSE   
 ============== 542.782 added to diagonal of error matrix
 COVARIANCE MATRIX CALCULATED SUCCESSFULLY
 FCN=-97608.8 FROM HESSE     STATUS=OK             83 CALLS          84 TOTAL
                     EDM=25677.1    STRATEGY= 2      ERROR MATRIX ACCURATE 
  EXT PARAMETER                                   STEP         FIRST   
  NO.   NAME      VALUE            ERROR          SIZE      DERIVATIVE 
   1  a1_Run2      2.00000e+00   2.06229e-02   5.00000e-01  -4.03770e+01
   2  a2_Run2      1.75000e+00   3.35127e-02   3.99293e-01  -1.42653e+02
   3  lambda_Run2  -2.30000e+00   1.52478e-02   4.69143e-01   2.08938e+02
   4  mcnbkg_run2   9.96847e+03   2.85714e+02   2.52044e-01   7.76895e+03
   5  mcnsig_run2   1.99309e+04   6.24612e+03   1.18280e-01   2.45645e+01
   6  mean_Run2    5.61960e+03   3.47052e-02   5.00000e-01  -1.35117e+02
   7  sigma_Run2   1.40000e+01   9.01921e-02   2.50112e-01   1.75748e+02
   8  tau_run2    -1.00000e-07   4.24803e-08   5.00000e-01  -9.41968e-04
                               ERR DEF= 0.5
 MINUIT WARNING IN MIGRAD  
 ============== Negative diagonal element 4 in Error Matrix
 MINUIT WARNING IN MIGRAD  
 ============== Negative diagonal element 5 in Error Matrix
 MINUIT WARNING IN MIGRAD  
 ============== 1.89802 added to diagonal of error matrix
 MIGRAD FAILS TO FIND IMPROVEMENT
 MIGRAD MINIMIZATION HAS CONVERGED.
 MIGRAD WILL VERIFY CONVERGENCE AND ERROR MATRIX.
 MINUIT WARNING IN HESSE   
 ============== Negative diagonal element 8 in Error Matrix
 MINUIT WARNING IN HESSE   
 ============== 1.00001 added to diagonal of error matrix
 COVARIANCE MATRIX CALCULATED SUCCESSFULLY
 FCN=-104530 FROM MIGRAD    STATUS=CONVERGED    1003 CALLS        1004 TOTAL
                     EDM=0.000950825    STRATEGY= 2      ERROR MATRIX ACCURATE 
  EXT PARAMETER                                   STEP         FIRST   
  NO.   NAME      VALUE            ERROR          SIZE      DERIVATIVE 
   1  a1_Run2      2.01765e+00   1.78665e-01   4.44845e-02   9.68663e-02
   2  a2_Run2      2.13968e+00   2.39975e-01   2.91916e-02   7.96084e-03
   3  lambda_Run2  -2.10266e+00   1.10930e-01   1.54678e-02  -1.08670e-02
   4  mcnbkg_run2   1.00000e+00   5.39363e+00   7.33691e-03** at limit **
   5  mcnsig_run2   1.99359e+04   4.82162e+02   1.17628e-01  -4.20927e-04
   6  mean_Run2    5.62014e+03   5.91320e-02   1.33331e-02   2.20250e-02
   7  sigma_Run2   1.44982e+01   5.15110e-01   7.39063e-03   7.24652e-02
   8  tau_run2    -1.01082e-07   2.25225e-06   5.00000e-01   2.05757e-06
                               ERR DEF= 0.5
 EXTERNAL ERROR MATRIX.    NDIM=  25    NPAR=  8    ERR DEF=0.5
  3.338e-02  3.178e-02 -1.756e-02  4.132e-05  2.226e-04 -5.487e-05 -7.640e-02  3.871e-14 
  3.178e-02  5.875e-02 -2.336e-02  6.125e-05  3.299e-04  5.832e-04 -1.014e-01 -1.149e-13 
 -1.756e-02 -2.336e-02  1.308e-02 -3.150e-06 -1.701e-05 -1.419e-04  5.809e-02  1.770e-14 
  4.132e-05  6.125e-05 -3.150e-06  9.866e-05  2.989e-04  1.893e-07 -1.275e-05  5.826e-15 
  2.226e-04  3.299e-04 -1.701e-05  2.989e-04  1.713e+01  1.020e-06 -6.885e-05  3.197e-14 
 -5.487e-05  5.832e-04 -1.419e-04  1.893e-07  1.020e-06  3.501e-03 -6.432e-04 -1.425e-15 
 -7.640e-02 -1.014e-01  5.809e-02 -1.275e-05 -6.885e-05 -6.432e-04  2.681e-01  7.673e-14 
  3.871e-14 -1.149e-13  1.770e-14  5.826e-15  3.197e-14 -1.425e-15  7.673e-14  9.907e-13 
 PARAMETER  CORRELATION COEFFICIENTS  
       NO.  GLOBAL      1      2      3      4      5      6      7      8
        1  0.84525   1.000  0.718 -0.840  0.023  0.000 -0.005 -0.808  0.000
        2  0.84824   0.718  1.000 -0.842  0.025  0.000  0.041 -0.808 -0.000
        3  0.98684  -0.840 -0.842  1.000 -0.003 -0.000 -0.021  0.981  0.000
        4  0.05798   0.023  0.025 -0.003  1.000  0.007  0.000 -0.002  0.000
        5  0.00728   0.000  0.000 -0.000  0.007  1.000  0.000 -0.000  0.000
        6  0.06440  -0.005  0.041 -0.021  0.000  0.000  1.000 -0.021 -0.000
        7  0.98197  -0.808 -0.808  0.981 -0.002 -0.000 -0.021  1.000  0.000
        8  0.00000   0.000 -0.000  0.000  0.000  0.000 -0.000  0.000  1.000
 **********
 **   19 **SET ERR         0.5
 **********
 **********
 **   20 **SET PRINT           1
 **********
 **********
 **   21 **HESSE        4000
 **********
 MINUIT WARNING IN HESSE   
 ============== Negative diagonal element 8 in Error Matrix
 MINUIT WARNING IN HESSE   
 ============== 1.00001 added to diagonal of error matrix
 COVARIANCE MATRIX CALCULATED SUCCESSFULLY
 FCN=-104530 FROM HESSE     STATUS=OK             87 CALLS        1091 TOTAL
                     EDM=0.000475456    STRATEGY= 2      ERROR MATRIX ACCURATE 
  EXT PARAMETER                                INTERNAL      INTERNAL  
  NO.   NAME      VALUE            ERROR       STEP SIZE       VALUE   
   1  a1_Run2      2.01765e+00   1.18410e-01   5.00000e-01   3.53050e-02
   2  a2_Run2      2.13968e+00   1.19426e-01   5.00000e-01   1.40133e-01
   3  lambda_Run2  -2.10266e+00   5.77578e-02   1.23743e-04   2.30353e+00
   4  mcnbkg_run2   1.00000e+00   5.40253e+00   1.46738e-03  -3.92699e+01
                                 WARNING -   - ABOVE PARAMETER IS AT LIMIT.
   5  mcnsig_run2   1.99359e+04   3.23173e+01   5.00000e-01  -3.44003e+02
   6  mean_Run2    5.62014e+03   5.90580e-02   5.33325e-04   1.38415e-01
   7  sigma_Run2   1.44982e+01   2.87161e-01   2.95625e-04   6.45001e+00
   8  tau_run2    -1.01082e-07   2.25225e-06   1.00000e-01   1.37037e+00
                               ERR DEF= 0.5
 EXTERNAL ERROR MATRIX.    NDIM=  25    NPAR=  8    ERR DEF=0.5
  1.429e-02  3.209e-03 -3.740e-03  4.597e-06  1.618e-05 -1.970e-04 -1.606e-02 -1.944e-13 
  3.209e-03  1.433e-02 -2.754e-03  5.427e-06  1.910e-05  1.535e-04 -1.162e-02  1.879e-13 
 -3.740e-03 -2.754e-03  3.389e-03  2.399e-06  8.443e-06  9.082e-07  1.572e-02 -5.159e-16 
  4.597e-06  5.427e-06  2.399e-06  9.883e-05  1.603e-05 -4.286e-08  1.043e-05 -3.482e-15 
  1.618e-05  1.910e-05  8.443e-06  1.603e-05  1.130e+00 -1.509e-07  3.672e-05 -1.237e-14 
 -1.970e-04  1.535e-04  9.082e-07 -4.286e-08 -1.509e-07  3.492e-03 -3.003e-05 -4.469e-16 
 -1.606e-02 -1.162e-02  1.572e-02  1.043e-05  3.672e-05 -3.003e-05  8.272e-02 -9.163e-15 
 -1.944e-13  1.879e-13 -5.159e-16 -3.482e-15 -1.237e-14 -4.469e-16 -9.163e-15  9.907e-13 
 PARAMETER  CORRELATION COEFFICIENTS  
       NO.  GLOBAL      1      2      3      4      5      6      7      8
        1  0.54897   1.000  0.224 -0.537  0.004  0.000 -0.028 -0.467 -0.000
        2  0.40743   0.224  1.000 -0.395  0.005  0.000  0.022 -0.338  0.000
        3  0.94818  -0.537 -0.395  1.000  0.004  0.000  0.000  0.939 -0.000
        4  0.01101   0.004  0.005  0.004  1.000  0.002 -0.000  0.004 -0.000
        5  0.00155   0.000  0.000  0.000  0.002  1.000 -0.000  0.000 -0.000
        6  0.04108  -0.028  0.022  0.000 -0.000 -0.000  1.000 -0.002 -0.000
        7  0.94030  -0.467 -0.338  0.939  0.004  0.000 -0.002  1.000 -0.000
        8  0.00000  -0.000  0.000 -0.000 -0.000 -0.000 -0.000 -0.000  1.000
 **********
 **   22 **SET ERR         0.5
 **********
 **********
 **   23 **SET PRINT           1
 **********
 **********
 **   24 **HESSE        4000
 **********
 MINUIT WARNING IN HESSE   
 ============== Negative diagonal element 8 in Error Matrix
 MINUIT WARNING IN HESSE   
 ============== 1.00002 added to diagonal of error matrix
 COVARIANCE MATRIX CALCULATED SUCCESSFULLY
 FCN=-120175 FROM HESSE     STATUS=OK            103 CALLS        1194 TOTAL
                     EDM=6.31847    STRATEGY= 2      ERROR MATRIX ACCURATE 
  EXT PARAMETER                                INTERNAL      INTERNAL  
  NO.   NAME      VALUE            ERROR       STEP SIZE       VALUE   
   1  a1_Run2      2.01765e+00   1.13422e-01   5.00000e-01   3.53050e-02
   2  a2_Run2      2.13968e+00   1.31508e-01   5.00000e-01   1.40133e-01
   3  lambda_Run2  -2.10266e+00   4.56758e-02   2.52435e-03   2.30353e+00
   4  mcnbkg_run2   1.00000e+00   3.10867e+00   1.71823e-01  -3.92699e+01
                                 WARNING -   - ABOVE PARAMETER IS AT LIMIT.
   5  mcnsig_run2   1.99359e+04   2.85082e+01   5.00000e-01  -3.44003e+02
   6  mean_Run2    5.62014e+03   5.50113e-02   1.08798e-02   1.38415e-01
   7  sigma_Run2   1.44982e+01   2.29083e-01   6.03075e-03   6.45001e+00
   8  tau_run2    -1.01082e-07   2.25225e-06   5.00000e-01   1.37037e+00
                               ERR DEF= 0.5
 EXTERNAL ERROR MATRIX.    NDIM=  25    NPAR=  8    ERR DEF=0.5
  1.309e-02  3.755e-03 -2.073e-03  2.130e-04  3.243e-03 -2.044e-04 -8.376e-03  1.392e-13 
  3.755e-03  1.740e-02 -1.656e-03  2.882e-04  4.388e-03  2.010e-04 -6.179e-03 -1.663e-15 
 -2.073e-03 -1.656e-03  2.107e-03  7.685e-05  1.167e-03  5.160e-06  9.609e-03  1.663e-14 
  2.130e-04  2.882e-04  7.685e-05  5.686e-05  8.605e-04 -1.017e-06  3.089e-04  1.547e-14 
  3.243e-03  4.388e-03  1.167e-03  8.605e-04  9.971e-01 -1.544e-05  4.692e-03  2.394e-13 
 -2.044e-04  2.010e-04  5.160e-06 -1.017e-06 -1.544e-05  3.029e-03  1.722e-06 -1.024e-15 
 -8.376e-03 -6.179e-03  9.609e-03  3.089e-04  4.692e-03  1.722e-06  5.258e-02  6.466e-14 
  1.392e-13 -1.663e-15  1.663e-14  1.547e-14  2.394e-13 -1.024e-15  6.466e-14  9.907e-13 
 PARAMETER  CORRELATION COEFFICIENTS  
       NO.  GLOBAL      1      2      3      4      5      6      7      8
        1  0.53768   1.000  0.249 -0.395  0.247  0.028 -0.032 -0.319  0.000
        2  0.47199   0.249  1.000 -0.274  0.290  0.033  0.028 -0.204 -0.000
        3  0.93066  -0.395 -0.274  1.000  0.222  0.025  0.002  0.913  0.000
        4  0.54942   0.247  0.290  0.222  1.000  0.114 -0.002  0.179  0.000
        5  0.11428   0.028  0.033  0.025  0.114  1.000 -0.000  0.020  0.000
        6  0.04958  -0.032  0.028  0.002 -0.002 -0.000  1.000  0.000 -0.000
        7  0.91703  -0.319 -0.204  0.913  0.179  0.020  0.000  1.000  0.000
        8  0.00000   0.000 -0.000  0.000  0.000  0.000 -0.000  0.000  1.000
Importing Run 1 data
Done making RooDataHist
RooDataHist::ds1[Lb_DTF_M_JpsiLConstr] = 375 bins (6713 weights)
Done importing Run 1 data
Importing Run 2 data
Done making RooDataHist
RooDataHist::ds2[Lb_DTF_M_JpsiLConstr] = 375 bins (22233 weights)
Done importing Run 2 data
before sb fit
 **********
 **    1 **SET PRINT           1
 **********
 **********
 **    2 **SET NOGRAD
 **********
 PARAMETER DEFINITIONS:
    NO.   NAME         VALUE      STEP SIZE      LIMITS
     1 slope_Run2  -2.00000e+00  2.50000e-01   -5.00000e+00  0.00000e+00
 **********
 **    3 **SET ERR         0.5
 **********
 **********
 **    4 **SET PRINT           1
 **********
 **********
 **    5 **SET STR           1
 **********
 NOW USING STRATEGY  1: TRY TO BALANCE SPEED AGAINST RELIABILITY
 **********
 **    6 **MIGRAD         500           1
 **********
 FIRST CALL TO USER FUNCTION AT NEW START POINT, WITH IFLAG=4.
 START MIGRAD MINIMIZATION.  STRATEGY  1.  CONVERGENCE WHEN EDM .LT. 1.00e-03
 FCN=102.914 FROM MIGRAD    STATUS=INITIATE        4 CALLS           5 TOTAL
                     EDM= unknown      STRATEGY= 1      NO ERROR MATRIX       
  EXT PARAMETER               CURRENT GUESS       STEP         FIRST   
  NO.   NAME      VALUE            ERROR          SIZE      DERIVATIVE 
   1  slope_Run2  -2.00000e+00   2.50000e-01   1.02263e-01   5.19386e+01
                               ERR DEF= 0.5
 MIGRAD MINIMIZATION HAS CONVERGED.
 MIGRAD WILL VERIFY CONVERGENCE AND ERROR MATRIX.
 COVARIANCE MATRIX CALCULATED SUCCESSFULLY
 FCN=100.004 FROM MIGRAD    STATUS=CONVERGED      22 CALLS          23 TOTAL
                     EDM=6.12368e-06    STRATEGY= 1      ERROR MATRIX ACCURATE 
  EXT PARAMETER                                   STEP         FIRST   
  NO.   NAME      VALUE            ERROR          SIZE      DERIVATIVE 
   1  slope_Run2  -2.37828e+00   2.32641e-01   6.16544e-04   2.65225e-02
                               ERR DEF= 0.5
 EXTERNAL ERROR MATRIX.    NDIM=  25    NPAR=  1    ERR DEF=0.5
  5.428e-02 
 **********
 **    7 **SET ERR         0.5
 **********
 **********
 **    8 **SET PRINT           1
 **********
 **********
 **    9 **HESSE         500
 **********
 COVARIANCE MATRIX CALCULATED SUCCESSFULLY
 FCN=100.004 FROM HESSE     STATUS=OK              5 CALLS          28 TOTAL
                     EDM=6.1217e-06    STRATEGY= 1      ERROR MATRIX ACCURATE 
  EXT PARAMETER                                INTERNAL      INTERNAL  
  NO.   NAME      VALUE            ERROR       STEP SIZE       VALUE   
   1  slope_Run2  -2.37828e+00   2.32641e-01   1.23309e-04   4.87065e-02
                               ERR DEF= 0.5
 EXTERNAL ERROR MATRIX.    NDIM=  25    NPAR=  1    ERR DEF=0.5
  5.428e-02 
RooDataHist::combData[sample,Lb_DTF_M_JpsiLConstr] = 750 bins (28946 weights)
Done importing combData and simPdf
**********Printing w after all imports***********

RooWorkspace(w) w contents

variables
---------
(Lb_DTF_M_JpsiLConstr,R,R_1405,R_1520,R_1600,a1_Run1,a1_Run2,a2_Run1,a2_Run2,eff_ratio1,eff_ratio2,eff_ratio_1405_1,eff_ratio_1405_2,eff_ratio_1520_1,eff_ratio_1520_2,eff_ratio_1600_1,eff_ratio_1600_2,geff_ratio1,geff_ratio2,geff_ratio_1405_1,geff_ratio_1405_2,geff_ratio_1520_1,geff_ratio_1520_2,geff_ratio_1600_1,geff_ratio_1600_2,gnXib1,gnXib2,gshift_Xib,lambda_Run1,lambda_Run2,mcnbkg_run1,mcnbkg_run2,mcnsig_run1,mcnsig_run2,mean_Run1,mean_Run2,miscLstMean_Run1,miscLstMean_Run2,miscLstSigma_Run1,miscLstSigma_Run2,nBkg_Run1,nBkg_Run2,nJpsiKs_Run1,nJpsiKs_Run2,nLb_Run1,nLb_Run2,nMiscLst_Run1,nMiscLst_Run2,nXib1,nXib2,nXib_JpsiLambda_Run1,nXib_JpsiLambda_Run2,sample,shift_Xib,sigma_Run1,sigma_Run2,slope_Run1,slope_Run2,tau_run1,tau_run2)

p.d.f.s
-------
RooExponential::Bkg_Run1[ x=Lb_DTF_M_JpsiLConstr c=Bkg_Run1_2 ] = 2.14265e-24
RooExponential::Bkg_Run2[ x=Lb_DTF_M_JpsiLConstr c=Bkg_Run2_2 ] = 1.24161e-10
RooKeysPdf::JPSIKS_RUN1[ x=Lb_DTF_M_JpsiLConstr ] = 0.0048391
RooKeysPdf::JPSIKS_RUN2[ x=Lb_DTF_M_JpsiLConstr ] = 0.00468095
RooKeysPdf::LST1405_Run1[ x=Lb_DTF_M_JpsiLConstr ] = 0.000191426
RooKeysPdf::LST1405_Run2[ x=Lb_DTF_M_JpsiLConstr ] = 0.000218141
RooKeysPdf::LST1520_Run1[ x=Lb_DTF_M_JpsiLConstr ] = 8.38449e-05
RooKeysPdf::LST1520_Run2[ x=Lb_DTF_M_JpsiLConstr ] = 8.59225e-05
RooKeysPdf::LST1600_Run1[ x=Lb_DTF_M_JpsiLConstr ] = 5.57456e-05
RooKeysPdf::LST1600_Run2[ x=Lb_DTF_M_JpsiLConstr ] = 6.12807e-05
RooHypatia2::Lb_Run1[ x=Lb_DTF_M_JpsiLConstr l=lambda_Run1 zeta=0 fb=0 sigma=sigma_Run1 mu=mean_Run1 a=a1_Run1 n=2 a2=a2_Run1 n2=2 ] = 9.85797e-05
RooHypatia2::Lb_Run2[ x=Lb_DTF_M_JpsiLConstr l=lambda_Run2 zeta=0 fb=0 sigma=sigma_Run2 mu=mean_Run2 a=a1_Run2 n=2 a2=a2_Run2 n2=2 ] = 0.000119439
RooKeysPdf::SIG_Run1[ x=Lb_DTF_M_JpsiLConstr ] = 0.00418078
RooKeysPdf::SIG_Run2[ x=Lb_DTF_M_JpsiLConstr ] = 0.00419934
RooKeysPdf::XIB_RUN1[ x=Lb_DTF_M_JpsiLConstr ] = 0.00227783
RooKeysPdf::XIB_RUN2[ x=Lb_DTF_M_JpsiLConstr ] = 0.00176247
RooHypatia2::Xib_Run1[ x=Lb_DTF_M_JpsiLConstr l=lambda_Run1 zeta=0 fb=0 sigma=sigma_Run1 mu=XibMean_Run1 a=a1_Run1 n=2 a2=a2_Run1 n2=2 ] = 2.2108e-05
RooHypatia2::Xib_Run2[ x=Lb_DTF_M_JpsiLConstr l=lambda_Run2 zeta=0 fb=0 sigma=sigma_Run2 mu=XibMean_Run2 a=a1_Run2 n=2 a2=a2_Run2 n2=2 ] = 2.67332e-05
RooGaussian::eff_ratio_1405_constraint1[ x=geff_ratio_1405_1 mean=eff_ratio_1405_1 sigma=0.007668 ] = 1
RooGaussian::eff_ratio_1405_constraint2[ x=geff_ratio_1405_2 mean=eff_ratio_1405_2 sigma=0.008886 ] = 1
RooGaussian::eff_ratio_1520_constraint1[ x=geff_ratio_1520_1 mean=eff_ratio_1520_1 sigma=0.006688 ] = 1
RooGaussian::eff_ratio_1520_constraint2[ x=geff_ratio_1520_2 mean=eff_ratio_1520_2 sigma=0.008964 ] = 1
RooGaussian::eff_ratio_1600_constraint1[ x=geff_ratio_1600_1 mean=eff_ratio_1600_1 sigma=0.005869 ] = 1
RooGaussian::eff_ratio_1600_constraint2[ x=geff_ratio_1600_2 mean=eff_ratio_1600_2 sigma=0.006706 ] = 1
RooGaussian::eff_ratio_constraint1[ x=geff_ratio1 mean=eff_ratio1 sigma=0.028569 ] = 1
RooGaussian::eff_ratio_constraint2[ x=geff_ratio2 mean=eff_ratio2 sigma=0.014239 ] = 1
RooGaussian::lstLump_Run1[ x=Lb_DTF_M_JpsiLConstr mean=miscLstMean_Run1 sigma=miscLstSigma_Run1 ] = 1.8585e-12
RooGaussian::lstLump_Run2[ x=Lb_DTF_M_JpsiLConstr mean=miscLstMean_Run2 sigma=miscLstSigma_Run2 ] = 1.8585e-12
RooAddPdf::mcFit_Run1[ mcnsig_run1 * Lb_Run1 + mcnbkg_run1 * mcbkg_Run1 ] = 0.00022702
RooAddPdf::mcFit_Run2[ mcnsig_run2 * Lb_Run2 + mcnbkg_run2 * mcbkg_Run2 ] = 0.000169564
RooExponential::mcbkg_Run1[ x=Lb_DTF_M_JpsiLConstr c=tau_run1 ] = 0.999462
RooExponential::mcbkg_Run2[ x=Lb_DTF_M_JpsiLConstr c=tau_run2 ] = 0.999449
RooAddPdf::model1[ nSigma1 * SIG_Run1 + nLb_Run1 * Lb_Run1 + nXib1 * XIB_RUN1 + n1405_Run1 * LST1405_Run1 + n1520_Run1 * LST1520_Run1 + n1600_Run1 * LST1600_Run1 + nMiscLst_Run1 * lstLump_Run1 + nBkg_Run1 * Bkg_Run1 + nXib_JpsiLambda_Run1 * Xib_Run1 + nJpsiKs_Run1 * JPSIKS_RUN1 ] = 7.36381e-05
RooAddPdf::model2[ nSigma2 * SIG_Run2 + nLb_Run2 * Lb_Run2 + nXib2 * XIB_RUN2 + n1405_Run2 * LST1405_Run2 + n1520_Run2 * LST1520_Run2 + n1600_Run2 * LST1600_Run2 + nMiscLst_Run2 * lstLump_Run2 + nBkg_Run2 * Bkg_Run2 + nXib_JpsiLambda_Run2 * Xib_Run2 + nJpsiKs_Run2 * JPSIKS_RUN2 ] = 9.25255e-05
RooProdPdf::model_const1[ model1 * eff_ratio_constraint1 * nXib_constraint1 * eff_ratio_1405_constraint1 * eff_ratio_1520_constraint1 * eff_ratio_1600_constraint1 * shift_Xib_constraint ] = 7.36381e-05
RooProdPdf::model_const2[ model2 * eff_ratio_constraint2 * nXib_constraint2 * eff_ratio_1405_constraint2 * eff_ratio_1520_constraint2 * eff_ratio_1600_constraint2 * shift_Xib_constraint ] = 9.25255e-05
RooGaussian::nXib_constraint1[ x=gnXib1 mean=nXib1 sigma=4.17264 ] = 1
RooGaussian::nXib_constraint2[ x=gnXib2 mean=nXib2 sigma=12.5539 ] = 1
RooGaussian::shift_Xib_constraint[ x=gshift_Xib mean=shift_Xib sigma=0.4 ] = 1
RooSimultaneous::simPdf[ indexCat=sample run1=model_const1 run2=model_const2 ] = 7.09362e-05

functions
--------
RooFormulaVar::Bkg_Run1_2[ actualVars=(slope_Run1) formula="-1*pow(10,slope_Run1)" ] = -0.01
RooFormulaVar::Bkg_Run2_2[ actualVars=(slope_Run2) formula="-1*pow(10,slope_Run2)" ] = -0.00418522
RooFormulaVar::XibMean_Run1[ actualVars=(mean_Run1,shift_Xib) formula="mean_Run1+shift_Xib" ] = 5792.36
