Info in <StandardHypoTestInvDemo>: Model ModelConfig has no snapshot  - make one using model poi
Info in <StandardHypoTestInvDemo>: Using Minuit as minimizer for computing the test statistic
Info in <StandardHypoTestInvDemo>:  Doing a first fit to the observed data 
Info in <TCanvas::Print>: pdf file ../plots/ANA/CLs_Hypatia_Expo_4700_6200_config3.pdf has been created
#######################################
Input file exists! Hurray!
Printing contents of w1 from input file

RooWorkspace(w1) w1 contents

variables
---------
(GB_WT,Lb_DTF_M_JpsiLConstr,sample,totWt,wt_tau)

p.d.f.s
-------
RooKeysPdf::JPSIKS_RUN1[ x=Lb_DTF_M_JpsiLConstr ] = 0.00478131
RooKeysPdf::JPSIKS_RUN2[ x=Lb_DTF_M_JpsiLConstr ] = 0.00462644
RooKeysPdf::LST1405_Run1[ x=Lb_DTF_M_JpsiLConstr ] = 0.000195147
RooKeysPdf::LST1405_Run2[ x=Lb_DTF_M_JpsiLConstr ] = 0.000250393
RooKeysPdf::LST1520_Run1[ x=Lb_DTF_M_JpsiLConstr ] = 8.53608e-05
RooKeysPdf::LST1520_Run2[ x=Lb_DTF_M_JpsiLConstr ] = 9.41795e-05
RooKeysPdf::LST1600_Run1[ x=Lb_DTF_M_JpsiLConstr ] = 5.54355e-05
RooKeysPdf::LST1600_Run2[ x=Lb_DTF_M_JpsiLConstr ] = 6.69526e-05
RooKeysPdf::SIG_Run1[ x=Lb_DTF_M_JpsiLConstr ] = 0.00430901
RooKeysPdf::SIG_Run2[ x=Lb_DTF_M_JpsiLConstr ] = 0.00414054
RooKeysPdf::XIB_RUN1[ x=Lb_DTF_M_JpsiLConstr ] = 0.00243499
RooKeysPdf::XIB_RUN2[ x=Lb_DTF_M_JpsiLConstr ] = 0.00227817

datasets
--------
RooDataSet::ds_sig_Run1(Lb_DTF_M_JpsiLConstr,GB_WT,wt_tau,totWt)
RooDataSet::ds_sig_wt_Run1(Lb_DTF_M_JpsiLConstr)
RooDataSet::ds_sig_Run2(Lb_DTF_M_JpsiLConstr,GB_WT,wt_tau,totWt)
RooDataSet::ds_sig_wt_Run2(Lb_DTF_M_JpsiLConstr)
RooDataSet::ds_1405_Run1(Lb_DTF_M_JpsiLConstr)
RooDataSet::ds_1405_Run2(Lb_DTF_M_JpsiLConstr)
RooDataSet::ds_1520_Run1(Lb_DTF_M_JpsiLConstr)
RooDataSet::ds_1520_Run2(Lb_DTF_M_JpsiLConstr)
RooDataSet::ds_1600_Run1(Lb_DTF_M_JpsiLConstr)
RooDataSet::ds_1600_Run2(Lb_DTF_M_JpsiLConstr)
RooDataSet::ds_xi_Run1(Lb_DTF_M_JpsiLConstr,GB_WT)
RooDataSet::ds_xi_wt_Run1(Lb_DTF_M_JpsiLConstr)
RooDataSet::ds_xi_Run2(Lb_DTF_M_JpsiLConstr,GB_WT)
RooDataSet::ds_xi_wt_Run2(Lb_DTF_M_JpsiLConstr)
RooDataSet::ds_jpsiks_Run1(Lb_DTF_M_JpsiLConstr)
RooDataSet::ds_jpsiks_Run2(Lb_DTF_M_JpsiLConstr)
RooDataHist::ds1(Lb_DTF_M_JpsiLConstr)
RooDataHist::ds2(Lb_DTF_M_JpsiLConstr)
RooDataHist::combData(sample,Lb_DTF_M_JpsiLConstr)

#######################################
[#1] INFO:Eval -- RooRealVar::setRange(Lb_DTF_M_JpsiLConstr) new range named 'signal_window' created with bounds [5365,5600]
[#1] INFO:Eval -- RooRealVar::setRange(Lb_DTF_M_JpsiLConstr) new range named 'sideband_window' created with bounds [5800,6200]
[#1] INFO:Eval -- RooRealVar::setRange(Lb_DTF_M_JpsiLConstr) new range named 'simFit_window' created with bounds [5500,5740]
@@@@@@@@@@@@@@@@@@@@@@@@@@@@@@@@@@@@@@@
Get Xib Normalization
@@@@@@@@@@@@@@@@@@@@@@@@@@@@@@@@@@@@@@@
xibYield = 36.361+/-7.75666+/-3.27249
UNWEIGHTED Xib->JpsiXi Eff = 0.0631 % +/- 0.0014 %
WEIGHTED Xib->JpsiXi Eff = 0.0728 % +/- 0.0015 %
UNWEIGHTED Xib->JpsiLambda Eff = 0.0121 % +/-0.0006 %
WEIGHTED Xib->JpsiLambda Eff = 0.0175 % +/-0.0007 %
UNWEIGTED Norm = 13.4303297415+/-2.86500650403+/-1.63234595523
WEIGHTED Norm = 16.8181433185+/-3.58770714647+/-1.99871438228
BREAKUP OF SYSTEMATICS:
Overall Syst     = 11.8842748836%
*Tracking        = 5.0%
*Xi Vtx          = 1.4%
*Xib Yield       = 9.0%
*Xib->JpsiL eff  = 4.24013180509%
*Xib->JpsiXi eff = 2.08057811171%
*tauXib-/tauXib0 = 3.3118675253%
************************************************
The UNWEIGHTED LL Xib normalization for Run 1 is 13.4303 +/- 2.86501 +/- 1.63235
The WEIGHTED LL Xib normalization for Run 1 is 16.8181 +/- 3.58771 +/- 1.99871
************************************************
xibYield = 173.281+/-16.4207+/-10.39686
UNWEIGHTED Xib->JpsiXi Eff = 0.0650 % +/- 0.0014 %
WEIGHTED Xib->JpsiXi Eff = 0.0725 % +/- 0.0015 %
UNWEIGHTED Xib->JpsiLambda Eff = 0.0077 % +/-0.0005 %
WEIGHTED Xib->JpsiLambda Eff = 0.0133 % +/-0.0006 %
UNWEIGTED Norm = 39.6274548324+/-3.75523310442+/-4.2621268504
WEIGHTED Norm = 60.9227070022+/-5.77324400754+/-6.12947042372
BREAKUP OF SYSTEMATICS:
Overall Syst     = 10.061060523%
*Tracking        = 5.0%
*Xi Vtx          = 1.4%
*Xib Yield       = 6.0%
*Xib->JpsiL eff  = 4.7836613062%
*Xib->JpsiXi eff = 2.10072769515%
*tauXib-/tauXib0 = 3.3118675253%
************************************************
The UNWEIGHTED LL Xib normalization for Run 2 is 39.6275 +/- 3.75523 +/- 4.26213
The WEIGHTED LL Xib normalization for Run 2 is 60.9227 +/- 5.77324 +/- 6.12947
************************************************
@@@@@@@@@@@@@@@@@@@@@@@@@@@@@@@@@@@@@@@
Get Lb -> J/psi Lambda efficiency
@@@@@@@@@@@@@@@@@@@@@@@@@@@@@@@@@@@@@@@
************************************************
Run 1 UNWEIGHTED Jpsi Lambda Eff = 0.0982059 % +/- 0.00122766 %
Run 1 WEIGHTED Jpsi Lambda Eff = 0.115977 % +/- 0.00139545 %
************************************************
************************************************
Run 2 UNWEIGHTED Jpsi Lambda Eff = 0.0883054 % +/- 0.000705886 %
Run 2 WEIGHTED Jpsi Lambda Eff = 0.0847162 % +/- 0.000723892 %
************************************************
@@@@@@@@@@@@@@@@@@@@@@@@@@@@@@@@@@@@@@@
Get Lb -> J/psi Sigma efficiency and shape
@@@@@@@@@@@@@@@@@@@@@@@@@@@@@@@@@@@@@@@
************************************************
Run 1 UNWEIGHTED Jpsi Sigma Eff = 0.0814121 % +/- 0.0016978 %
Run 1 WEIGHTED Jpsi Sigma Eff = 0.0962223 % +/- 0.00195292 %
************************************************
***************************************
Run 1 UNWEIGHTED Lambda/Sigma efficiency ratio = 1.20628 +/- 0.0293298
Run 1 WEIGHTED Lambda/Sigma efficiency ratio   = 1.2053 +/- 0.0284383
***************************************
Done importing Jpsi Sigma shape
************************************************
Run 2 UNWEIGHTED Jpsi Sigma Eff = 0.0786555 % +/- 0.000879255 %
Run 2 WEIGHTED Jpsi Sigma Eff = 0.07639 % +/- 0.000923197 %
************************************************
***************************************
Run 2 UNWEIGHTED Lambda/Sigma efficiency ratio = 1.12269 +/- 0.0154286
Run 2 WEIGHTED Lambda/Sigma efficiency ratio   = 1.109 +/- 0.0164143
***************************************
Done importing Jpsi Sigma shape
@@@@@@@@@@@@@@@@@@@@@@@@@@@@@@@@@@@@@@@
Get Lb -> J/psi Lst(1405) efficiency and shape
@@@@@@@@@@@@@@@@@@@@@@@@@@@@@@@@@@@@@@@
************************************************
Run 1 UNWEIGHTED Jpsi /(1405) Eff = 0.0610947 % +/- 0.000499391 %
Run 1 WEIGHTED Jpsi /(1405) Eff = 0.0619227 % +/- 0.000495462 %
************************************************
***************************************
Run 1 UNWEIGHTED /(1405)/Lambda efficiency ratio = 0.526784 +/- 0.00766261
Run 1 WEIGHTED /(1405)/Lambda efficiency ratio   = 0.533923 +/- 0.00771501
***************************************
Done importing Jpsi Lst(1405) shape
************************************************
Run 2 UNWEIGHTED Jpsi /(1405) Eff = 0.0479076 % +/- 0.000628017 %
Run 2 WEIGHTED Jpsi /(1405) Eff = 0.0482169 % +/- 0.000628455 %
************************************************
***************************************
Run 2 UNWEIGHTED /(1405)/Lambda efficiency ratio = 0.565507 +/- 0.00884904
Run 2 WEIGHTED /(1405)/Lambda efficiency ratio   = 0.569158 +/- 0.00887044
***************************************
Done importing Jpsi Lst(1405) shape
************************************************
Run 1 UNWEIGHTED Jpsi /(1520) Eff = 0.051133 % +/- 0.000464318 %
Run 1 WEIGHTED Jpsi /(1520) Eff = 0.0518346 % +/- 0.000460599 %
************************************************
***************************************
Run 1 UNWEIGHTED /(1520)/Lambda efficiency ratio = 0.44089 +/- 0.00664603
Run 1 WEIGHTED /(1520)/Lambda efficiency ratio   = 0.44694 +/- 0.00668518
***************************************
Done importing Jpsi Lst(1520) shape
************************************************
Run 2 UNWEIGHTED Jpsi /(1520) Eff = 0.0397024 % +/- 0.000668191 %
Run 2 WEIGHTED Jpsi /(1520) Eff = 0.0399412 % +/- 0.00066929 %
************************************************
***************************************
Run 2 UNWEIGHTED /(1520)/Lambda efficiency ratio = 0.468652 +/- 0.00884579
Run 2 WEIGHTED /(1520)/Lambda efficiency ratio   = 0.471471 +/- 0.00886827
***************************************
Done importing Jpsi Lst(1520) shape
************************************************
Run 1 UNWEIGHTED Jpsi /(1600) Eff = 0.044601 % +/- 0.00041322 %
Run 1 WEIGHTED Jpsi /(1600) Eff = 0.0451997 % +/- 0.000409778 %
************************************************
***************************************
Run 1 UNWEIGHTED /(1600)/Lambda efficiency ratio = 0.384568 +/- 0.00583998
Run 1 WEIGHTED /(1600)/Lambda efficiency ratio   = 0.389731 +/- 0.00587141
***************************************
Done importing Jpsi Lst(1600) shape
************************************************
Run 2 UNWEIGHTED Jpsi /(1600) Eff = 0.0333691 % +/- 0.000493243 %
Run 2 WEIGHTED Jpsi /(1600) Eff = 0.033572 % +/- 0.000492941 %
************************************************
***************************************
Run 2 UNWEIGHTED /(1600)/Lambda efficiency ratio = 0.393894 +/- 0.00672515
Run 2 WEIGHTED /(1600)/Lambda efficiency ratio   = 0.396288 +/- 0.00673233
***************************************
Done importing Jpsi Lst(1600) shape
***************************************
Get J/psi Xi shape from MC
***************************************
Done importing Xib shape
Done importing Xib shape
***************************************
Get J/psi Ks shape from MC
***************************************
Done importing Xib shape
Done defining J/psi Lambda Hypatia shapes
*****UING EXPONENTIAL BKG SHAPE*****
Done defining cont. bkg exp. shapes
Done defining Misc Lambda* Gaussian shapes
RooDataSet::ds_sim1[Lb_DTF_M_JpsiLConstr,GB_WT,wt_tau] = 7132 entries
RooDataSet::ds_sim_wt1[Lb_DTF_M_JpsiLConstr,weight:totWt] = 7132 entries (7781.35 weighted)
mcNentries = 7781.35
RooDataSet::ds_sim2[Lb_DTF_M_JpsiLConstr,GB_WT,wt_tau] = 18870 entries
RooDataSet::ds_sim_wt2[Lb_DTF_M_JpsiLConstr,weight:totWt] = 18870 entries (16096.6 weighted)
mcNentries = 16096.6
reduceEng varSubset = (Lb_DTF_M_JpsiLConstr) _wgtVar = totWt
 **********
 **    1 **SET PRINT           1
 **********
 **********
 **    2 **SET NOGRAD
 **********
 PARAMETER DEFINITIONS:
    NO.   NAME         VALUE      STEP SIZE      LIMITS
     1 a1_Run1      1.80000e+00  1.00000e-01    1.00000e+00  2.00000e+00
     2 a2_Run1      1.70000e+00  4.00000e-02    1.50000e+00  1.90000e+00
     3 lambda_Run1  -2.59000e+00  8.00000e-02   -2.80000e+00 -2.00000e+00
     4 mcnbkg_run1   3.89118e+03  7.78035e+02    1.00000e+00  7.78135e+03
     5 mcnsig_run1   7.77635e+03  2.50000e+00    3.89068e+03  7.78135e+03
     6 mean_Run1    5.61960e+03  2.00000e-01    5.61900e+03  5.62100e+03
     7 sigma_Run1   1.50000e+01  6.00000e-01    1.20000e+01  1.80000e+01
     8 tau_run1    -1.00000e-07  4.95000e-08   -1.00000e-05 -1.00000e-09
 **********
 **    3 **SET ERR         0.5
 **********
 **********
 **    4 **SET PRINT           1
 **********
 **********
 **    5 **SET STR           2
 **********
 NOW USING STRATEGY  2: MAKE SURE MINIMUM TRUE, ERRORS CORRECT  
 **********
 **    6 **MIGRAD        4000           1
 **********
 FIRST CALL TO USER FUNCTION AT NEW START POINT, WITH IFLAG=4.
 START MIGRAD MINIMIZATION.  STRATEGY  2.  CONVERGENCE WHEN EDM .LT. 1.00e-03
 MINUIT WARNING IN HESSE   
 ============== Negative diagonal element 5 in Error Matrix
 MINUIT WARNING IN HESSE   
 ============== 194.782 added to diagonal of error matrix
 COVARIANCE MATRIX CALCULATED SUCCESSFULLY
 FCN=-31031.7 FROM HESSE     STATUS=OK             85 CALLS          86 TOTAL
                     EDM=13343.7    STRATEGY= 2      ERROR MATRIX ACCURATE 
  EXT PARAMETER                                   STEP         FIRST   
  NO.   NAME      VALUE            ERROR          SIZE      DERIVATIVE 
   1  a1_Run1      1.80000e+00   2.67155e-02   5.00000e-01  -1.51534e+01
   2  a2_Run1      1.70000e+00   1.41344e-02   5.00000e-01  -1.01398e+01
   3  lambda_Run1  -2.59000e+00   2.13908e-02   3.69497e-01   7.74010e+01
   4  mcnbkg_run1   3.89118e+03   1.99379e+02   2.31943e-01   3.06502e+03
   5  mcnsig_run1   7.77635e+03   2.53978e+03   2.76315e-01   1.47043e+01
   6  mean_Run1    5.61960e+03   5.59713e-02   4.41369e-01  -3.19517e+01
   7  sigma_Run1   1.50000e+01   1.52192e-01   2.41037e-01   1.02527e+02
   8  tau_run1    -1.00000e-07   7.08744e-08   5.00000e-01  -9.28793e-05
                               ERR DEF= 0.5
 MIGRAD FAILS TO FIND IMPROVEMENT
 MIGRAD MINIMIZATION HAS CONVERGED.
 MIGRAD WILL VERIFY CONVERGENCE AND ERROR MATRIX.
 COVARIANCE MATRIX CALCULATED SUCCESSFULLY
 FCN=-33710.6 FROM HESSE     STATUS=OK             73 CALLS         999 TOTAL
                     EDM=0.000741299    STRATEGY= 2      ERROR MATRIX ACCURATE 
  EXT PARAMETER                                   STEP         FIRST   
  NO.   NAME      VALUE            ERROR          SIZE      DERIVATIVE 
   1  a1_Run1      1.60264e+00   1.98298e-01   2.51864e-02  -5.75815e-02
   2  a2_Run1      1.75906e+00   3.07722e-01   7.54838e-02   8.56953e-03
   3  lambda_Run1  -2.44070e+00   2.01023e-01   1.10289e-02  -1.31649e-02
   4  mcnbkg_run1   1.17984e+01   1.63102e+01   4.63979e-03  -3.86242e-02
   5  mcnsig_run1   7.77233e+03   2.37547e+02   5.92741e-02  -6.67843e-02
   6  mean_Run1    5.61993e+03   9.19702e-02   1.16648e-02  -4.04467e-02
   7  sigma_Run1   1.53343e+01   8.30824e-01   6.90172e-03   1.12801e-02
   8  tau_run1    -9.97634e-08   6.69721e-06   5.00000e-01  -1.13769e-04
                               ERR DEF= 0.5
 MINUIT WARNING IN MIGRAD  
 ============== Negative diagonal element 4 in Error Matrix
 MINUIT WARNING IN MIGRAD  
 ============== 1.00063 added to diagonal of error matrix
 MIGRAD FAILS TO FIND IMPROVEMENT
 MACHINE ACCURACY LIMITS FURTHER IMPROVEMENT.
 MIGRAD MINIMIZATION HAS CONVERGED.
 MIGRAD WILL VERIFY CONVERGENCE AND ERROR MATRIX.
 COVARIANCE MATRIX CALCULATED SUCCESSFULLY
 FCN=-33710.6 FROM MIGRAD    STATUS=CONVERGED    1202 CALLS        1203 TOTAL
                     EDM=4.60356e-06    STRATEGY= 2      ERROR MATRIX ACCURATE 
  EXT PARAMETER                                   STEP         FIRST   
  NO.   NAME      VALUE            ERROR          SIZE      DERIVATIVE 
   1  a1_Run1      1.60559e+00   1.95250e-01   2.52519e-02  -1.33558e-03
   2  a2_Run1      1.76091e+00   3.06846e-01   7.54325e-02   1.01863e-03
   3  lambda_Run1  -2.43931e+00   1.98438e-01   1.10448e-02   6.01143e-03
   4  mcnbkg_run1   1.19729e+01   1.61295e+01   4.53904e-03   7.61413e-04
   5  mcnsig_run1   7.76946e+03   1.60299e+02   5.08337e-02  -2.23463e-03
   6  mean_Run1    5.61993e+03   9.19493e-02   1.16658e-02  -3.28080e-03
   7  sigma_Run1   1.53290e+01   8.20481e-01   6.89959e-03  -3.26280e-03
   8  tau_run1    -1.29404e-09   8.52629e-06   5.00000e-01  -6.27449e-06
                               ERR DEF= 0.5
 EXTERNAL ERROR MATRIX.    NDIM=  25    NPAR=  8    ERR DEF=0.5
  4.034e-02  3.373e-02 -3.324e-02  9.107e-01  1.084e+00 -1.328e-03 -1.278e-01 -1.655e-10 
  3.373e-02  5.043e-02 -3.425e-02  1.407e+00  1.676e+00 -6.153e-04 -1.331e-01 -1.640e-09 
 -3.324e-02 -3.425e-02  4.316e-02  2.817e-01  3.351e-01  8.627e-04  1.692e-01 -4.554e-10 
  9.107e-01  1.407e+00  2.817e-01  2.604e+02  2.961e+02 -2.485e-02  1.011e+00 -2.153e-07 
  1.084e+00  1.676e+00  3.351e-01  2.961e+02  7.756e+03 -2.957e-02  1.202e+00 -2.566e-07 
 -1.328e-03 -6.153e-04  8.627e-04 -2.485e-02 -2.957e-02  8.479e-03  3.229e-03  5.517e-12 
 -1.278e-01 -1.331e-01  1.692e-01  1.011e+00  1.202e+00  3.229e-03  6.909e-01 -1.649e-09 
 -1.655e-10 -1.640e-09 -4.554e-10 -2.153e-07 -2.566e-07  5.517e-12 -1.649e-09  5.181e-12 
 PARAMETER  CORRELATION COEFFICIENTS  
       NO.  GLOBAL      1      2      3      4      5      6      7      8
        1  0.87473   1.000  0.748 -0.797  0.281  0.061 -0.072 -0.765 -0.000
        2  0.86329   0.748  1.000 -0.734  0.388  0.085 -0.030 -0.713 -0.003
        3  0.98597  -0.797 -0.734  1.000  0.084  0.018  0.045  0.980 -0.001
        4  0.76185   0.281  0.388  0.084  1.000  0.208 -0.017  0.075 -0.006
        5  0.20868   0.061  0.085  0.018  0.208  1.000 -0.004  0.016 -0.001
        6  0.08080  -0.072 -0.030  0.045 -0.017 -0.004  1.000  0.042  0.000
        7  0.98076  -0.765 -0.713  0.980  0.075  0.016  0.042  1.000 -0.001
        8  0.00668  -0.000 -0.003 -0.001 -0.006 -0.001  0.000 -0.001  1.000
 **********
 **    7 **SET ERR         0.5
 **********
 **********
 **    8 **SET PRINT           1
 **********
 **********
 **    9 **HESSE        4000
 **********
 COVARIANCE MATRIX CALCULATED SUCCESSFULLY
 FCN=-33710.6 FROM HESSE     STATUS=OK             83 CALLS        1286 TOTAL
                     EDM=3.45987e-06    STRATEGY= 2      ERROR MATRIX ACCURATE 
  EXT PARAMETER                                INTERNAL      INTERNAL  
  NO.   NAME      VALUE            ERROR       STEP SIZE       VALUE   
   1  a1_Run1      1.60559e+00   1.63030e-01   2.02015e-04   2.12774e-01
   2  a2_Run1      1.76091e+00   2.94327e-01   5.00000e-01   3.09463e-01
   3  lambda_Run1  -2.43931e+00   1.62516e-01   4.41793e-04  -3.04316e+00
   4  mcnbkg_run1   1.19729e+01   1.62668e+01   7.26246e-06  -7.77886e+00
   5  mcnsig_run1   7.76946e+03   3.70374e+01   5.00000e-01  -6.11504e+01
   6  mean_Run1    5.61993e+03   9.19374e-02   4.66632e-04  -7.11463e-02
   7  sigma_Run1   1.53290e+01   6.71305e-01   2.75984e-04   1.09873e-01
   8  tau_run1    -1.29404e-09   8.52609e-06   5.00000e-01   1.55995e+00
                               ERR DEF= 0.5
 EXTERNAL ERROR MATRIX.    NDIM=  25    NPAR=  8    ERR DEF=0.5
  2.763e-02  1.862e-02 -1.931e-02  5.717e-01  3.169e-01 -1.040e-03 -7.274e-02  1.961e-10 
  1.862e-02  3.646e-02 -1.612e-02  1.274e+00  7.057e-01 -1.263e-04 -6.098e-02 -1.555e-09 
 -1.931e-02 -1.612e-02  2.803e-02  7.067e-01  3.916e-01  5.722e-04  1.099e-01 -9.645e-10 
  5.717e-01  1.274e+00  7.067e-01  2.649e+02  1.402e+02 -8.632e-03  2.743e+00 -2.284e-07 
  3.169e-01  7.057e-01  3.916e-01  1.402e+02  1.386e+03 -4.787e-03  1.520e+00 -1.265e-07 
 -1.040e-03 -1.263e-04  5.722e-04 -8.632e-03 -4.787e-03  8.477e-03  2.081e-03 -1.499e-11 
 -7.274e-02 -6.098e-02  1.099e-01  2.743e+00  1.520e+00  2.081e-03  4.585e-01 -3.716e-09 
  1.961e-10 -1.555e-09 -9.645e-10 -2.284e-07 -1.265e-07 -1.499e-11 -3.716e-09  5.181e-12 
 PARAMETER  CORRELATION COEFFICIENTS  
       NO.  GLOBAL      1      2      3      4      5      6      7      8
        1  0.81193   1.000  0.587 -0.694  0.211  0.051 -0.068 -0.646  0.001
        2  0.75768   0.587  1.000 -0.504  0.410  0.099 -0.007 -0.472 -0.004
        3  0.97831  -0.694 -0.504  1.000  0.259  0.063  0.037  0.969 -0.003
        4  0.76649   0.211  0.410  0.259  1.000  0.231 -0.006  0.249 -0.006
        5  0.23172   0.051  0.099  0.063  0.231  1.000 -0.001  0.060 -0.001
        6  0.07946  -0.068 -0.007  0.037 -0.006 -0.001  1.000  0.033 -0.000
        7  0.97085  -0.646 -0.472  0.969  0.249  0.060  0.033  1.000 -0.002
        8  0.00699   0.001 -0.004 -0.003 -0.006 -0.001 -0.000 -0.002  1.000
 **********
 **   10 **SET ERR         0.5
 **********
 **********
 **   11 **SET PRINT           1
 **********
 **********
 **   12 **HESSE        4000
 **********
 COVARIANCE MATRIX CALCULATED SUCCESSFULLY
 FCN=-47336.3 FROM HESSE     STATUS=OK             79 CALLS        1365 TOTAL
                     EDM=0.563275    STRATEGY= 2      ERROR MATRIX ACCURATE 
  EXT PARAMETER                                INTERNAL      INTERNAL  
  NO.   NAME      VALUE            ERROR       STEP SIZE       VALUE   
   1  a1_Run1      1.60559e+00   2.53989e-01   4.12110e-03   2.12774e-01
   2  a2_Run1      1.76091e+00   3.21802e-01   4.78533e-02   3.09463e-01
   3  lambda_Run1  -2.43931e+00   2.41910e-01   9.01257e-03  -3.04316e+00
   4  mcnbkg_run1   1.19729e+01   1.75362e+01   1.89172e-04  -7.77886e+00
   5  mcnsig_run1   7.76946e+03   1.23598e+02   1.23341e-02  -6.11504e+01
   6  mean_Run1    5.61993e+03   7.79083e-02   9.51929e-03  -7.11463e-02
   7  sigma_Run1   1.53290e+01   9.95569e-01   5.63007e-03   1.09873e-01
   8  tau_run1    -1.29404e-09   9.98439e-06   5.00000e-01   1.55995e+00
                               ERR DEF= 0.5
 EXTERNAL ERROR MATRIX.    NDIM=  25    NPAR=  8    ERR DEF=0.5
  7.134e-02  6.517e-02 -6.236e-02  1.769e+00  1.920e+00 -2.228e-03 -2.388e-01 -1.079e-09 
  6.517e-02  7.748e-02 -6.008e-02  2.513e+00  2.728e+00 -1.634e-03 -2.314e-01 -2.274e-09 
 -6.236e-02 -6.008e-02  6.760e-02 -4.327e-01 -4.697e-01  1.746e-03  2.614e-01  4.268e-11 
  1.769e+00  2.513e+00 -4.327e-01  3.079e+02  3.251e+02 -4.908e-02 -1.722e+00 -2.725e-07 
  1.920e+00  2.728e+00 -4.697e-01  3.251e+02  5.961e+03 -5.328e-02 -1.869e+00 -2.958e-07 
 -2.228e-03 -1.634e-03  1.746e-03 -4.908e-02 -5.328e-02  6.082e-03  6.578e-03  2.909e-11 
 -2.388e-01 -2.314e-01  2.614e-01 -1.722e+00 -1.869e+00  6.578e-03  1.030e+00  2.406e-10 
 -1.079e-09 -2.274e-09  4.268e-11 -2.725e-07 -2.958e-07  2.909e-11  2.406e-10  2.331e-12 
 PARAMETER  CORRELATION COEFFICIENTS  
       NO.  GLOBAL      1      2      3      4      5      6      7      8
        1  0.94729   1.000  0.877 -0.898  0.377  0.093 -0.107 -0.881 -0.003
        2  0.93903   0.877  1.000 -0.830  0.514  0.127 -0.075 -0.819 -0.005
        3  0.99363  -0.898 -0.830  1.000 -0.095 -0.023  0.086  0.990  0.000
        4  0.84704   0.377  0.514 -0.095  1.000  0.240 -0.036 -0.097 -0.010
        5  0.24022   0.093  0.127 -0.023  0.240  1.000 -0.009 -0.024 -0.003
        6  0.11481  -0.107 -0.075  0.086 -0.036 -0.009  1.000  0.083  0.000
        7  0.99089  -0.881 -0.819  0.990 -0.097 -0.024  0.083  1.000  0.000
        8  0.01056  -0.003 -0.005  0.000 -0.010 -0.003  0.000  0.000  1.000
reduceEng varSubset = (Lb_DTF_M_JpsiLConstr) _wgtVar = totWt
 **********
 **   13 **SET PRINT           1
 **********
 **********
 **   14 **SET NOGRAD
 **********
 PARAMETER DEFINITIONS:
    NO.   NAME         VALUE      STEP SIZE      LIMITS
     1 a1_Run2      2.00000e+00  1.00000e-01    1.50000e+00  2.50000e+00
     2 a2_Run2      1.75000e+00  2.00000e-01    1.00000e+00  3.00000e+00
     3 lambda_Run2  -2.30000e+00  8.00000e-02   -2.80000e+00 -2.00000e+00
     4 mcnbkg_run2   8.04878e+03  1.60956e+03    1.00000e+00  1.60966e+04
     5 mcnsig_run2   1.60916e+04  2.50000e+00    8.04828e+03  1.60966e+04
     6 mean_Run2    5.61960e+03  2.00000e-01    5.61900e+03  5.62100e+03
     7 sigma_Run2   1.40000e+01  6.00000e-01    1.10000e+01  1.70000e+01
     8 tau_run2    -1.00000e-07  4.95000e-08   -1.00000e-05 -1.00000e-09
 **********
 **   15 **SET ERR         0.5
 **********
 **********
 **   16 **SET PRINT           1
 **********
 **********
 **   17 **SET STR           2
 **********
 NOW USING STRATEGY  2: MAKE SURE MINIMUM TRUE, ERRORS CORRECT  
 **********
 **   18 **MIGRAD        4000           1
 **********
 FIRST CALL TO USER FUNCTION AT NEW START POINT, WITH IFLAG=4.
 START MIGRAD MINIMIZATION.  STRATEGY  2.  CONVERGENCE WHEN EDM .LT. 1.00e-03
 MINUIT WARNING IN HESSE   
 ============== Negative diagonal element 5 in Error Matrix
 MINUIT WARNING IN HESSE   
 ============== 430.771 added to diagonal of error matrix
 COVARIANCE MATRIX CALCULATED SUCCESSFULLY
 FCN=-75511.3 FROM HESSE     STATUS=OK             81 CALLS          82 TOTAL
                     EDM=21332.7    STRATEGY= 2      ERROR MATRIX ACCURATE 
  EXT PARAMETER                                   STEP         FIRST   
  NO.   NAME      VALUE            ERROR          SIZE      DERIVATIVE 
   1  a1_Run2      2.00000e+00   2.31229e-02   5.00000e-01  -3.28785e+01
   2  a2_Run2      1.75000e+00   3.74070e-02   3.88209e-01  -1.16220e+02
   3  lambda_Run2  -2.30000e+00   1.71278e-02   4.61940e-01   1.82492e+02
   4  mcnbkg_run2   8.04878e+03   2.59769e+02   2.50229e-01   6.29733e+03
   5  mcnsig_run2   1.60916e+04   5.05177e+03   1.31640e-01   2.17539e+01
   6  mean_Run2    5.61960e+03   3.87916e-02   5.00000e-01  -1.07042e+02
   7  sigma_Run2   1.40000e+01   1.01250e-01   2.46390e-01   1.70339e+02
   8  tau_run2    -1.00000e-07   4.76807e-08   5.00000e-01  -6.20479e-04
                               ERR DEF= 0.5
 MIGRAD FAILS TO FIND IMPROVEMENT
 MIGRAD MINIMIZATION HAS CONVERGED.
 MIGRAD WILL VERIFY CONVERGENCE AND ERROR MATRIX.
 MINUIT WARNING IN HESSE   
 ============== Negative diagonal element 8 in Error Matrix
 MINUIT WARNING IN HESSE   
 ============== 1.00001 added to diagonal of error matrix
 COVARIANCE MATRIX CALCULATED SUCCESSFULLY
 FCN=-81131.7 FROM MIGRAD    STATUS=CONVERGED     867 CALLS         868 TOTAL
                     EDM=0.00046714    STRATEGY= 2      ERROR MATRIX ACCURATE 
  EXT PARAMETER                                   STEP         FIRST   
  NO.   NAME      VALUE            ERROR          SIZE      DERIVATIVE 
   1  a1_Run2      2.08875e+00   2.20881e-01   4.75711e-02  -4.30156e-03
   2  a2_Run2      2.23428e+00   2.85020e-01   3.06992e-02  -1.23599e-02
   3  lambda_Run2  -2.07565e+00   1.29482e-01   1.71028e-02  -1.34684e-01
   4  mcnbkg_run2   1.00002e+00   7.07597e+00   8.20811e-03** at limit **
   5  mcnsig_run2   1.60963e+04   3.88750e+02   1.28514e-01   1.87707e-03
   6  mean_Run2    5.62012e+03   6.50359e-02   1.29044e-02  -1.82943e-02
   7  sigma_Run2   1.42410e+01   6.24677e-01   7.03183e-03  -2.64033e-01
   8  tau_run2    -9.99860e-08   2.25275e-06   5.00000e-01   1.07568e-06
                               ERR DEF= 0.5
 EXTERNAL ERROR MATRIX.    NDIM=  25    NPAR=  8    ERR DEF=0.5
  5.247e-02  4.889e-02 -2.701e-02  1.086e-04  1.132e-03  1.387e-05  1.203e-01  6.522e-14 
  4.889e-02  8.368e-02 -3.375e-02  1.683e-04  1.755e-03  6.850e-04  1.501e-01 -1.457e-13 
 -2.701e-02 -3.375e-02  1.882e-02  1.564e-05  1.625e-04 -1.953e-04 -8.504e-02  1.470e-14 
  1.086e-04  1.683e-04  1.564e-05  4.888e-04  3.295e-03  1.559e-07 -6.785e-05  8.023e-15 
  1.132e-03  1.755e-03  1.625e-04  3.295e-03  3.722e+02  1.628e-06 -7.054e-04  8.391e-14 
  1.387e-05  6.850e-04 -1.953e-04  1.559e-07  1.628e-06  4.236e-03  9.090e-04 -1.061e-15 
  1.203e-01  1.501e-01 -8.504e-02 -6.785e-05 -7.054e-04  9.090e-04  3.960e-01 -6.465e-14 
  6.522e-14 -1.457e-13  1.470e-14  8.023e-15  8.391e-14 -1.061e-15 -6.465e-14  9.800e-13 
 PARAMETER  CORRELATION COEFFICIENTS  
       NO.  GLOBAL      1      2      3      4      5      6      7      8
        1  0.86277   1.000  0.738 -0.859  0.021  0.000  0.001  0.834  0.000
        2  0.85437   0.738  1.000 -0.850  0.026  0.000  0.036  0.824 -0.000
        3  0.98896  -0.859 -0.850  1.000  0.005  0.000 -0.022 -0.985  0.000
        4  0.07850   0.021  0.026  0.005  1.000  0.008  0.000 -0.005  0.000
        5  0.00773   0.000  0.000  0.000  0.008  1.000  0.000 -0.000  0.000
        6  0.05404   0.001  0.036 -0.022  0.000  0.000  1.000  0.022 -0.000
        7  0.98550   0.834  0.824 -0.985 -0.005 -0.000  0.022  1.000 -0.000
        8  0.00000   0.000 -0.000  0.000  0.000  0.000 -0.000 -0.000  1.000
 **********
 **   19 **SET ERR         0.5
 **********
 **********
 **   20 **SET PRINT           1
 **********
 **********
 **   21 **HESSE        4000
 **********
 MINUIT WARNING IN HESSE   
 ============== Negative diagonal element 8 in Error Matrix
 MINUIT WARNING IN HESSE   
 ============== 1.00001 added to diagonal of error matrix
 COVARIANCE MATRIX CALCULATED SUCCESSFULLY
 FCN=-81131.7 FROM HESSE     STATUS=OK             79 CALLS         947 TOTAL
                     EDM=0.000204657    STRATEGY= 2      ERROR MATRIX ACCURATE 
  EXT PARAMETER                                INTERNAL      INTERNAL  
  NO.   NAME      VALUE            ERROR       STEP SIZE       VALUE   
   1  a1_Run2      2.08875e+00   1.51787e-01   3.80569e-04   1.78439e-01
   2  a2_Run2      2.23428e+00   1.48998e-01   5.00000e-01   2.36481e-01
   3  lambda_Run2  -2.07565e+00   6.99856e-02   6.84111e-04   2.19596e+00
   4  mcnbkg_run2   1.00002e+00   7.09890e+00   1.64162e-03  -2.67035e+01
                                 WARNING -   - ABOVE PARAMETER IS AT LIMIT.
   5  mcnsig_run2   1.60963e+04   3.21496e+01   5.00000e-01  -2.05785e+02
   6  mean_Run2    5.62012e+03   6.50008e-02   5.16176e-04   1.20827e-01
   7  sigma_Run2   1.42410e+01   3.41312e-01   1.40637e-03   3.06117e+00
   8  tau_run2    -9.99860e-08   2.25275e-06   5.00000e-01   1.37147e+00
                               ERR DEF= 0.5
 EXTERNAL ERROR MATRIX.    NDIM=  25    NPAR=  8    ERR DEF=0.5
  2.381e-02  6.731e-03 -7.181e-03  1.466e-05  1.007e-04 -3.347e-04  3.104e-02  1.124e-13 
  6.731e-03  2.238e-02 -4.565e-03  2.290e-05  1.572e-04  1.453e-04  1.946e-02 -7.379e-14 
 -7.181e-03 -4.565e-03  5.051e-03  9.032e-06  6.201e-05  3.862e-05 -2.306e-02 -2.108e-14 
  1.466e-05  2.290e-05  9.032e-06  4.904e-04  2.588e-04 -1.801e-07 -3.878e-05  1.734e-15 
  1.007e-04  1.572e-04  6.201e-05  2.588e-04  3.032e+01 -1.236e-06 -2.662e-04  1.193e-14 
 -3.347e-04  1.453e-04  3.862e-05 -1.801e-07 -1.236e-06  4.231e-03 -1.201e-04 -4.394e-16 
  3.104e-02  1.946e-02 -2.306e-02 -3.878e-05 -2.662e-04 -1.201e-04  1.170e-01  9.255e-14 
  1.124e-13 -7.379e-14 -2.108e-14  1.734e-15  1.193e-14 -4.394e-16  9.255e-14  9.800e-13 
 PARAMETER  CORRELATION COEFFICIENTS  
       NO.  GLOBAL      1      2      3      4      5      6      7      8
        1  0.66367   1.000  0.292 -0.655  0.004  0.000 -0.033  0.588  0.000
        2  0.43829   0.292  1.000 -0.429  0.007  0.000  0.015  0.380 -0.000
        3  0.95822  -0.655 -0.429  1.000  0.006  0.000  0.008 -0.949 -0.000
        4  0.01635   0.004  0.007  0.006  1.000  0.002 -0.000 -0.005  0.000
        5  0.00216   0.000  0.000  0.000  0.002  1.000 -0.000 -0.000  0.000
        6  0.04357  -0.033  0.015  0.008 -0.000 -0.000  1.000 -0.005 -0.000
        7  0.95002   0.588  0.380 -0.949 -0.005 -0.000 -0.005  1.000  0.000
        8  0.00000   0.000 -0.000 -0.000  0.000  0.000 -0.000  0.000  1.000
 **********
 **   22 **SET ERR         0.5
 **********
 **********
 **   23 **SET PRINT           1
 **********
 **********
 **   24 **HESSE        4000
 **********
 MINUIT WARNING IN HESSE   
 ============== Negative diagonal element 8 in Error Matrix
 MINUIT WARNING IN HESSE   
 ============== 1.00001 added to diagonal of error matrix
 COVARIANCE MATRIX CALCULATED SUCCESSFULLY
 FCN=-91695.6 FROM HESSE     STATUS=OK             99 CALLS        1046 TOTAL
                     EDM=11.296    STRATEGY= 2      ERROR MATRIX ACCURATE 
  EXT PARAMETER                                INTERNAL      INTERNAL  
  NO.   NAME      VALUE            ERROR       STEP SIZE       VALUE   
   1  a1_Run2      2.08875e+00   1.47455e-01   7.76361e-03   1.78439e-01
   2  a2_Run2      2.23428e+00   1.79355e-01   5.00000e-01   2.36481e-01
   3  lambda_Run2  -2.07565e+00   4.58948e-02   1.39559e-02   2.19596e+00
   4  mcnbkg_run2   1.00002e+00   3.10822e+00   2.22176e-01  -2.67035e+01
                                 WARNING -   - ABOVE PARAMETER IS AT LIMIT.
   5  mcnsig_run2   1.60963e+04   2.89277e+01   5.00000e-01  -2.05785e+02
   6  mean_Run2    5.62012e+03   6.11052e-02   1.05300e-02   1.20827e-01
   7  sigma_Run2   1.42410e+01   2.32774e-01   2.86899e-02   3.06117e+00
   8  tau_run2    -9.99860e-08   2.25275e-06   5.00000e-01   1.37147e+00
                               ERR DEF= 0.5
 EXTERNAL ERROR MATRIX.    NDIM=  25    NPAR=  8    ERR DEF=0.5
  2.243e-02  8.507e-03 -3.256e-03  7.247e-04  3.318e-02 -3.402e-04  1.319e-02  1.673e-13 
  8.507e-03  3.254e-02 -2.395e-03  9.760e-04  4.471e-02  2.560e-04  8.892e-03 -1.038e-13 
 -3.256e-03 -2.395e-03  2.134e-03  8.680e-05  3.959e-03  1.419e-05 -9.652e-03 -7.078e-15 
  7.247e-04  9.760e-04  8.680e-05  2.147e-04  9.772e-03 -5.245e-06 -2.926e-04  8.868e-15 
  3.318e-02  4.471e-02  3.959e-03  9.772e-03  2.728e+01 -2.395e-04 -1.337e-02  4.288e-13 
 -3.402e-04  2.560e-04  1.419e-05 -5.245e-06 -2.395e-04  3.739e-03 -1.914e-05 -1.988e-15 
  1.319e-02  8.892e-03 -9.652e-03 -2.926e-04 -1.337e-02 -1.914e-05  5.429e-02  3.558e-14 
  1.673e-13 -1.038e-13 -7.078e-15  8.868e-15  4.288e-13 -1.988e-15  3.558e-14  9.800e-13 
 PARAMETER  CORRELATION COEFFICIENTS  
       NO.  GLOBAL      1      2      3      4      5      6      7      8
        1  0.62737   1.000  0.315 -0.471  0.330  0.042 -0.037  0.378  0.000
        2  0.51820   0.315  1.000 -0.287  0.369  0.047  0.023  0.212 -0.000
        3  0.92207  -0.471 -0.287  1.000  0.128  0.016  0.005 -0.897 -0.000
        4  0.59579   0.330  0.369  0.128  1.000  0.128 -0.006 -0.086  0.000
        5  0.12768   0.042  0.047  0.016  0.128  1.000 -0.001 -0.011  0.000
        6  0.05326  -0.037  0.023  0.005 -0.006 -0.001  1.000 -0.001 -0.000
        7  0.90233   0.378  0.212 -0.897 -0.086 -0.011 -0.001  1.000  0.000
        8  0.00000   0.000 -0.000 -0.000  0.000  0.000 -0.000  0.000  1.000
Importing Run 1 data
Done making RooDataHist
RooDataHist::ds1[Lb_DTF_M_JpsiLConstr] = 375 bins (6626 weights)
Done importing Run 1 data
Importing Run 2 data
Done making RooDataHist
RooDataHist::ds2[Lb_DTF_M_JpsiLConstr] = 375 bins (16856 weights)
Done importing Run 2 data
before sb fit
 **********
 **    1 **SET PRINT           1
 **********
 **********
 **    2 **SET NOGRAD
 **********
 PARAMETER DEFINITIONS:
    NO.   NAME         VALUE      STEP SIZE      LIMITS
     1 slope_Run2  -2.00000e+00  2.50000e-01   -5.00000e+00  0.00000e+00
 **********
 **    3 **SET ERR         0.5
 **********
 **********
 **    4 **SET PRINT           1
 **********
 **********
 **    5 **SET STR           1
 **********
 NOW USING STRATEGY  1: TRY TO BALANCE SPEED AGAINST RELIABILITY
 **********
 **    6 **MIGRAD         500           1
 **********
 FIRST CALL TO USER FUNCTION AT NEW START POINT, WITH IFLAG=4.
 START MIGRAD MINIMIZATION.  STRATEGY  1.  CONVERGENCE WHEN EDM .LT. 1.00e-03
 FCN=19.9867 FROM MIGRAD    STATUS=INITIATE        4 CALLS           5 TOTAL
                     EDM= unknown      STRATEGY= 1      NO ERROR MATRIX       
  EXT PARAMETER               CURRENT GUESS       STEP         FIRST   
  NO.   NAME      VALUE            ERROR          SIZE      DERIVATIVE 
   1  slope_Run2  -2.00000e+00   2.50000e-01   1.02263e-01  -1.16270e+01
                               ERR DEF= 0.5
 MIGRAD MINIMIZATION HAS CONVERGED.
 MIGRAD WILL VERIFY CONVERGENCE AND ERROR MATRIX.
 COVARIANCE MATRIX CALCULATED SUCCESSFULLY
 FCN=18.8541 FROM MIGRAD    STATUS=CONVERGED      23 CALLS          24 TOTAL
                     EDM=2.84724e-10    STRATEGY= 1      ERROR MATRIX ACCURATE 
  EXT PARAMETER                                   STEP         FIRST   
  NO.   NAME      VALUE            ERROR          SIZE      DERIVATIVE 
   1  slope_Run2  -1.61303e+00   2.17435e-01   2.84093e-04   1.81126e-04
                               ERR DEF= 0.5
 EXTERNAL ERROR MATRIX.    NDIM=  25    NPAR=  1    ERR DEF=0.5
  4.742e-02 
 **********
 **    7 **SET ERR         0.5
 **********
 **********
 **    8 **SET PRINT           1
 **********
 **********
 **    9 **HESSE         500
 **********
 COVARIANCE MATRIX CALCULATED SUCCESSFULLY
 FCN=18.8541 FROM HESSE     STATUS=OK              5 CALLS          29 TOTAL
                     EDM=2.83873e-10    STRATEGY= 1      ERROR MATRIX ACCURATE 
  EXT PARAMETER                                INTERNAL      INTERNAL  
  NO.   NAME      VALUE            ERROR       STEP SIZE       VALUE   
   1  slope_Run2  -1.61303e+00   2.17436e-01   5.68186e-05   3.62689e-01
                               ERR DEF= 0.5
 EXTERNAL ERROR MATRIX.    NDIM=  25    NPAR=  1    ERR DEF=0.5
  4.742e-02 
RooDataHist::combData[sample,Lb_DTF_M_JpsiLConstr] = 750 bins (23482 weights)
Done importing combData and simPdf
**********Printing w after all imports***********

RooWorkspace(w) w contents

variables
---------
(Lb_DTF_M_JpsiLConstr,R,R_1405,R_1520,R_1600,a1_Run1,a1_Run2,a2_Run1,a2_Run2,eff_ratio1,eff_ratio2,eff_ratio_1405_1,eff_ratio_1405_2,eff_ratio_1520_1,eff_ratio_1520_2,eff_ratio_1600_1,eff_ratio_1600_2,geff_ratio1,geff_ratio2,geff_ratio_1405_1,geff_ratio_1405_2,geff_ratio_1520_1,geff_ratio_1520_2,geff_ratio_1600_1,geff_ratio_1600_2,gnXib1,gnXib2,gshift_Xib,lambda_Run1,lambda_Run2,mcnbkg_run1,mcnbkg_run2,mcnsig_run1,mcnsig_run2,mean_Run1,mean_Run2,miscLstMean_Run1,miscLstMean_Run2,miscLstSigma_Run1,miscLstSigma_Run2,nBkg_Run1,nBkg_Run2,nJpsiKs_Run1,nJpsiKs_Run2,nLb_Run1,nLb_Run2,nMiscLst_Run1,nMiscLst_Run2,nXib1,nXib2,nXib_JpsiLambda_Run1,nXib_JpsiLambda_Run2,sample,shift_Xib,sigma_Run1,sigma_Run2,slope_Run1,slope_Run2,tau_run1,tau_run2)

p.d.f.s
-------
RooExponential::Bkg_Run1[ x=Lb_DTF_M_JpsiLConstr c=Bkg_Run1_2 ] = 2.14265e-24
RooExponential::Bkg_Run2[ x=Lb_DTF_M_JpsiLConstr c=Bkg_Run2_2 ] = 2.00873e-58
RooKeysPdf::JPSIKS_RUN1[ x=Lb_DTF_M_JpsiLConstr ] = 0.00478131
RooKeysPdf::JPSIKS_RUN2[ x=Lb_DTF_M_JpsiLConstr ] = 0.00462644
RooKeysPdf::LST1405_Run1[ x=Lb_DTF_M_JpsiLConstr ] = 0.000195147
RooKeysPdf::LST1405_Run2[ x=Lb_DTF_M_JpsiLConstr ] = 0.000250393
RooKeysPdf::LST1520_Run1[ x=Lb_DTF_M_JpsiLConstr ] = 8.53608e-05
RooKeysPdf::LST1520_Run2[ x=Lb_DTF_M_JpsiLConstr ] = 9.41795e-05
RooKeysPdf::LST1600_Run1[ x=Lb_DTF_M_JpsiLConstr ] = 5.54355e-05
RooKeysPdf::LST1600_Run2[ x=Lb_DTF_M_JpsiLConstr ] = 6.69526e-05
RooHypatia2::Lb_Run1[ x=Lb_DTF_M_JpsiLConstr l=lambda_Run1 zeta=0 fb=0 sigma=sigma_Run1 mu=mean_Run1 a=a1_Run1 n=2 a2=a2_Run1 n2=2 ] = 0.000129354
RooHypatia2::Lb_Run2[ x=Lb_DTF_M_JpsiLConstr l=lambda_Run2 zeta=0 fb=0 sigma=sigma_Run2 mu=mean_Run2 a=a1_Run2 n=2 a2=a2_Run2 n2=2 ] = 0.000111533
RooKeysPdf::SIG_Run1[ x=Lb_DTF_M_JpsiLConstr ] = 0.00430901
RooKeysPdf::SIG_Run2[ x=Lb_DTF_M_JpsiLConstr ] = 0.00414054
RooKeysPdf::XIB_RUN1[ x=Lb_DTF_M_JpsiLConstr ] = 0.00243499
RooKeysPdf::XIB_RUN2[ x=Lb_DTF_M_JpsiLConstr ] = 0.00227817
RooHypatia2::Xib_Run1[ x=Lb_DTF_M_JpsiLConstr l=lambda_Run1 zeta=0 fb=0 sigma=sigma_Run1 mu=XibMean_Run1 a=a1_Run1 n=2 a2=a2_Run1 n2=2 ] = 2.93555e-05
RooHypatia2::Xib_Run2[ x=Lb_DTF_M_JpsiLConstr l=lambda_Run2 zeta=0 fb=0 sigma=sigma_Run2 mu=XibMean_Run2 a=a1_Run2 n=2 a2=a2_Run2 n2=2 ] = 2.49099e-05
RooGaussian::eff_ratio_1405_constraint1[ x=geff_ratio_1405_1 mean=eff_ratio_1405_1 sigma=0.007715 ] = 1
RooGaussian::eff_ratio_1405_constraint2[ x=geff_ratio_1405_2 mean=eff_ratio_1405_2 sigma=0.00887 ] = 1
RooGaussian::eff_ratio_1520_constraint1[ x=geff_ratio_1520_1 mean=eff_ratio_1520_1 sigma=0.006685 ] = 1
RooGaussian::eff_ratio_1520_constraint2[ x=geff_ratio_1520_2 mean=eff_ratio_1520_2 sigma=0.008868 ] = 1
RooGaussian::eff_ratio_1600_constraint1[ x=geff_ratio_1600_1 mean=eff_ratio_1600_1 sigma=0.005871 ] = 1
RooGaussian::eff_ratio_1600_constraint2[ x=geff_ratio_1600_2 mean=eff_ratio_1600_2 sigma=0.006732 ] = 1
RooGaussian::eff_ratio_constraint1[ x=geff_ratio1 mean=eff_ratio1 sigma=0.028438 ] = 1
RooGaussian::eff_ratio_constraint2[ x=geff_ratio2 mean=eff_ratio2 sigma=0.016414 ] = 1
RooGaussian::lstLump_Run1[ x=Lb_DTF_M_JpsiLConstr mean=miscLstMean_Run1 sigma=miscLstSigma_Run1 ] = 1.8585e-12
RooGaussian::lstLump_Run2[ x=Lb_DTF_M_JpsiLConstr mean=miscLstMean_Run2 sigma=miscLstSigma_Run2 ] = 1.8585e-12
RooAddPdf::mcFit_Run1[ mcnsig_run1 * Lb_Run1 + mcnbkg_run1 * mcbkg_Run1 ] = 0.0016678
RooAddPdf::mcFit_Run2[ mcnsig_run2 * Lb_Run2 + mcnbkg_run2 * mcbkg_Run2 ] = 0.000173615
RooExponential::mcbkg_Run1[ x=Lb_DTF_M_JpsiLConstr c=tau_run1 ] = 0.999993
RooExponential::mcbkg_Run2[ x=Lb_DTF_M_JpsiLConstr c=tau_run2 ] = 0.999455
RooAddPdf::model1[ nSigma1 * SIG_Run1 + nLb_Run1 * Lb_Run1 + nXib1 * XIB_RUN1 + n1405_Run1 * LST1405_Run1 + n1520_Run1 * LST1520_Run1 + n1600_Run1 * LST1600_Run1 + nMiscLst_Run1 * lstLump_Run1 + nBkg_Run1 * Bkg_Run1 + nXib_JpsiLambda_Run1 * Xib_Run1 + nJpsiKs_Run1 * JPSIKS_RUN1 ] = 9.45392e-05
RooAddPdf::model2[ nSigma2 * SIG_Run2 + nLb_Run2 * Lb_Run2 + nXib2 * XIB_RUN2 + n1405_Run2 * LST1405_Run2 + n1520_Run2 * LST1520_Run2 + n1600_Run2 * LST1600_Run2 + nMiscLst_Run2 * lstLump_Run2 + nBkg_Run2 * Bkg_Run2 + nXib_JpsiLambda_Run2 * Xib_Run2 + nJpsiKs_Run2 * JPSIKS_RUN2 ] = 8.64825e-05
