eff_2015_md =	0.33580
err_eff_2015_md = 0.00071
eff_2015_mu = 0.33637
err_eff_2015_mu = 0.00072
eff_2016_md = 0.33681
err_eff_2016_md = 0.00073
eff_2016_mu = 0.33596
err_eff_2016_mu = 0.00073
