eff_2015_md =	0.33580
err_eff_2015_md = 0.00071
eff_2015_mu = 0.33637
err_eff_2015_mu = 0.00072
eff_2016_md = 0.33681
err_eff_2016_md = 0.00073
eff_2016_mu = 0.33596
err_eff_2016_mu = 0.00073

eff_2015 = 0.336085
eff_2016 = 0.336385

err_eff_2015 = 0.001
err_eff_2016 = 0.001

ngen_2015 = 560871
ngen_2016 = 3099934

eff_run2 = 0.336374
err_eff_run2 = 0.000966
