Info in <TCanvas::Print>: pdf file plots/fit_run1LL_nonZeroTracks.pdf has been created
Info in <TCanvas::Print>: pdf file plots/fit_run1LL_sWeights_nonZeroTracks.pdf has been created
Info in <TCanvas::Print>: pdf file plots/fit_run1LL_sWeightsVsMass_nonZeroTracks.pdf has been created
Info in <TCanvas::Print>: pdf file plots/fit_run1LL_sWeightedMass.pdf has been created
bda/run1/jpsilambda_LL_withsw_nonZeroTracks.root
Isolation Training Output file = rootFiles/dataFiles/JpsiLambda/run1/jpsilambda_LL_forIsoTraining.root
******************************************
Making mass cut on 2322179 entries
0
100000
200000
300000
400000
500000
600000
700000
800000
900000
1000000
1100000
1200000
1300000
1400000
1500000
1600000
1700000
1800000
1900000
2000000
2100000
2200000
2300000
Starting AddModel()
Making signal model
Making background model
Importing model into workspace
[#1] INFO:ObjectHandling -- RooWorkspace::import(myWS) importing RooAddPdf::model
[#1] INFO:ObjectHandling -- RooWorkspace::import(myWS) importing RooAddPdf::sig
[#1] INFO:ObjectHandling -- RooWorkspace::import(myWS) importing RooGaussian::sig1
[#1] INFO:ObjectHandling -- RooWorkspace::import(myWS) importing RooRealVar::Lb_DTF_M_JpsiLConstr
[#1] INFO:ObjectHandling -- RooWorkspace::import(myWS) importing RooRealVar::mean
[#1] INFO:ObjectHandling -- RooWorkspace::import(myWS) importing RooRealVar::sigma1
[#1] INFO:ObjectHandling -- RooWorkspace::import(myWS) importing RooRealVar::frac1
[#1] INFO:ObjectHandling -- RooWorkspace::import(myWS) importing RooGaussian::sig2
[#1] INFO:ObjectHandling -- RooWorkspace::import(myWS) importing RooRealVar::sigma2
[#1] INFO:ObjectHandling -- RooWorkspace::import(myWS) importing RooRealVar::sigYield
[#1] INFO:ObjectHandling -- RooWorkspace::import(myWS) importing RooExponential::bkg
[#1] INFO:ObjectHandling -- RooWorkspace::import(myWS) importing RooRealVar::tau
[#1] INFO:ObjectHandling -- RooWorkspace::import(myWS) importing RooRealVar::bkgYield

RooWorkspace(myWS) myWS contents

variables
---------
(Lb_DTF_M_JpsiLConstr,bkgYield,frac1,mean,sigYield,sigma1,sigma2,tau)

p.d.f.s
-------
RooExponential::bkg[ x=Lb_DTF_M_JpsiLConstr c=tau ] = 0.0198411
RooAddPdf::model[ sigYield * sig + bkgYield * bkg ] = 0.0198766
RooAddPdf::sig[ frac1 * sig1 + [%] * sig2 ] = 0.0213153
RooGaussian::sig1[ x=Lb_DTF_M_JpsiLConstr mean=mean sigma=sigma1 ] = 0.0213153
RooGaussian::sig2[ x=Lb_DTF_M_JpsiLConstr mean=mean sigma=sigma2 ] = 0.0213153

AddModel() complete
Starting AddData()
Importing data. This could take a while. Sit tight
[#1] INFO:Eval -- RooTreeDataStore::loadValues(data) Ignored 1917437 out of range events
[#1] INFO:ObjectHandling -- RooWorkspace::import(myWS) importing dataset data
[#1] INFO:ObjectHandling -- RooWorkSpace::import(myWS) changing name of dataset from  data to data

RooWorkspace(myWS) myWS contents

variables
---------
(Lb_DTF_M_JpsiLConstr,bkgYield,frac1,mean,sigYield,sigma1,sigma2,tau)

p.d.f.s
-------
RooExponential::bkg[ x=Lb_DTF_M_JpsiLConstr c=tau ] = 0.0198411
RooAddPdf::model[ sigYield * sig + bkgYield * bkg ] = 0.0198766
RooAddPdf::sig[ frac1 * sig1 + [%] * sig2 ] = 0.0213153
RooGaussian::sig1[ x=Lb_DTF_M_JpsiLConstr mean=mean sigma=sigma1 ] = 0.0213153
RooGaussian::sig2[ x=Lb_DTF_M_JpsiLConstr mean=mean sigma=sigma2 ] = 0.0213153

datasets
--------
RooDataSet::data(Lb_DTF_M_JpsiLConstr)

Finishing AddData()

RooWorkspace(myWS) myWS contents

variables
---------
(Lb_DTF_M_JpsiLConstr,bkgYield,frac1,mean,sigYield,sigma1,sigma2,tau)

p.d.f.s
-------
RooExponential::bkg[ x=Lb_DTF_M_JpsiLConstr c=tau ] = 0.0198411
RooAddPdf::model[ sigYield * sig + bkgYield * bkg ] = 0.0198766
RooAddPdf::sig[ frac1 * sig1 + [%] * sig2 ] = 0.0213153
RooGaussian::sig1[ x=Lb_DTF_M_JpsiLConstr mean=mean sigma=sigma1 ] = 0.0213153
RooGaussian::sig2[ x=Lb_DTF_M_JpsiLConstr mean=mean sigma=sigma2 ] = 0.0213153

datasets
--------
RooDataSet::data(Lb_DTF_M_JpsiLConstr)

Starting DoSPlot()
Calculating sWeights
[#1] INFO:Minization -- createNLL: caching constraint set under name CONSTR_OF_PDF_model_FOR_OBS_Lb_DTF_M_JpsiLConstr with 0 entries
[#1] INFO:Minization -- RooMinimizer::optimizeConst: activating const optimization
[#1] INFO:Minization --  The following expressions will be evaluated in cache-and-track mode: (sig1,sig2,bkg)
 **********
 **    1 **SET PRINT           1
 **********
 **********
 **    2 **SET NOGRAD
 **********
 PARAMETER DEFINITIONS:
    NO.   NAME         VALUE      STEP SIZE      LIMITS
     1 bkgYield     2.02371e+05  4.04742e+04    0.00000e+00  4.04742e+05
     2 frac1        5.00000e-01  9.90000e-02    1.00000e-02  1.00000e+00
     3 mean         5.61942e+03  2.00000e-01    5.61900e+03  5.62100e+03
     4 sigYield     5.00000e+03  2.50000e+03    0.00000e+00  3.00000e+04
     5 sigma1       7.00000e+00  1.00000e+00    5.00000e+00  2.00000e+01
     6 sigma2       7.00000e+00  1.70000e+00    3.00000e+00  2.00000e+01
     7 tau         -7.00000e-04  3.49950e-04   -1.00000e-02 -1.00000e-07
 **********
 **    3 **SET ERR         0.5
 **********
 **********
 **    4 **SET PRINT           1
 **********
 **********
 **    5 **SET STR           2
 **********
 NOW USING STRATEGY  2: MAKE SURE MINIMUM TRUE, ERRORS CORRECT  
 **********
 **    6 **MIGRAD        3500           1
 **********
 FIRST CALL TO USER FUNCTION AT NEW START POINT, WITH IFLAG=4.
 START MIGRAD MINIMIZATION.  STRATEGY  2.  CONVERGENCE WHEN EDM .LT. 1.00e-03
 MINUIT WARNING IN HESSE
 ============== Second derivative zero for parameter2
  MNHESS FAILS AND WILL RETURN DIAGONAL MATRIX. 
 FCN=-2.0553e+06 FROM HESSE     STATUS=FAILED         11 CALLS          12 TOTAL
                     EDM=193067    STRATEGY= 2  ERROR MATRIX UNCERTAINTY 100.0 per cent
  EXT PARAMETER                APPROXIMATE        STEP         FIRST   
  NO.   NAME      VALUE            ERROR          SIZE      DERIVATIVE 
   1  bkgYield     2.02371e+05   3.23150e+02   5.05946e-02  -1.94561e+05
   2  frac1        5.00000e-01   7.02412e-02   2.01369e-01   9.93203e+00
   3  mean         5.61942e+03   1.44637e-01   2.52435e-01   7.92284e+00
   4  sigYield     5.00000e+03   1.81620e+03   2.30756e-01   8.66716e+00
   5  sigma1       7.00000e+00   7.27597e-01   2.02490e-01   9.87702e+00
   6  sigma2       7.00000e+00   1.22237e+00   2.40891e-01   8.30252e+00
   7  tau         -7.00000e-04   2.55369e-04   1.41792e-01   1.41052e+01
                               ERR DEF= 0.5
 MIGRAD FAILS TO FIND IMPROVEMENT
 MACHINE ACCURACY LIMITS FURTHER IMPROVEMENT.
 MIGRAD MINIMIZATION HAS CONVERGED.
 MIGRAD WILL VERIFY CONVERGENCE AND ERROR MATRIX.
 EIGENVALUES OF SECOND-DERIVATIVE MATRIX:
        -3.0466e-02  4.0425e-01  8.2282e-01  9.9272e-01  1.0096e+00  1.0806e+00  2.7205e+00
 MINUIT WARNING IN HESSE   
 ============== MATRIX FORCED POS-DEF BY ADDING 0.033186 TO DIAGONAL.
 FCN=-2.13178e+06 FROM HESSE     STATUS=NOT POSDEF     72 CALLS         572 TOTAL
                     EDM=0.00970629    STRATEGY= 2      ERR MATRIX NOT POS-DEF
  EXT PARAMETER                APPROXIMATE        STEP         FIRST   
  NO.   NAME      VALUE            ERROR          SIZE      DERIVATIVE 
   1  bkgYield     3.98168e+05   7.09113e+02   1.25477e-02   1.15508e-02
   2  frac1        6.10085e-01   3.62777e-01   6.18379e-02   3.61029e-02
   3  mean         5.61931e+03   1.98435e-01   2.84257e-01  -4.81991e-01
   4  sigYield     6.57419e+03   3.70471e+02   1.17642e-02   1.03102e+00
   5  sigma1       1.05724e+01   4.58480e+00   7.28238e-02   8.77270e-02
   6  sigma2       4.55905e+00   1.87792e+00   4.46701e-02   4.62943e-02
   7  tau         -1.22318e-03   7.06256e-06   2.16375e-03   1.96072e+00
                               ERR DEF= 0.5
 MIGRAD FAILS TO FIND IMPROVEMENT
 MACHINE ACCURACY LIMITS FURTHER IMPROVEMENT.
 MIGRAD MINIMIZATION HAS CONVERGED.
 MIGRAD WILL VERIFY CONVERGENCE AND ERROR MATRIX.
 EIGENVALUES OF SECOND-DERIVATIVE MATRIX:
        -3.2375e-02  3.9084e-01  8.2613e-01  9.9283e-01  1.0093e+00  1.0839e+00  2.7293e+00
 MINUIT WARNING IN HESSE   
 ============== MATRIX FORCED POS-DEF BY ADDING 0.035104 TO DIAGONAL.
 FCN=-2.13178e+06 FROM HESSE     STATUS=NOT POSDEF     74 CALLS         691 TOTAL
                     EDM=0.000858927    STRATEGY= 2      ERR MATRIX NOT POS-DEF
  EXT PARAMETER                APPROXIMATE        STEP         FIRST   
  NO.   NAME      VALUE            ERROR          SIZE      DERIVATIVE 
   1  bkgYield     3.98171e+05   7.04285e+02   2.00764e-03  -6.53794e-03
   2  frac1        6.10892e-01   3.63597e-01   4.94703e-02   4.94264e-02
   3  mean         5.61933e+03   1.95980e-01   2.74317e-01  -1.50843e-01
   4  sigYield     6.57085e+03   3.54035e+02   1.17405e-02   1.73785e-01
   5  sigma1       1.05563e+01   4.45892e+00   5.82590e-02   6.08518e-02
   6  sigma2       4.55558e+00   1.93372e+00   4.78926e-02  -1.32659e-02
   7  tau         -1.22320e-03   7.04242e-06   2.16381e-03   3.99581e-01
                               ERR DEF= 0.5
 MIGRAD FAILS TO FIND IMPROVEMENT
 MACHINE ACCURACY LIMITS FURTHER IMPROVEMENT.
 MIGRAD MINIMIZATION HAS CONVERGED.
 MIGRAD WILL VERIFY CONVERGENCE AND ERROR MATRIX.
 EIGENVALUES OF SECOND-DERIVATIVE MATRIX:
        -3.1541e-02  4.0240e-01  8.2351e-01  9.9288e-01  1.0092e+00  1.0807e+00  2.7229e+00
 MINUIT WARNING IN HESSE   
 ============== MATRIX FORCED POS-DEF BY ADDING 0.034264 TO DIAGONAL.
 FCN=-2.13178e+06 FROM MIGRAD    STATUS=CONVERGED     839 CALLS         840 TOTAL
                     EDM=3.25905e-06    STRATEGY= 2      ERR MATRIX NOT POS-DEF
  EXT PARAMETER                APPROXIMATE        STEP         FIRST   
  NO.   NAME      VALUE            ERROR          SIZE      DERIVATIVE 
   1  bkgYield     3.98172e+05   7.08882e+02   1.25098e-02  -2.18689e-03
   2  frac1        6.11006e-01   3.62976e-01   6.18670e-02   1.97518e-02
   3  mean         5.61934e+03   1.95214e-01   2.70334e-01  -3.55866e-03
   4  sigYield     6.56973e+03   3.70759e+02   1.17473e-02  -8.08157e-03
   5  sigma1       1.05514e+01   4.55711e+00   6.82875e-02   1.87812e-02
   6  sigma2       4.55510e+00   1.88639e+00   4.70333e-02  -1.11748e-02
   7  tau         -1.22320e-03   7.05906e-06   2.16380e-03   2.75732e-03
                               ERR DEF= 0.5
 EXTERNAL ERROR MATRIX.    NDIM=  25    NPAR=  7    ERR DEF=0.5
  5.025e+05  1.247e+02 -1.305e+00 -1.240e+05 -1.550e+03  5.881e+02  4.956e-04 
  1.247e+02  1.686e-01 -1.987e-03 -1.318e+02 -2.007e+00  7.889e-01  5.267e-07 
 -1.305e+00 -1.987e-03  3.901e-02  1.381e+00  2.487e-02 -9.486e-03 -1.657e-08 
 -1.240e+05 -1.318e+02  1.381e+00  1.375e+05  1.639e+03 -6.215e+02 -5.234e-04 
 -1.550e+03 -2.007e+00  2.487e-02  1.639e+03  2.429e+01 -9.364e+00 -6.547e-06 
  5.881e+02  7.889e-01 -9.486e-03 -6.215e+02 -9.364e+00  3.750e+00  2.483e-06 
  4.956e-04  5.267e-07 -1.657e-08 -5.234e-04 -6.547e-06  2.483e-06  4.983e-11 
ERR MATRIX NOT POS-DEF
 PARAMETER  CORRELATION COEFFICIENTS  
       NO.  GLOBAL      1      2      3      4      5      6      7
        1  0.47501   1.000  0.429 -0.009 -0.472 -0.444  0.428  0.099
        2  0.99747   0.429  1.000 -0.025 -0.866 -0.992  0.992  0.182
        3  0.03192  -0.009 -0.025  1.000  0.019  0.026 -0.025 -0.012
        4  0.92361  -0.472 -0.866  0.019  1.000  0.896 -0.866 -0.200
        5  0.99520  -0.444 -0.992  0.026  0.896  1.000 -0.981 -0.188
        6  0.99323   0.428  0.992 -0.025 -0.866 -0.981  1.000  0.182
        7  0.20153   0.099  0.182 -0.012 -0.200 -0.188  0.182  1.000
 ERR MATRIX NOT POS-DEF
 **********
 **    7 **HESSE        3500
 **********
 COVARIANCE MATRIX CALCULATED SUCCESSFULLY
 FCN=-2.13178e+06 FROM HESSE     STATUS=OK             50 CALLS         890 TOTAL
                     EDM=3.85348e-06    STRATEGY= 2      ERROR MATRIX ACCURATE 
  EXT PARAMETER                                INTERNAL      INTERNAL  
  NO.   NAME      VALUE            ERROR       STEP SIZE       VALUE   
   1  bkgYield     3.98172e+05   6.59761e+02   2.00157e-05   1.31529e+00
   2  frac1        6.11006e-01   1.50258e-01   4.94936e-04   2.15826e-01
   3  mean         5.61934e+03   1.97389e-01   4.32534e-04  -7.24726e-01
   4  sigYield     6.56973e+03   2.08942e+02   9.39785e-05  -5.96824e-01
   5  sigma1       1.05514e+01   1.69691e+00   5.46300e-04  -1.28292e+01
   6  sigma2       4.55510e+00   7.68305e-01   3.76267e-04   4.09786e+00
   7  tau         -1.22320e-03   7.07021e-06   3.46208e-06   8.56230e-01
                               ERR DEF= 0.5
 EXTERNAL ERROR MATRIX.    NDIM=  25    NPAR=  7    ERR DEF=0.5
  4.353e+05  1.113e+01  9.534e-02 -3.710e+04 -1.981e+02  5.511e+01  1.542e-04 
  1.113e+01  2.334e-02 -2.362e-04 -1.112e+01 -2.401e-01  1.117e-01  4.596e-08 
  9.534e-02 -2.362e-04  3.990e-02 -7.870e-02  2.880e-03 -4.188e-04 -1.037e-08 
 -3.710e+04 -1.112e+01 -7.870e-02  4.366e+04  1.980e+02 -5.504e+01 -1.531e-04 
 -1.981e+02 -2.401e-01  2.880e-03  1.980e+02  2.934e+00 -1.103e+00 -8.181e-07 
  5.511e+01  1.117e-01 -4.188e-04 -5.504e+01 -1.103e+00  5.952e-01  2.271e-07 
  1.542e-04  4.596e-08 -1.037e-08 -1.531e-04 -8.181e-07  2.271e-07  4.999e-11 
 PARAMETER  CORRELATION COEFFICIENTS  
       NO.  GLOBAL      1      2      3      4      5      6      7
        1  0.27348   1.000  0.110  0.001 -0.269 -0.175  0.108  0.033
        2  0.98099   0.110  1.000 -0.008 -0.348 -0.917  0.947  0.043
        3  0.01874   0.001 -0.008  1.000 -0.002  0.008 -0.003 -0.007
        4  0.72208  -0.269 -0.348 -0.002  1.000  0.553 -0.341 -0.104
        5  0.95810  -0.175 -0.917  0.008  0.553  1.000 -0.834 -0.068
        6  0.95519   0.108  0.947 -0.003 -0.341 -0.834  1.000  0.042
        7  0.10564   0.033  0.043 -0.007 -0.104 -0.068  0.042  1.000
 **********
 **    8 **SET ERR         0.5
 **********
 **********
 **    9 **SET PRINT           1
 **********
 **********
 **   10 **HESSE        3500
 **********
 COVARIANCE MATRIX CALCULATED SUCCESSFULLY
 FCN=-2.13178e+06 FROM HESSE     STATUS=OK             50 CALLS         940 TOTAL
                     EDM=3.87381e-06    STRATEGY= 2      ERROR MATRIX ACCURATE 
  EXT PARAMETER                                INTERNAL      INTERNAL  
  NO.   NAME      VALUE            ERROR       STEP SIZE       VALUE   
   1  bkgYield     3.98172e+05   6.61605e+02   4.00315e-06   1.31529e+00
   2  frac1        6.11006e-01   1.49160e-01   9.89872e-05   2.15826e-01
   3  mean         5.61934e+03   1.97352e-01   8.65069e-05  -7.24726e-01
   4  sigYield     6.56973e+03   2.08725e+02   1.87957e-05  -5.96824e-01
   5  sigma1       1.05514e+01   1.68423e+00   1.09260e-04  -1.28292e+01
   6  sigma2       4.55510e+00   7.62703e-01   7.52533e-05   4.09786e+00
   7  tau         -1.22320e-03   7.09825e-06   6.92416e-07   8.56230e-01
                               ERR DEF= 0.5
 EXTERNAL ERROR MATRIX.    NDIM=  25    NPAR=  7    ERR DEF=0.5
  4.377e+05  9.985e+00 -6.268e-03 -3.692e+04 -1.873e+02  4.941e+01  1.770e-04 
  9.985e+00  2.299e-02 -3.673e-04 -1.084e+01 -2.361e-01  1.099e-01  4.568e-08 
 -6.268e-03 -3.673e-04  3.989e-02 -4.701e-02  4.033e-03 -1.092e-03 -2.520e-08 
 -3.692e+04 -1.084e+01 -4.701e-02  4.357e+04  1.952e+02 -5.363e+01 -1.562e-04 
 -1.873e+02 -2.361e-01  4.033e-03  1.952e+02  2.889e+00 -1.082e+00 -8.278e-07 
  4.941e+01  1.099e-01 -1.092e-03 -5.363e+01 -1.082e+00  5.865e-01  2.232e-07 
  1.770e-04  4.568e-08 -2.520e-08 -1.562e-04 -8.278e-07  2.232e-07  5.039e-11 
 PARAMETER  CORRELATION COEFFICIENTS  
       NO.  GLOBAL      1      2      3      4      5      6      7
        1  0.27137   1.000  0.100 -0.000 -0.267 -0.167  0.098  0.038
        2  0.98069   0.100  1.000 -0.012 -0.343 -0.916  0.946  0.042
        3  0.02603  -0.000 -0.012  1.000 -0.001  0.012 -0.007 -0.018
        4  0.72123  -0.267 -0.343 -0.001  1.000  0.550 -0.336 -0.105
        5  0.95744  -0.167 -0.916  0.012  0.550  1.000 -0.832 -0.069
        6  0.95451   0.098  0.946 -0.007 -0.336 -0.832  1.000  0.041
        7  0.10903   0.038  0.042 -0.018 -0.105 -0.069  0.041  1.000
[#1] INFO:Minization -- RooMinimizer::optimizeConst: deactivating const optimization
Starting MakePlots()
[#1] INFO:Plotting -- RooAbsPdf::plotOn(model) directly selected PDF components: (sig1)
[#1] INFO:Plotting -- RooAbsPdf::plotOn(model) indirectly selected PDF components: (sig)
[#1] INFO:Plotting -- RooAbsPdf::plotOn(model) directly selected PDF components: (sig2)
[#1] INFO:Plotting -- RooAbsPdf::plotOn(model) indirectly selected PDF components: (sig)
[#1] INFO:Plotting -- RooAbsPdf::plotOn(model) directly selected PDF components: (sig)
[#1] INFO:Plotting -- RooAbsPdf::plotOn(model) indirectly selected PDF components: (sig1,sig2)
[#1] INFO:Plotting -- RooAbsPdf::plotOn(model) directly selected PDF components: (bkg)
[#1] INFO:Plotting -- RooAbsPdf::plotOn(model) indirectly selected PDF components: ()
chi square1 = 1.03296
RooArgSet::parameters = (bkgYield,frac1,mean,sigYield,sigma1,sigma2,tau)
chi square2 = 1.07043
Pull Mean Y = -0.00888691
Pull RMS  Y = 1.01792
***************

  RooFitResult: minimized FCN value: -2.13178e+06, estimated distance to minimum: 3.87381e-06
                covariance matrix quality: Full, accurate covariance matrix
                Status : MINIMIZE=0 HESSE=0 

    Floating Parameter  InitialValue    FinalValue +/-  Error     GblCorr.
  --------------------  ------------  --------------------------  --------
              bkgYield    2.0237e+05    3.9817e+05 +/-  6.62e+02  <none>
                 frac1    5.0000e-01    6.1101e-01 +/-  1.49e-01  <none>
                  mean    5.6194e+03    5.6193e+03 +/-  1.97e-01  <none>
              sigYield    5.0000e+03    6.5697e+03 +/-  2.09e+02  <none>
                sigma1    7.0000e+00    1.0551e+01 +/-  1.68e+00  <none>
                sigma2    7.0000e+00    4.5551e+00 +/-  7.63e-01  <none>
                   tau   -7.0000e-04   -1.2232e-03 +/-  7.10e-06  <none>

***************
covQual = 3
numStatusHistory = 2
0 MINIMIZE
0 HESSE
[#1] INFO:Minization -- createNLL picked up cached consraints from workspace with 0 entries
[#1] INFO:Minization -- RooMinimizer::optimizeConst: activating const optimization
[#1] INFO:Minization --  The following expressions have been identified as constant and will be precalculated and cached: (sig,bkg)
[#1] INFO:Fitting -- RooAbsPdf::fitTo(model) Calculating sum-of-weights-squared correction matrix for covariance matrix
[#1] INFO:Minization -- RooMinimizer::optimizeConst: deactivating const optimization
[#1] INFO:InputArguments -- Printing Yields
RooArgList:: = (sigYield,bkgYield)
[#1] INFO:InputArguments -- yield in pdf: sigYield 6569.73
[#1] INFO:InputArguments -- yield in pdf: bkgYield 398172
[#1] INFO:Eval -- Checking Likelihood normalization:  
[#1] INFO:Eval -- Yield of specie  Sum of Row in Matrix   Norm
[#1] INFO:Eval -- 6569.73 6569.71 1
[#1] INFO:Eval -- 398172 398172 1
[#1] INFO:Eval -- Calculating sWeight
Check SWeights:

Yield of signal is 6569.73.  From sWeights it is 6569.73
Yield of background is 398172.  From sWeights it is 398172

Signal Weight   -0.0373234   Background Weight   1.03732  Total Weight   1
Signal Weight   -0.0315023   Background Weight   1.0315  Total Weight   1
Signal Weight   -0.0370176   Background Weight   1.03702  Total Weight   1
Signal Weight   -0.0373234   Background Weight   1.03732  Total Weight   1
Signal Weight   -0.0373234   Background Weight   1.03732  Total Weight   1
Signal Weight   -0.0329423   Background Weight   1.03294  Total Weight   1
Signal Weight   -0.0373234   Background Weight   1.03732  Total Weight   1
Signal Weight   -0.0373234   Background Weight   1.03732  Total Weight   1
Signal Weight   0.417733   Background Weight   0.582267  Total Weight   1
Signal Weight   -0.0373234   Background Weight   1.03732  Total Weight   1

import new dataset with sWeights
[#1] INFO:ObjectHandling -- RooWorkspace::import(myWS) importing dataset data
[#1] INFO:ObjectHandling -- RooWorkSpace::import(myWS) changing name of dataset from  data to dataWithSWeights
[#1] INFO:ObjectHandling -- RooWorkspace::import(myWS) importing RooRealVar::sigYield_sw
[#1] INFO:ObjectHandling -- RooWorkspace::import(myWS) importing RooRealVar::L_sigYield
[#1] INFO:ObjectHandling -- RooWorkspace::import(myWS) importing RooRealVar::bkgYield_sw
[#1] INFO:ObjectHandling -- RooWorkspace::import(myWS) importing RooRealVar::L_bkgYield
 after splot import data set looks like

RooWorkspace(myWS) myWS contents

variables
---------
(L_bkgYield,L_sigYield,Lb_DTF_M_JpsiLConstr,bkgYield,bkgYield_sw,frac1,mean,sigYield,sigYield_sw,sigma1,sigma2,tau)

p.d.f.s
-------
RooExponential::bkg[ x=Lb_DTF_M_JpsiLConstr c=tau ] = 0.000770416/0.881858
RooAddPdf::model[ sigYield * sig + bkgYield * bkg ] = 0.000859448/1
RooAddPdf::sig[ frac1 * sig1 + [%] * sig2 ] = 8.23121e-116/1
RooGaussian::sig1[ x=Lb_DTF_M_JpsiLConstr mean=mean sigma=sigma1 ] = 3.56302e-114/26.4484
RooGaussian::sig2[ x=Lb_DTF_M_JpsiLConstr mean=mean sigma=sigma2 ] = 0/11.4179

datasets
--------
RooDataSet::data(Lb_DTF_M_JpsiLConstr,sigYield_sw,L_sigYield,bkgYield_sw,L_bkgYield)
RooDataSet::dataWithSWeights(Lb_DTF_M_JpsiLConstr,sigYield_sw,L_sigYield,bkgYield_sw,L_bkgYield)

named sets
----------

reduceEng varSubset = (sigYield_sw) _wgtVar = 
No. of entries in dataset = 404742
************************************************
Writing output tree with unbinned sweighted data
************************************************
Finishing DoSPlot()
==> DoSWeight is done! Check fit status! sWeights FTW!: Real time 0:20:51, CP time 1012.230
