*****************************
*****************************
*****************************
*****************************
*****************************
==> Starting TrainFinalBDT: 
Tue Apr 30 18:53:40 EDT 2019
WD = /data1/avenkate/JpsiLambda_RESTART
*****************************
hadd Target file: rootFiles/dataFiles/JpsiLambda/run1/jpsilambda_LL_withsw_noPID.root
hadd compression setting for all ouput: 1
hadd Source file 1: rootFiles/dataFiles/JpsiLambda/run1/jpsilambda_LL_withsw_nonZeroTracks_noPID.root
hadd Source file 2: rootFiles/dataFiles/JpsiLambda/run1/jpsilambda_LL_withsw_ZeroTracks_noPID.root
hadd Target path: rootFiles/dataFiles/JpsiLambda/run1/jpsilambda_LL_withsw_noPID.root:/
--- TMVAClassification : Using input file: rootFiles/dataFiles/JpsiLambda/run1/jpsilambda_LL_withsw_noPID.root
DataSetInfo              : [dataset] : Added class "Signal"
                         : Add Tree MyTuple of type Signal with 603355 events
DataSetInfo              : [dataset] : Added class "Background"
                         : Add Tree MyTuple of type Background with 603355 events
Factory                  : Booking method: [1mBDTconf2[0m
                         : 
DataSetFactory           : [dataset] : Number of events in input trees
                         : Dataset[dataset] :     Signal     requirement: "Lb_ConsLb_chi2 > 0 && Lb_MINIPCHI2 > 0 && Lb_FD_OWNPV > 0 &&L_TAU > 0 && Jpsi_MINIPCHI2 > 0 && Jpsi_M > 0 &&L_FDCHI2_ORIVX > 0 && L_FD_ORIVX > 0 && L_MINIPCHI2 > 0 &&p_MINIPCHI2 > 0 && p_PT > 0 && pi_MINIPCHI2 > 0 &&pi_PT > 0"
                         : Dataset[dataset] :     Signal          -- number of events passed: 603355  / sum of weights: 7837.17
                         : Dataset[dataset] :     Signal          -- efficiency             : 1     
                         : Dataset[dataset] :     Background requirement: "(Lb_ConsLb_chi2 > 0 && Lb_MINIPCHI2 > 0 && Lb_FD_OWNPV > 0 &&L_TAU > 0 && Jpsi_MINIPCHI2 > 0 && Jpsi_M > 0 &&L_FDCHI2_ORIVX > 0 && L_FD_ORIVX > 0 && L_MINIPCHI2 > 0 &&p_MINIPCHI2 > 0 && p_PT > 0 && pi_MINIPCHI2 > 0 &&pi_PT > 0)&&(Lb_DTF_M_JpsiLConstr > 5700)"
                         : Dataset[dataset] :     Background      -- number of events passed: 153963  / sum of weights: 153963
                         : Dataset[dataset] :     Background      -- efficiency             : 0.255178
                         : 
                         : Dataset[dataset] :  you have opted for interpreting the requested number of training/testing events
                         :  to be the number of events AFTER your preselection cuts
                         : 
                         : Number of training and testing events
                         : ---------------------------------------------------------------------------
                         : Signal     -- training events            : 482684
                         : Signal     -- testing events             : 120671
                         : Signal     -- training and testing events: 603355
                         : Background -- training events            : 123170
                         : Background -- testing events             : 30793
                         : Background -- training and testing events: 153963
                         : Dataset[dataset] : Background -- due to the preselection a scaling factor has been applied to the numbers of requested events: 0.255178
                         : 
<WARNING>                : Dataset[Default] : <GetCorrelationMatrix> Zero variances for variables (0, 7) = -0.011041
<WARNING>                : Dataset[Default] : <GetCorrelationMatrix> Zero variances for variables (1, 7) = -0.049106
<WARNING>                : Dataset[Default] : <GetCorrelationMatrix> Zero variances for variables (2, 7) = -0.0311197
<WARNING>                : Dataset[Default] : <GetCorrelationMatrix> Zero variances for variables (3, 7) = -0.0164654
<WARNING>                : Dataset[Default] : <GetCorrelationMatrix> Zero variances for variables (4, 7) = -0.0660688
<WARNING>                : Dataset[Default] : <GetCorrelationMatrix> Zero variances for variables (5, 7) = -4.62983e-07
<WARNING>                : Dataset[Default] : <GetCorrelationMatrix> Zero variances for variables (6, 7) = -0.151093
<WARNING>                : Dataset[Default] : <GetCorrelationMatrix> Zero variances for variables (7, 0) = -0.011041
<WARNING>                : Dataset[Default] : <GetCorrelationMatrix> Zero variances for variables (7, 1) = -0.049106
<WARNING>                : Dataset[Default] : <GetCorrelationMatrix> Zero variances for variables (7, 2) = -0.0311197
<WARNING>                : Dataset[Default] : <GetCorrelationMatrix> Zero variances for variables (7, 3) = -0.0164654
<WARNING>                : Dataset[Default] : <GetCorrelationMatrix> Zero variances for variables (7, 4) = -0.0660688
<WARNING>                : Dataset[Default] : <GetCorrelationMatrix> Zero variances for variables (7, 5) = -4.62983e-07
<WARNING>                : Dataset[Default] : <GetCorrelationMatrix> Zero variances for variables (7, 6) = -0.151093
<WARNING>                : Dataset[Default] : <GetCorrelationMatrix> Zero variances for variables (7, 8) = -0.0195447
<WARNING>                : Dataset[Default] : <GetCorrelationMatrix> Zero variances for variables (7, 9) = -0.0269754
<WARNING>                : Dataset[Default] : <GetCorrelationMatrix> Zero variances for variables (7, 10) = -0.575483
<WARNING>                : Dataset[Default] : <GetCorrelationMatrix> Zero variances for variables (7, 11) = -0.0838555
<WARNING>                : Dataset[Default] : <GetCorrelationMatrix> Zero variances for variables (7, 12) = -0.0359917
<WARNING>                : Dataset[Default] : <GetCorrelationMatrix> Zero variances for variables (7, 13) = -0.00423799
<WARNING>                : Dataset[Default] : <GetCorrelationMatrix> Zero variances for variables (7, 14) = -0.00420804
<WARNING>                : Dataset[Default] : <GetCorrelationMatrix> Zero variances for variables (7, 15) = -0.0127769
<WARNING>                : Dataset[Default] : <GetCorrelationMatrix> Zero variances for variables (7, 16) = -0.0054746
<WARNING>                : Dataset[Default] : <GetCorrelationMatrix> Zero variances for variables (7, 17) = -0.0405871
<WARNING>                : Dataset[Default] : <GetCorrelationMatrix> Zero variances for variables (7, 18) = -0.00556478
<WARNING>                : Dataset[Default] : <GetCorrelationMatrix> Zero variances for variables (8, 7) = -0.0195447
<WARNING>                : Dataset[Default] : <GetCorrelationMatrix> Zero variances for variables (9, 7) = -0.0269754
<WARNING>                : Dataset[Default] : <GetCorrelationMatrix> Zero variances for variables (10, 7) = -0.575483
<WARNING>                : Dataset[Default] : <GetCorrelationMatrix> Zero variances for variables (11, 7) = -0.0838555
<WARNING>                : Dataset[Default] : <GetCorrelationMatrix> Zero variances for variables (12, 7) = -0.0359917
<WARNING>                : Dataset[Default] : <GetCorrelationMatrix> Zero variances for variables (13, 7) = -0.00423799
<WARNING>                : Dataset[Default] : <GetCorrelationMatrix> Zero variances for variables (14, 7) = -0.00420804
<WARNING>                : Dataset[Default] : <GetCorrelationMatrix> Zero variances for variables (15, 7) = -0.0127769
<WARNING>                : Dataset[Default] : <GetCorrelationMatrix> Zero variances for variables (16, 7) = -0.0054746
<WARNING>                : Dataset[Default] : <GetCorrelationMatrix> Zero variances for variables (17, 7) = -0.0405871
<WARNING>                : Dataset[Default] : <GetCorrelationMatrix> Zero variances for variables (18, 7) = -0.00556478
DataSetInfo              : Correlation matrix (Signal):
                         : -------------------------------------------------------------------------------------------------------------------------------------------------------------------------------------------------------------------------------------------------------------------------------------------------------------------------------------------------------------------------------------
                         :                             log10(Lb_ConsLb_chi2) log10(Lb_MINIPCHI2) log10(acos(Lb_DIRA_OWNPV)) log10(Lb_FD_OWNPV) log10(Jpsi_MINIPCHI2) log10(Jpsi_M) log10(L_FDCHI2_ORIVX) log10(acos(L_DIRA_ORIVX)) log10(L_FD_ORIVX) log10(acos(L_DIRA_OWNPV))    L_dm log10(L_MINIPCHI2) log10(p_MINIPCHI2) p_ProbNNghost log10(p_PT) p_ProbNNp pi_ProbNNghost log10(pi_MINIPCHI2) log10(pi_PT)
                         :      log10(Lb_ConsLb_chi2):                +1.000              -0.044                     -0.032             -0.076                +0.122        -0.053                +0.173                    +0.000            +0.464                    -0.441  +0.269             +0.169             +0.277        -0.037      +1.051    +0.132         +0.080              +0.291       +0.486
                         :        log10(Lb_MINIPCHI2):                -0.044              +1.000                     +0.687             -0.118                -0.011        +0.043                +0.073                    +0.000            +0.306                    -0.263  -0.076             +0.022             -0.014        +0.076      +0.571    +0.096         +0.053              +0.162       +0.370
                         : log10(acos(Lb_DIRA_OWNPV)):                -0.032              +0.687                     +1.000             -0.768                -0.439        +0.059                +0.095                    +0.000            +0.172                    -0.529  -0.002             -0.435             -0.271        +0.065      +0.408    +0.069         -0.017              +0.083       +0.240
                         :         log10(Lb_FD_OWNPV):                -0.076              -0.118                     -0.768             +1.000                +0.566        -0.030                -0.004                    +0.000            +0.140                    +0.420  -0.129             +0.596             +0.357        -0.071      -0.051    +0.048         +0.029              +0.067       -0.011
                         :      log10(Jpsi_MINIPCHI2):                +0.122              -0.011                     -0.439             +0.566                +1.000        +0.003                -0.157                    +0.000            -0.229                    +0.606  +0.026             +0.506             +0.216        -0.062      -0.047    -0.064         +0.107              -0.131       -0.090
                         :              log10(Jpsi_M):                -0.053              +0.043                     +0.059             -0.030                +0.003        +1.000                -0.017                    +0.000            +0.028                    -0.036  +0.109             -0.040             -0.001        +0.063      -0.000    -0.007         -0.044              -0.028       +0.022
                         :      log10(L_FDCHI2_ORIVX):                +0.173              +0.073                     +0.095             -0.004                -0.157        -0.017                +1.000                    +0.000            +0.486                    -0.244  -0.101             -0.123             +0.055        +0.005      -0.754    -0.038         -0.015              +0.522       -0.388
                         :  log10(acos(L_DIRA_ORIVX)):                +0.000              +0.000                     +0.000             +0.000                +0.000        +0.000                +0.000                    +1.000            +0.000                    +0.000  +0.000             +0.000             +0.000        +0.000      +0.000    +0.000         +0.000              +0.000       +0.000
                         :          log10(L_FD_ORIVX):                +0.464              +0.306                     +0.172             +0.140                -0.229        +0.028                +0.486                    +0.000            +1.000                    -0.776  +0.447             -0.658             -0.414        +0.188      -0.801    -0.193         +0.393              +0.080       -0.503
                         :  log10(acos(L_DIRA_OWNPV)):                -0.441              -0.263                     -0.529             +0.420                +0.606        -0.036                -0.244                    +0.000            -0.776                    +1.000  -0.473             +1.197             +0.698        -0.238      +0.350    +0.026         -0.263              +0.172       +0.284
                         :                       L_dm:                +0.269              -0.076                     -0.002             -0.129                +0.026        +0.109                -0.101                    +0.000            +0.447                    -0.473  +1.000             -0.008             +0.151        +0.235      +1.183    -0.006         +0.388              +0.036       +0.202
                         :         log10(L_MINIPCHI2):                +0.169              +0.022                     -0.435             +0.596                +0.506        -0.040                -0.123                    +0.000            -0.658                    +1.197  -0.008             +1.000             +0.448        -0.067      -0.312    -0.146         -0.030              +0.038       -0.101
                         :         log10(p_MINIPCHI2):                +0.277              -0.014                     -0.271             +0.357                +0.216        -0.001                +0.055                    +0.000            -0.414                    +0.698  +0.151             +0.448             +1.000        +0.083      -0.460    -0.142         +0.163              +0.119       -0.359
                         :              p_ProbNNghost:                -0.037              +0.076                     +0.065             -0.071                -0.062        +0.063                +0.005                    +0.000            +0.188                    -0.238  +0.235             -0.067             +0.083        +1.000      +0.551    -0.266         +0.115              +0.020       +0.446
                         :                log10(p_PT):                +1.051              +0.571                     +0.408             -0.051                -0.047        -0.000                -0.754                    +0.000            -0.801                    +0.350  +1.183             -0.312             -0.460        +0.551      +1.000    -0.001         +0.512              -0.489       +0.506
                         :                  p_ProbNNp:                +0.132              +0.096                     +0.069             +0.048                -0.064        -0.007                -0.038                    +0.000            -0.193                    +0.026  -0.006             -0.146             -0.142        -0.266      -0.001    +1.000         -0.139              -0.037       +0.054
                         :             pi_ProbNNghost:                +0.080              +0.053                     -0.017             +0.029                +0.107        -0.044                -0.015                    +0.000            +0.393                    -0.263  +0.388             -0.030             +0.163        +0.115      +0.512    -0.139         +1.000              +0.089       +0.041
                         :        log10(pi_MINIPCHI2):                +0.291              +0.162                     +0.083             +0.067                -0.131        -0.028                +0.522                    +0.000            +0.080                    +0.172  +0.036             +0.038             +0.119        +0.020      -0.489    -0.037         +0.089              +1.000       -0.165
                         :               log10(pi_PT):                +0.486              +0.370                     +0.240             -0.011                -0.090        +0.022                -0.388                    +0.000            -0.503                    +0.284  +0.202             -0.101             -0.359        +0.446      +0.506    +0.054         +0.041              -0.165       +1.000
                         : -------------------------------------------------------------------------------------------------------------------------------------------------------------------------------------------------------------------------------------------------------------------------------------------------------------------------------------------------------------------------------------
DataSetInfo              : Correlation matrix (Background):
                         : -------------------------------------------------------------------------------------------------------------------------------------------------------------------------------------------------------------------------------------------------------------------------------------------------------------------------------------------------------------------------------------
                         :                             log10(Lb_ConsLb_chi2) log10(Lb_MINIPCHI2) log10(acos(Lb_DIRA_OWNPV)) log10(Lb_FD_OWNPV) log10(Jpsi_MINIPCHI2) log10(Jpsi_M) log10(L_FDCHI2_ORIVX) log10(acos(L_DIRA_ORIVX)) log10(L_FD_ORIVX) log10(acos(L_DIRA_OWNPV))    L_dm log10(L_MINIPCHI2) log10(p_MINIPCHI2) p_ProbNNghost log10(p_PT) p_ProbNNp pi_ProbNNghost log10(pi_MINIPCHI2) log10(pi_PT)
                         :      log10(Lb_ConsLb_chi2):                +1.000              +0.057                     -0.014             +0.075                +0.031        -0.035                -0.253                    +0.197            -0.042                    +0.187  +0.684             +0.139             -0.062        +0.127      -0.060    -0.259         +0.143              -0.053       -0.032
                         :        log10(Lb_MINIPCHI2):                +0.057              +1.000                     +0.587             +0.299                +0.493        -0.005                +0.026                    -0.032            +0.184                    -0.008  +0.025             +0.055             +0.084        +0.155      +0.014    -0.096         +0.110              +0.144       +0.007
                         : log10(acos(Lb_DIRA_OWNPV)):                -0.014              +0.587                     +1.000             -0.546                +0.067        -0.006                +0.115                    -0.093            +0.089                    -0.109  +0.008             -0.112             -0.053        +0.037      +0.191    +0.066         -0.016              +0.058       +0.130
                         :         log10(Lb_FD_OWNPV):                +0.075              +0.299                     -0.546             +1.000                +0.392        -0.005                -0.111                    +0.049            +0.120                    +0.095  +0.017             +0.176             +0.166        +0.126      -0.162    -0.171         +0.134              +0.102       -0.110
                         :      log10(Jpsi_MINIPCHI2):                +0.031              +0.493                     +0.067             +0.392                +1.000        -0.026                -0.026                    -0.018            +0.081                    +0.020  +0.017             +0.101             +0.108        +0.044      +0.009    -0.051         +0.065              +0.076       -0.011
                         :              log10(Jpsi_M):                -0.035              -0.005                     -0.006             -0.005                -0.026        +1.000                -0.003                    +0.005            +0.003                    +0.003  -0.000             -0.001             -0.008        +0.002      -0.009    -0.008         +0.005              +0.000       -0.009
                         :      log10(L_FDCHI2_ORIVX):                -0.253              +0.026                     +0.115             -0.111                -0.026        -0.003                +1.000                    -0.461            +0.478                    -0.553  -0.241             -0.302             +0.170        -0.106      -0.030    +0.413         -0.073              +0.399       -0.082
                         :  log10(acos(L_DIRA_ORIVX)):                +0.197              -0.032                     -0.093             +0.049                -0.018        +0.005                -0.461                    +1.000            -0.583                    +0.801  +0.139             +0.271             -0.188        +0.001      -0.292    -0.233         -0.008              -0.332       -0.133
                         :          log10(L_FD_ORIVX):                -0.042              +0.184                     +0.089             +0.120                +0.081        +0.003                +0.478                    -0.583            +1.000                    -0.665  -0.179             -0.454             +0.220        +0.272      +0.034    +0.042         +0.292              +0.609       -0.106
                         :  log10(acos(L_DIRA_OWNPV)):                +0.187              -0.008                     -0.109             +0.095                +0.020        +0.003                -0.553                    +0.801            -0.665                    +1.000  +0.197             +0.639             -0.131        -0.027      -0.206    -0.281         -0.048              -0.414       -0.053
                         :                       L_dm:                +0.684              +0.025                     +0.008             +0.017                +0.017        -0.000                -0.241                    +0.139            -0.179                    +0.197  +1.000             +0.172             -0.126        +0.032      +0.035    -0.203         +0.095              -0.176       -0.043
                         :         log10(L_MINIPCHI2):                +0.139              +0.055                     -0.112             +0.176                +0.101        -0.001                -0.302                    +0.271            -0.454                    +0.639  +0.172             +1.000             +0.115        -0.075      +0.072    -0.179         -0.063              -0.239       +0.085
                         :         log10(p_MINIPCHI2):                -0.062              +0.084                     -0.053             +0.166                +0.108        -0.008                +0.170                    -0.188            +0.220                    -0.131  -0.126             +0.115             +1.000        +0.186      +0.258    +0.084         -0.014              +0.255       +0.149
                         :              p_ProbNNghost:                +0.127              +0.155                     +0.037             +0.126                +0.044        +0.002                -0.106                    +0.001            +0.272                    -0.027  +0.032             -0.075             +0.186        +1.000      -0.003    -0.355         +0.241              +0.157       -0.001
                         :                log10(p_PT):                -0.060              +0.014                     +0.191             -0.162                +0.009        -0.009                -0.030                    -0.292            +0.034                    -0.206  +0.035             +0.072             +0.258        -0.003      +1.000    +0.173         -0.107              +0.148       +0.589
                         :                  p_ProbNNp:                -0.259              -0.096                     +0.066             -0.171                -0.051        -0.008                +0.413                    -0.233            +0.042                    -0.281  -0.203             -0.179             +0.084        -0.355      +0.173    +1.000         -0.249              +0.087       +0.103
                         :             pi_ProbNNghost:                +0.143              +0.110                     -0.016             +0.134                +0.065        +0.005                -0.073                    -0.008            +0.292                    -0.048  +0.095             -0.063             -0.014        +0.241      -0.107    -0.249         +1.000              +0.210       -0.297
                         :        log10(pi_MINIPCHI2):                -0.053              +0.144                     +0.058             +0.102                +0.076        +0.000                +0.399                    -0.332            +0.609                    -0.414  -0.176             -0.239             +0.255        +0.157      +0.148    +0.087         +0.210              +1.000       -0.017
                         :               log10(pi_PT):                -0.032              +0.007                     +0.130             -0.110                -0.011        -0.009                -0.082                    -0.133            -0.106                    -0.053  -0.043             +0.085             +0.149        -0.001      +0.589    +0.103         -0.297              -0.017       +1.000
                         : -------------------------------------------------------------------------------------------------------------------------------------------------------------------------------------------------------------------------------------------------------------------------------------------------------------------------------------------------------------------------------------
DataSetFactory           : [dataset] :  
                         : 
Factory                  : Booking method: [1mBDTconf2_REAL[0m
                         : 
Factory                  : [1mTrain all methods[0m
Factory                  : [dataset] : Create Transformation "I" with events from all classes.
                         : 
                         : Transformation, Variable selection : 
                         : Input : variable 'log_dtfchi2' <---> Output : variable 'log_dtfchi2'
                         : Input : variable 'log_lbminipchi2' <---> Output : variable 'log_lbminipchi2'
                         : Input : variable 'logacos_lbdira' <---> Output : variable 'logacos_lbdira'
                         : Input : variable 'log_lbfd_ownpv' <---> Output : variable 'log_lbfd_ownpv'
                         : Input : variable 'log_jpsiminipchi2' <---> Output : variable 'log_jpsiminipchi2'
                         : Input : variable 'log_jpsimass' <---> Output : variable 'log_jpsimass'
                         : Input : variable 'log_lfdchi2' <---> Output : variable 'log_lfdchi2'
                         : Input : variable 'logacos_ldira_orivx' <---> Output : variable 'logacos_ldira_orivx'
                         : Input : variable 'log_lfd_orivx' <---> Output : variable 'log_lfd_orivx'
                         : Input : variable 'logacos_ldira_ownpv' <---> Output : variable 'logacos_ldira_ownpv'
                         : Input : variable 'L_dm' <---> Output : variable 'L_dm'
                         : Input : variable 'log_lminipchi2' <---> Output : variable 'log_lminipchi2'
                         : Input : variable 'log_pminipchi2' <---> Output : variable 'log_pminipchi2'
                         : Input : variable 'p_ProbNNghost' <---> Output : variable 'p_ProbNNghost'
                         : Input : variable 'log_p_PT' <---> Output : variable 'log_p_PT'
                         : Input : variable 'p_ProbNNp' <---> Output : variable 'p_ProbNNp'
                         : Input : variable 'pi_ProbNNghost' <---> Output : variable 'pi_ProbNNghost'
                         : Input : variable 'log_piminipchi2' <---> Output : variable 'log_piminipchi2'
                         : Input : variable 'log_pi_PT' <---> Output : variable 'log_pi_PT'
TFHandler_Factory        :            Variable                   Mean                   RMS           [        Min                   Max ]
                         : ------------------------------------------------------------------------------------------------------------------
                         :         log_dtfchi2:               1.0618              0.49563   [             -0.83649               2.4771 ]
                         :     log_lbminipchi2:              0.49658              0.87710   [              -4.4987               5.8830 ]
                         :      logacos_lbdira:              -2.3959              0.59123   [              -5.1638              0.49472 ]
                         :      log_lbfd_ownpv:              0.84640              0.36979   [              0.17609               2.9008 ]
                         :   log_jpsiminipchi2:               1.9421              0.77909   [              -4.5778               6.3389 ]
                         :        log_jpsimass:               3.4912            0.0020149   [               3.4797               3.5004 ]
                         :         log_lfdchi2:               3.3835               1.2739   [              -2.8560               6.7099 ]
                         : logacos_ldira_orivx:              -3.4821              0.50672   [              -6.0228              0.49715 ]
                         :       log_lfd_orivx:               2.1795              0.48016   [              -2.3997               3.5657 ]
                         : logacos_ldira_ownpv:              -2.6287              0.55368   [              -5.7445              0.49715 ]
                         :                L_dm:               2.7583               4.8518   [           2.2540e-05               30.000 ]
                         :      log_lminipchi2:               1.8548              0.90253   [              -4.5501               5.7494 ]
                         :      log_pminipchi2:               2.3615              0.62347   [              0.95424               5.8752 ]
                         :       p_ProbNNghost:              0.18182              0.30403   [           6.4474e-05               1.0000 ]
                         :            log_p_PT:               3.1461              0.26042   [              0.58746               4.0870 ]
                         :           p_ProbNNp:              0.47509              0.35805   [           8.0752e-09              0.99939 ]
                         :      pi_ProbNNghost:              0.22414              0.32137   [           0.00013458               1.0000 ]
                         :     log_piminipchi2:               2.5620              0.68848   [              0.95424               6.4159 ]
                         :           log_pi_PT:               2.4771              0.28139   [             -0.76866               3.4270 ]
                         : ------------------------------------------------------------------------------------------------------------------
                         : [32m
                         : <PlotVariables> Will not produce scatter plots ==> 
                         : |  The number of 19 input variables and 0 target values would require 171 two-dimensional
                         : |  histograms, which would occupy the computer's memory. Note that this
                         : |  suppression does not have any consequences for your analysis, other
                         : |  than not disposing of these scatter plots. You can modify the maximum
                         : |  number of input variables allowed to generate scatter plots in your
                         : |  script via the command line:
                         : |  "(TMVA::gConfig().GetVariablePlotting()).fMaxNumOfAllowedVariablesForScatterPlots = <some int>;"[0m
                         : 
                         : Some more output
                         : Ranking input variables (method unspecific)...
IdTransformation         : Ranking result (top variable is best ranked)
                         : --------------------------------------------
                         : Rank : Variable            : Separation
                         : --------------------------------------------
                         :    1 : logacos_ldira_orivx : 7.289e-01
                         :    2 : log_dtfchi2         : 6.943e-01
                         :    3 : log_lbminipchi2     : 6.691e-01
                         :    4 : p_ProbNNp           : 6.418e-01
                         :    5 : L_dm                : 5.515e-01
                         :    6 : log_lminipchi2      : 5.447e-01
                         :    7 : log_lfdchi2         : 4.996e-01
                         :    8 : logacos_lbdira      : 4.694e-01
                         :    9 : pi_ProbNNghost      : 4.013e-01
                         :   10 : log_p_PT            : 3.770e-01
                         :   11 : log_pi_PT           : 3.350e-01
                         :   12 : log_pminipchi2      : 3.068e-01
                         :   13 : p_ProbNNghost       : 2.861e-01
                         :   14 : log_lfd_orivx       : 2.752e-01
                         :   15 : log_piminipchi2     : 2.452e-01
                         :   16 : log_jpsiminipchi2   : 1.597e-01
                         :   17 : logacos_ldira_ownpv : 7.922e-02
                         :   18 : log_lbfd_ownpv      : 3.629e-02
                         :   19 : log_jpsimass        : 2.864e-02
                         : --------------------------------------------
Factory                  : Train method: BDTconf2 for Classification
                         : 
<WARNING>                : Events with negative event weights are USED during the BDT training. This might cause problems with small node sizes or with the boosting. Please remove negative events from training using the option *IgnoreEventsWithNegWeightsInTraining* in case you observe problems with the boosting
BDTconf2                 : #events: (reweighted) sig: 302927 bkg: 302927
                         : #events: (unweighted) sig: 482684 bkg: 123170
                         : Training 500 Decision Trees ... patience please
                         : Elapsed time for training with 605854 events: 384 sec         
BDTconf2                 : [dataset] : Evaluation of BDTconf2 on training sample (605854 events)
                         : Elapsed time for evaluation of 605854 events: 35.8 sec       
                         : Creating xml weight file: [0;36mdataset/weights/dataRun1_noIso_BDT2_noPID_BDTconf2.weights.xml[0m
                         : Creating standalone class: [0;36mdataset/weights/dataRun1_noIso_BDT2_noPID_BDTconf2.class.C[0m
Factory                  : Training finished
                         : 
Factory                  : Train method: BDTconf2_REAL for Classification
                         : 
<WARNING>                : Events with negative event weights are USED during the BDT training. This might cause problems with small node sizes or with the boosting. Please remove negative events from training using the option *IgnoreEventsWithNegWeightsInTraining* in case you observe problems with the boosting
BDTconf2_REAL            : #events: (reweighted) sig: 302927 bkg: 302927
                         : #events: (unweighted) sig: 482684 bkg: 123170
                         : Training 500 Decision Trees ... patience please
                         : Elapsed time for training with 605854 events: 370 sec         
BDTconf2_REAL            : [dataset] : Evaluation of BDTconf2_REAL on training sample (605854 events)
                         : Elapsed time for evaluation of 605854 events: 36.5 sec       
                         : Creating xml weight file: [0;36mdataset/weights/dataRun1_noIso_BDT2_noPID_BDTconf2_REAL.weights.xml[0m
                         : Creating standalone class: [0;36mdataset/weights/dataRun1_noIso_BDT2_noPID_BDTconf2_REAL.class.C[0m
Factory                  : Training finished
                         : 
                         : Ranking input variables (method specific)...
BDTconf2                 : Ranking result (top variable is best ranked)
                         : -----------------------------------------------------
                         : Rank : Variable            : Variable Importance
                         : -----------------------------------------------------
                         :    1 : log_dtfchi2         : 1.039e-01
                         :    2 : logacos_ldira_orivx : 9.367e-02
                         :    3 : log_lminipchi2      : 6.496e-02
                         :    4 : log_lbminipchi2     : 6.450e-02
                         :    5 : logacos_lbdira      : 6.019e-02
                         :    6 : p_ProbNNp           : 5.684e-02
                         :    7 : log_lfdchi2         : 5.240e-02
                         :    8 : log_piminipchi2     : 4.890e-02
                         :    9 : L_dm                : 4.547e-02
                         :   10 : log_jpsiminipchi2   : 4.372e-02
                         :   11 : logacos_ldira_ownpv : 4.294e-02
                         :   12 : log_p_PT            : 4.274e-02
                         :   13 : log_pi_PT           : 4.211e-02
                         :   14 : log_lfd_orivx       : 4.182e-02
                         :   15 : log_lbfd_ownpv      : 4.064e-02
                         :   16 : pi_ProbNNghost      : 4.055e-02
                         :   17 : log_jpsimass        : 3.917e-02
                         :   18 : log_pminipchi2      : 3.900e-02
                         :   19 : p_ProbNNghost       : 3.650e-02
                         : -----------------------------------------------------
BDTconf2_REAL            : Ranking result (top variable is best ranked)
                         : -----------------------------------------------------
                         : Rank : Variable            : Variable Importance
                         : -----------------------------------------------------
                         :    1 : log_dtfchi2         : 8.170e-02
                         :    2 : logacos_ldira_orivx : 6.921e-02
                         :    3 : log_lbminipchi2     : 5.987e-02
                         :    4 : log_lfdchi2         : 5.589e-02
                         :    5 : log_jpsimass        : 5.392e-02
                         :    6 : log_p_PT            : 5.287e-02
                         :    7 : log_lfd_orivx       : 5.175e-02
                         :    8 : L_dm                : 5.154e-02
                         :    9 : pi_ProbNNghost      : 4.959e-02
                         :   10 : log_piminipchi2     : 4.932e-02
                         :   11 : log_lbfd_ownpv      : 4.918e-02
                         :   12 : log_jpsiminipchi2   : 4.901e-02
                         :   13 : log_pi_PT           : 4.869e-02
                         :   14 : log_lminipchi2      : 4.826e-02
                         :   15 : log_pminipchi2      : 4.669e-02
                         :   16 : p_ProbNNp           : 4.666e-02
                         :   17 : logacos_lbdira      : 4.586e-02
                         :   18 : logacos_ldira_ownpv : 4.572e-02
                         :   19 : p_ProbNNghost       : 4.427e-02
                         : -----------------------------------------------------
Factory                  : === Destroy and recreate all methods via weight files for testing ===
                         : 
Factory                  : [1mTest all methods[0m
Factory                  : Test method: BDTconf2 for Classification performance
                         : 
BDTconf2                 : [dataset] : Evaluation of BDTconf2 on testing sample (151464 events)
                         : Elapsed time for evaluation of 151464 events: 7.61 sec       
Factory                  : Test method: BDTconf2_REAL for Classification performance
                         : 
BDTconf2_REAL            : [dataset] : Evaluation of BDTconf2_REAL on testing sample (151464 events)
                         : Elapsed time for evaluation of 151464 events: 8.13 sec       
