*****************************
==> Starting TrainFinalBDT: 
Sun Apr 28 20:03:25 EDT 2019
WD = /data1/avenkate/JpsiLambda_RESTART
*****************************
--- TMVAClassification : Using input file: rootFiles/dataFiles/JpsiLambda/run1/jpsilambda_LL_withsw_nonZeroTracks_noPID.root
--- TMVAClassification : Using isolation file: rootFiles/dataFiles/JpsiLambda/run1/jpsilambda_LLsig_iso1_v0_noPID.root
DataSetInfo              : [dataset] : Added class "Signal"
                         : Add Tree MyTuple of type Signal with 598379 events
DataSetInfo              : [dataset] : Added class "Background"
                         : Add Tree MyTuple of type Background with 598379 events
Factory                  : Booking method: [1mBDTconf1[0m
                         : 
DataSetFactory           : [dataset] : Number of events in input trees
                         : Dataset[dataset] :     Signal     requirement: "(Lb_ConsLb_chi2 > 0 && Lb_MINIPCHI2 > 0 && Lb_FD_OWNPV > 0 &&L_TAU > 0 && Jpsi_MINIPCHI2 > 0 && Jpsi_M > 0 &&L_FDCHI2_ORIVX > 0 && L_FD_ORIVX > 0 && L_MINIPCHI2 > 0 &&p_MINIPCHI2 > 0 && p_PT > 0 && pi_MINIPCHI2 > 0 &&pi_PT > 0)&&(BDTkMin_v0 < 1.0)"
                         : Dataset[dataset] :     Signal          -- number of events passed: 598378  / sum of weights: 7378.63
                         : Dataset[dataset] :     Signal          -- efficiency             : 1.00001
                         : Dataset[dataset] :     Background requirement: "((Lb_ConsLb_chi2 > 0 && Lb_MINIPCHI2 > 0 && Lb_FD_OWNPV > 0 &&L_TAU > 0 && Jpsi_MINIPCHI2 > 0 && Jpsi_M > 0 &&L_FDCHI2_ORIVX > 0 && L_FD_ORIVX > 0 && L_MINIPCHI2 > 0 &&p_MINIPCHI2 > 0 && p_PT > 0 && pi_MINIPCHI2 > 0 &&pi_PT > 0)&&(Lb_DTF_M_JpsiLConstr > 5700))&&(BDTkMin_v0 < 1.0)"
                         : Dataset[dataset] :     Background      -- number of events passed: 152859  / sum of weights: 152859
                         : Dataset[dataset] :     Background      -- efficiency             : 0.255455
                         : Dataset[dataset] :  you have opted for interpreting the requested number of training/testing events
                         :  to be the number of events AFTER your preselection cuts
                         : 
                         : Dataset[dataset] :  you have opted for interpreting the requested number of training/testing events
                         :  to be the number of events AFTER your preselection cuts
                         : 
                         : Number of training and testing events
                         : ---------------------------------------------------------------------------
                         : Signal     -- training events            : 478703
                         : Signal     -- testing events             : 119675
                         : Signal     -- training and testing events: 598378
                         : Dataset[dataset] : Signal     -- due to the preselection a scaling factor has been applied to the numbers of requested events: 0.999998
                         : Background -- training events            : 122288
                         : Background -- testing events             : 30571
                         : Background -- training and testing events: 152859
                         : Dataset[dataset] : Background -- due to the preselection a scaling factor has been applied to the numbers of requested events: 0.255455
                         : 
<WARNING>                : Dataset[Default] : <GetCorrelationMatrix> Zero variances for variables (0, 7) = -0.0105093
<WARNING>                : Dataset[Default] : <GetCorrelationMatrix> Zero variances for variables (1, 7) = -0.0521624
<WARNING>                : Dataset[Default] : <GetCorrelationMatrix> Zero variances for variables (2, 7) = -0.0310649
<WARNING>                : Dataset[Default] : <GetCorrelationMatrix> Zero variances for variables (3, 7) = -0.0141208
<WARNING>                : Dataset[Default] : <GetCorrelationMatrix> Zero variances for variables (4, 7) = -0.0559981
<WARNING>                : Dataset[Default] : <GetCorrelationMatrix> Zero variances for variables (5, 7) = -4.57695e-07
<WARNING>                : Dataset[Default] : <GetCorrelationMatrix> Zero variances for variables (6, 7) = -0.135746
<WARNING>                : Dataset[Default] : <GetCorrelationMatrix> Zero variances for variables (7, 0) = -0.0105093
<WARNING>                : Dataset[Default] : <GetCorrelationMatrix> Zero variances for variables (7, 1) = -0.0521624
<WARNING>                : Dataset[Default] : <GetCorrelationMatrix> Zero variances for variables (7, 2) = -0.0310649
<WARNING>                : Dataset[Default] : <GetCorrelationMatrix> Zero variances for variables (7, 3) = -0.0141208
<WARNING>                : Dataset[Default] : <GetCorrelationMatrix> Zero variances for variables (7, 4) = -0.0559981
<WARNING>                : Dataset[Default] : <GetCorrelationMatrix> Zero variances for variables (7, 5) = -4.57695e-07
<WARNING>                : Dataset[Default] : <GetCorrelationMatrix> Zero variances for variables (7, 6) = -0.135746
<WARNING>                : Dataset[Default] : <GetCorrelationMatrix> Zero variances for variables (7, 8) = -0.017625
<WARNING>                : Dataset[Default] : <GetCorrelationMatrix> Zero variances for variables (7, 9) = -0.0265088
<WARNING>                : Dataset[Default] : <GetCorrelationMatrix> Zero variances for variables (7, 10) = -0.3378
<WARNING>                : Dataset[Default] : <GetCorrelationMatrix> Zero variances for variables (7, 11) = -0.0773113
<WARNING>                : Dataset[Default] : <GetCorrelationMatrix> Zero variances for variables (7, 12) = -0.0328779
<WARNING>                : Dataset[Default] : <GetCorrelationMatrix> Zero variances for variables (7, 13) = -0.00344523
<WARNING>                : Dataset[Default] : <GetCorrelationMatrix> Zero variances for variables (7, 14) = -0.00402242
<WARNING>                : Dataset[Default] : <GetCorrelationMatrix> Zero variances for variables (7, 15) = -0.0123314
<WARNING>                : Dataset[Default] : <GetCorrelationMatrix> Zero variances for variables (7, 16) = -0.00517873
<WARNING>                : Dataset[Default] : <GetCorrelationMatrix> Zero variances for variables (7, 17) = -0.0385224
<WARNING>                : Dataset[Default] : <GetCorrelationMatrix> Zero variances for variables (7, 18) = -0.00598454
<WARNING>                : Dataset[Default] : <GetCorrelationMatrix> Zero variances for variables (7, 19) = -0.00623874
<WARNING>                : Dataset[Default] : <GetCorrelationMatrix> Zero variances for variables (7, 20) = -0.00351207
<WARNING>                : Dataset[Default] : <GetCorrelationMatrix> Zero variances for variables (8, 7) = -0.017625
<WARNING>                : Dataset[Default] : <GetCorrelationMatrix> Zero variances for variables (9, 7) = -0.0265088
<WARNING>                : Dataset[Default] : <GetCorrelationMatrix> Zero variances for variables (10, 7) = -0.3378
<WARNING>                : Dataset[Default] : <GetCorrelationMatrix> Zero variances for variables (11, 7) = -0.0773113
<WARNING>                : Dataset[Default] : <GetCorrelationMatrix> Zero variances for variables (12, 7) = -0.0328779
<WARNING>                : Dataset[Default] : <GetCorrelationMatrix> Zero variances for variables (13, 7) = -0.00344523
<WARNING>                : Dataset[Default] : <GetCorrelationMatrix> Zero variances for variables (14, 7) = -0.00402242
<WARNING>                : Dataset[Default] : <GetCorrelationMatrix> Zero variances for variables (15, 7) = -0.0123314
<WARNING>                : Dataset[Default] : <GetCorrelationMatrix> Zero variances for variables (16, 7) = -0.00517873
<WARNING>                : Dataset[Default] : <GetCorrelationMatrix> Zero variances for variables (17, 7) = -0.0385224
<WARNING>                : Dataset[Default] : <GetCorrelationMatrix> Zero variances for variables (18, 7) = -0.00598454
<WARNING>                : Dataset[Default] : <GetCorrelationMatrix> Zero variances for variables (19, 7) = -0.00623874
<WARNING>                : Dataset[Default] : <GetCorrelationMatrix> Zero variances for variables (20, 7) = -0.00351207
DataSetInfo              : Correlation matrix (Signal):
                         : ------------------------------------------------------------------------------------------------------------------------------------------------------------------------------------------------------------------------------------------------------------------------------------------------------------------------------------------------------------------------------------------------------------
                         :                             log10(Lb_ConsLb_chi2) log10(Lb_MINIPCHI2) log10(acos(Lb_DIRA_OWNPV)) log10(Lb_FD_OWNPV) log10(Jpsi_MINIPCHI2) log10(Jpsi_M) log10(L_FDCHI2_ORIVX) log10(acos(L_DIRA_ORIVX)) log10(L_FD_ORIVX) log10(acos(L_DIRA_OWNPV))    L_dm log10(L_MINIPCHI2) log10(p_MINIPCHI2) p_ProbNNghost log10(p_PT) p_ProbNNp pi_ProbNNghost log10(pi_MINIPCHI2) log10(pi_PT) pi_ProbNNpi BDTkMin_v0
                         :      log10(Lb_ConsLb_chi2):                +1.000              +0.085                     +0.077             -0.096                +0.246        -0.016                +0.227                    +0.000            +0.624                    -0.459  +0.106             +0.154             +0.229        -0.121      +1.009    +0.142         +0.076              +0.426       +0.382      +0.058     -0.057
                         :        log10(Lb_MINIPCHI2):                +0.085              +1.000                     +0.736             -0.148                +0.045        +0.081                +0.046                    +0.000            +0.363                    -0.240  +0.057             -0.014             -0.072        +0.023      +0.482    +0.050         +0.127              +0.210       +0.209      -0.079     -0.143
                         : log10(acos(Lb_DIRA_OWNPV)):                +0.077              +0.736                     +1.000             -0.737                -0.368        +0.083                +0.033                    +0.000            +0.192                    -0.441  +0.176             -0.414             -0.258        +0.052      +0.355    +0.021         +0.064              +0.106       +0.145      -0.041     -0.241
                         :         log10(Lb_FD_OWNPV):                -0.096              -0.148                     -0.737             +1.000                +0.556        -0.031                +0.053                    +0.000            +0.184                    +0.341  -0.253             +0.571             +0.309        -0.086      -0.056    +0.066         +0.008              +0.088       -0.024      +0.025     +0.241
                         :      log10(Jpsi_MINIPCHI2):                +0.246              +0.045                     -0.368             +0.556                +1.000        -0.002                -0.224                    +0.000            -0.279                    +0.601  +0.263             +0.459             +0.124        -0.021      -0.112    -0.108         +0.188              -0.216       -0.145      -0.184     +0.098
                         :              log10(Jpsi_M):                -0.016              +0.081                     +0.083             -0.031                -0.002        +1.000                -0.049                    +0.000            +0.032                    -0.020  +0.197             -0.065             -0.054        +0.143      -0.022    -0.049         +0.016              -0.047       -0.008      -0.035     -0.030
                         :      log10(L_FDCHI2_ORIVX):                +0.227              +0.046                     +0.033             +0.053                -0.224        -0.049                +1.000                    +0.000            +0.440                    -0.220  +0.008             -0.111             +0.115        +0.115      -0.823    -0.066         +0.014              +0.485       -0.378      -0.111     -0.046
                         :  log10(acos(L_DIRA_ORIVX)):                +0.000              +0.000                     +0.000             +0.000                +0.000        +0.000                +0.000                    +1.000            +0.000                    +0.000  +0.000             +0.000             +0.000        +0.000      +0.000    +0.000         +0.000              +0.000       +0.000      +0.000     +0.000
                         :          log10(L_FD_ORIVX):                +0.624              +0.363                     +0.192             +0.184                -0.279        +0.032                +0.440                    +0.000            +1.000                    -0.746  +0.838             -0.697             -0.422        +0.358      -0.941    -0.278         +0.484              +0.121       -0.534      -0.507     -0.361
                         :  log10(acos(L_DIRA_OWNPV)):                -0.459              -0.240                     -0.441             +0.341                +0.601        -0.020                -0.220                    +0.000            -0.746                    +1.000  -0.686             +1.158             +0.640        -0.344      +0.387    +0.043         -0.291              +0.146       +0.264      +0.312     +0.351
                         :                       L_dm:                +0.106              +0.057                     +0.176             -0.253                +0.263        +0.197                +0.008                    +0.000            +0.838                    -0.686  +1.000             -0.023             +0.104        +0.195      +1.544    +0.056         +0.411              +0.292       +0.219      -0.172     +0.108
                         :         log10(L_MINIPCHI2):                +0.154              -0.014                     -0.414             +0.571                +0.459        -0.065                -0.111                    +0.000            -0.697                    +1.158  -0.023             +1.000             +0.425        -0.059      -0.303    -0.140         -0.062              -0.024       -0.070      +0.008     +0.118
                         :         log10(p_MINIPCHI2):                +0.229              -0.072                     -0.258             +0.309                +0.124        -0.054                +0.115                    +0.000            -0.422                    +0.640  +0.104             +0.425             +1.000        +0.067      -0.559    -0.114         +0.113              +0.127       -0.369      -0.148     +0.080
                         :              p_ProbNNghost:                -0.121              +0.023                     +0.052             -0.086                -0.021        +0.143                +0.115                    +0.000            +0.358                    -0.344  +0.195             -0.059             +0.067        +1.000      +0.597    -0.225         +0.013              +0.202       +0.419      -0.007     -0.101
                         :                log10(p_PT):                +1.009              +0.482                     +0.355             -0.056                -0.112        -0.022                -0.823                    +0.000            -0.941                    +0.387  +1.544             -0.303             -0.559        +0.597      +1.000    +0.020         +0.533              -0.585       +0.490      -0.573     -0.476
                         :                  p_ProbNNp:                +0.142              +0.050                     +0.021             +0.066                -0.108        -0.049                -0.066                    +0.000            -0.278                    +0.043  +0.056             -0.140             -0.114        -0.225      +0.020    +1.000         -0.110              -0.086       +0.087      +0.121     +0.006
                         :             pi_ProbNNghost:                +0.076              +0.127                     +0.064             +0.008                +0.188        +0.016                +0.014                    +0.000            +0.484                    -0.291  +0.411             -0.062             +0.113        +0.013      +0.533    -0.110         +1.000              +0.188       -0.038      -0.822     +0.061
                         :        log10(pi_MINIPCHI2):                +0.426              +0.210                     +0.106             +0.088                -0.216        -0.047                +0.485                    +0.000            +0.121                    +0.146  +0.292             -0.024             +0.127        +0.202      -0.585    -0.086         +0.188              +1.000       -0.238      -0.243     -0.224
                         :               log10(pi_PT):                +0.382              +0.209                     +0.145             -0.024                -0.145        -0.008                -0.378                    +0.000            -0.534                    +0.264  +0.219             -0.070             -0.369        +0.419      +0.490    +0.087         -0.038              -0.238       +1.000      -0.006     -0.200
                         :                pi_ProbNNpi:                +0.058              -0.079                     -0.041             +0.025                -0.184        -0.035                -0.111                    +0.000            -0.507                    +0.312  -0.172             +0.008             -0.148        -0.007      -0.573    +0.121         -0.822              -0.243       -0.006      +1.000     -0.046
                         :                 BDTkMin_v0:                -0.057              -0.143                     -0.241             +0.241                +0.098        -0.030                -0.046                    +0.000            -0.361                    +0.351  +0.108             +0.118             +0.080        -0.101      -0.476    +0.006         +0.061              -0.224       -0.200      -0.046     +1.000
                         : ------------------------------------------------------------------------------------------------------------------------------------------------------------------------------------------------------------------------------------------------------------------------------------------------------------------------------------------------------------------------------------------------------------
DataSetInfo              : Correlation matrix (Background):
                         : ------------------------------------------------------------------------------------------------------------------------------------------------------------------------------------------------------------------------------------------------------------------------------------------------------------------------------------------------------------------------------------------------------------
                         :                             log10(Lb_ConsLb_chi2) log10(Lb_MINIPCHI2) log10(acos(Lb_DIRA_OWNPV)) log10(Lb_FD_OWNPV) log10(Jpsi_MINIPCHI2) log10(Jpsi_M) log10(L_FDCHI2_ORIVX) log10(acos(L_DIRA_ORIVX)) log10(L_FD_ORIVX) log10(acos(L_DIRA_OWNPV))    L_dm log10(L_MINIPCHI2) log10(p_MINIPCHI2) p_ProbNNghost log10(p_PT) p_ProbNNp pi_ProbNNghost log10(pi_MINIPCHI2) log10(pi_PT) pi_ProbNNpi BDTkMin_v0
                         :      log10(Lb_ConsLb_chi2):                +1.000              +0.056                     -0.015             +0.075                +0.032        -0.036                -0.259                    +0.200            -0.044                    +0.190  +0.684             +0.142             -0.065        +0.126      -0.062    -0.263         +0.145              -0.056       -0.032      -0.154     -0.035
                         :        log10(Lb_MINIPCHI2):                +0.056              +1.000                     +0.591             +0.297                +0.494        -0.007                +0.023                    -0.031            +0.182                    -0.006  +0.026             +0.058             +0.084        +0.156      +0.020    -0.095         +0.110              +0.142       +0.010      -0.105     -0.168
                         : log10(acos(Lb_DIRA_OWNPV)):                -0.015              +0.591                     +1.000             -0.544                +0.076        -0.004                +0.113                    -0.093            +0.087                    -0.107  +0.010             -0.104             -0.046        +0.034      +0.194    +0.064         -0.015              +0.059       +0.132      +0.034     -0.020
                         :         log10(Lb_FD_OWNPV):                +0.075              +0.297                     -0.544             +1.000                +0.384        -0.009                -0.109                    +0.048            +0.123                    +0.093  +0.015             +0.169             +0.159        +0.132      -0.161    -0.169         +0.134              +0.100       -0.109      -0.148     -0.150
                         :      log10(Jpsi_MINIPCHI2):                +0.032              +0.494                     +0.076             +0.384                +1.000        -0.029                -0.027                    -0.016            +0.080                    +0.020  +0.020             +0.096             +0.100        +0.049      +0.010    -0.054         +0.065              +0.071       -0.010      -0.061     -0.061
                         :              log10(Jpsi_M):                -0.036              -0.007                     -0.004             -0.009                -0.029        +1.000                +0.003                    +0.002            +0.006                    -0.000  -0.002             -0.005             -0.003        +0.003      -0.009    -0.005         +0.005              +0.003       -0.009      -0.007     +0.004
                         :      log10(L_FDCHI2_ORIVX):                -0.259              +0.023                     +0.113             -0.109                -0.027        +0.003                +1.000                    -0.461            +0.476                    -0.553  -0.245             -0.302             +0.174        -0.109      -0.028    +0.414         -0.077              +0.400       -0.082      +0.109     +0.020
                         :  log10(acos(L_DIRA_ORIVX)):                +0.200              -0.031                     -0.093             +0.048                -0.016        +0.002                -0.461                    +1.000            -0.585                    +0.803  +0.144             +0.273             -0.189        +0.002      -0.291    -0.234         -0.008              -0.332       -0.134      -0.027     -0.006
                         :          log10(L_FD_ORIVX):                -0.044              +0.182                     +0.087             +0.123                +0.080        +0.006                +0.476                    -0.585            +1.000                    -0.665  -0.182             -0.451             +0.227        +0.271      +0.038    +0.043         +0.293              +0.611       -0.105      -0.255     -0.069
                         :  log10(acos(L_DIRA_OWNPV)):                +0.190              -0.006                     -0.107             +0.093                +0.020        -0.000                -0.553                    +0.803            -0.665                    +1.000  +0.201             +0.639             -0.137        -0.024      -0.207    -0.282         -0.045              -0.415       -0.054      +0.003     -0.005
                         :                       L_dm:                +0.684              +0.026                     +0.010             +0.015                +0.020        -0.002                -0.245                    +0.144            -0.182                    +0.201  +1.000             +0.174             -0.131        +0.031      +0.032    -0.206         +0.094              -0.178       -0.040      -0.107     -0.001
                         :         log10(L_MINIPCHI2):                +0.142              +0.058                     -0.104             +0.169                +0.096        -0.005                -0.302                    +0.273            -0.451                    +0.639  +0.174             +1.000             +0.105        -0.069      +0.071    -0.180         -0.059              -0.242       +0.085      +0.035     -0.005
                         :         log10(p_MINIPCHI2):                -0.065              +0.084                     -0.046             +0.159                +0.100        -0.003                +0.174                    -0.189            +0.227                    -0.137  -0.131             +0.105             +1.000        +0.191      +0.258    +0.081         -0.011              +0.258       +0.149      +0.023     -0.028
                         :              p_ProbNNghost:                +0.126              +0.156                     +0.034             +0.132                +0.049        +0.003                -0.109                    +0.002            +0.271                    -0.024  +0.031             -0.069             +0.191        +1.000      -0.001    -0.356         +0.241              +0.156       -0.002      -0.245     -0.110
                         :                log10(p_PT):                -0.062              +0.020                     +0.194             -0.161                +0.010        -0.009                -0.028                    -0.291            +0.038                    -0.207  +0.032             +0.071             +0.258        -0.001      +1.000    +0.172         -0.104              +0.149       +0.590      +0.139     +0.039
                         :                  p_ProbNNp:                -0.263              -0.095                     +0.064             -0.169                -0.054        -0.005                +0.414                    -0.234            +0.043                    -0.282  -0.206             -0.180             +0.081        -0.356      +0.172    +1.000         -0.249              +0.086       +0.101      +0.281     +0.066
                         :             pi_ProbNNghost:                +0.145              +0.110                     -0.015             +0.134                +0.065        +0.005                -0.077                    -0.008            +0.293                    -0.045  +0.094             -0.059             -0.011        +0.241      -0.104    -0.249         +1.000              +0.210       -0.294      -0.907     -0.073
                         :        log10(pi_MINIPCHI2):                -0.056              +0.142                     +0.059             +0.100                +0.071        +0.003                +0.400                    -0.332            +0.611                    -0.415  -0.178             -0.242             +0.258        +0.156      +0.149    +0.086         +0.210              +1.000       -0.019      -0.153     -0.063
                         :               log10(pi_PT):                -0.032              +0.010                     +0.132             -0.109                -0.010        -0.009                -0.082                    -0.134            -0.105                    -0.054  -0.040             +0.085             +0.149        -0.002      +0.590    +0.101         -0.294              -0.019       +1.000      +0.297     +0.038
                         :                pi_ProbNNpi:                -0.154              -0.105                     +0.034             -0.148                -0.061        -0.007                +0.109                    -0.027            -0.255                    +0.003  -0.107             +0.035             +0.023        -0.245      +0.139    +0.281         -0.907              -0.153       +0.297      +1.000     +0.076
                         :                 BDTkMin_v0:                -0.035              -0.168                     -0.020             -0.150                -0.061        +0.004                +0.020                    -0.006            -0.069                    -0.005  -0.001             -0.005             -0.028        -0.110      +0.039    +0.066         -0.073              -0.063       +0.038      +0.076     +1.000
                         : ------------------------------------------------------------------------------------------------------------------------------------------------------------------------------------------------------------------------------------------------------------------------------------------------------------------------------------------------------------------------------------------------------------
DataSetFactory           : [dataset] :  
                         : 
Factory                  : Booking method: [1mBDTconf1_REAL[0m
                         : 
Factory                  : [1mTrain all methods[0m
Factory                  : [dataset] : Create Transformation "I" with events from all classes.
                         : 
                         : Transformation, Variable selection : 
                         : Input : variable 'log_dtfchi2' <---> Output : variable 'log_dtfchi2'
                         : Input : variable 'log_lbminipchi2' <---> Output : variable 'log_lbminipchi2'
                         : Input : variable 'logacos_lbdira' <---> Output : variable 'logacos_lbdira'
                         : Input : variable 'log_lbfd_ownpv' <---> Output : variable 'log_lbfd_ownpv'
                         : Input : variable 'log_jpsiminipchi2' <---> Output : variable 'log_jpsiminipchi2'
                         : Input : variable 'log_jpsimass' <---> Output : variable 'log_jpsimass'
                         : Input : variable 'log_lfdchi2' <---> Output : variable 'log_lfdchi2'
                         : Input : variable 'logacos_ldira_orivx' <---> Output : variable 'logacos_ldira_orivx'
                         : Input : variable 'log_lfd_orivx' <---> Output : variable 'log_lfd_orivx'
                         : Input : variable 'logacos_ldira_ownpv' <---> Output : variable 'logacos_ldira_ownpv'
                         : Input : variable 'L_dm' <---> Output : variable 'L_dm'
                         : Input : variable 'log_lminipchi2' <---> Output : variable 'log_lminipchi2'
                         : Input : variable 'log_pminipchi2' <---> Output : variable 'log_pminipchi2'
                         : Input : variable 'p_ProbNNghost' <---> Output : variable 'p_ProbNNghost'
                         : Input : variable 'log_p_PT' <---> Output : variable 'log_p_PT'
                         : Input : variable 'p_ProbNNp' <---> Output : variable 'p_ProbNNp'
                         : Input : variable 'pi_ProbNNghost' <---> Output : variable 'pi_ProbNNghost'
                         : Input : variable 'log_piminipchi2' <---> Output : variable 'log_piminipchi2'
                         : Input : variable 'log_pi_PT' <---> Output : variable 'log_pi_PT'
                         : Input : variable 'pi_ProbNNpi' <---> Output : variable 'pi_ProbNNpi'
                         : Input : variable 'BDTkMin_v0' <---> Output : variable 'BDTkMin_v0'
TFHandler_Factory        :            Variable                   Mean                   RMS           [        Min                   Max ]
                         : ------------------------------------------------------------------------------------------------------------------
                         :         log_dtfchi2:               1.0626              0.49470   [             -0.94226               2.4771 ]
                         :     log_lbminipchi2:              0.51468              0.88752   [              -4.4987               5.8830 ]
                         :      logacos_lbdira:              -2.3600              0.58782   [              -4.7665              0.49472 ]
                         :      log_lbfd_ownpv:              0.82231              0.35269   [              0.17609               2.9565 ]
                         :   log_jpsiminipchi2:               1.9237              0.74439   [              -4.5778               6.3389 ]
                         :        log_jpsimass:               3.4912            0.0020350   [               3.4797               3.5004 ]
                         :         log_lfdchi2:               3.4053               1.2549   [              -2.8560               6.7099 ]
                         : logacos_ldira_orivx:              -3.4833              0.51206   [              -6.0228              0.49715 ]
                         :       log_lfd_orivx:               2.1953              0.47162   [              -2.3997               3.5657 ]
                         : logacos_ldira_ownpv:              -2.6483              0.55894   [              -5.7445              0.49715 ]
                         :                L_dm:               2.6944               4.7275   [           2.2540e-05               30.000 ]
                         :      log_lminipchi2:               1.8119              0.88146   [              -4.5501               5.7494 ]
                         :      log_pminipchi2:               2.3340              0.60890   [              0.95425               5.9395 ]
                         :       p_ProbNNghost:              0.17744              0.29881   [           6.4474e-05               1.0000 ]
                         :            log_p_PT:               3.1404              0.25811   [              0.58746               4.0870 ]
                         :           p_ProbNNp:              0.47087              0.35714   [           1.0530e-08              0.99939 ]
                         :      pi_ProbNNghost:              0.22389              0.32083   [           0.00013458               1.0000 ]
                         :     log_piminipchi2:               2.5721              0.68772   [              0.95425               6.4159 ]
                         :           log_pi_PT:               2.4710              0.28707   [             -0.76866               3.4339 ]
                         :         pi_ProbNNpi:              0.69665              0.32669   [           1.7493e-11              0.99994 ]
                         :          BDTkMin_v0:              0.19851              0.22342   [             -0.72820              0.54507 ]
                         : ------------------------------------------------------------------------------------------------------------------
                         : [32m
                         : <PlotVariables> Will not produce scatter plots ==> 
                         : |  The number of 21 input variables and 0 target values would require 210 two-dimensional
                         : |  histograms, which would occupy the computer's memory. Note that this
                         : |  suppression does not have any consequences for your analysis, other
                         : |  than not disposing of these scatter plots. You can modify the maximum
                         : |  number of input variables allowed to generate scatter plots in your
                         : |  script via the command line:
                         : |  "(TMVA::gConfig().GetVariablePlotting()).fMaxNumOfAllowedVariablesForScatterPlots = <some int>;"[0m
                         : 
                         : Some more output
                         : Ranking input variables (method unspecific)...
IdTransformation         : Ranking result (top variable is best ranked)
                         : --------------------------------------------
                         : Rank : Variable            : Separation
                         : --------------------------------------------
                         :    1 : logacos_ldira_orivx : 7.529e-01
                         :    2 : log_dtfchi2         : 6.912e-01
                         :    3 : log_lbminipchi2     : 6.649e-01
                         :    4 : p_ProbNNp           : 6.409e-01
                         :    5 : L_dm                : 5.630e-01
                         :    6 : log_lfdchi2         : 4.994e-01
                         :    7 : logacos_lbdira      : 4.515e-01
                         :    8 : pi_ProbNNpi         : 4.384e-01
                         :    9 : pi_ProbNNghost      : 4.024e-01
                         :   10 : log_p_PT            : 3.607e-01
                         :   11 : BDTkMin_v0          : 3.276e-01
                         :   12 : log_lminipchi2      : 3.274e-01
                         :   13 : log_pi_PT           : 3.259e-01
                         :   14 : p_ProbNNghost       : 2.971e-01
                         :   15 : log_piminipchi2     : 2.534e-01
                         :   16 : log_pminipchi2      : 2.326e-01
                         :   17 : log_lfd_orivx       : 2.015e-01
                         :   18 : log_jpsiminipchi2   : 1.539e-01
                         :   19 : logacos_ldira_ownpv : 8.464e-02
                         :   20 : log_lbfd_ownpv      : 3.614e-02
                         :   21 : log_jpsimass        : 2.676e-02
                         : --------------------------------------------
Factory                  : Train method: BDTconf1 for Classification
                         : 
<WARNING>                : Events with negative event weights are USED during the BDT training. This might cause problems with small node sizes or with the boosting. Please remove negative events from training using the option *IgnoreEventsWithNegWeightsInTraining* in case you observe problems with the boosting
BDTconf1                 : #events: (reweighted) sig: 300496 bkg: 300496
                         : #events: (unweighted) sig: 478703 bkg: 122288
                         : Training 500 Decision Trees ... patience please
                         : Elapsed time for training with 600991 events: 447 sec         
BDTconf1                 : [dataset] : Evaluation of BDTconf1 on training sample (600991 events)
                         : Elapsed time for evaluation of 600991 events: 47.8 sec       
                         : Creating xml weight file: [0;36mdataset/weights/TMVAClassification-JpsiLambdaLL_dataRun1_iso1_v0_BDT1_noPID_BDTconf1.weights.xml[0m
                         : Creating standalone class: [0;36mdataset/weights/TMVAClassification-JpsiLambdaLL_dataRun1_iso1_v0_BDT1_noPID_BDTconf1.class.C[0m
Factory                  : Training finished
                         : 
Factory                  : Train method: BDTconf1_REAL for Classification
                         : 
<WARNING>                : Events with negative event weights are USED during the BDT training. This might cause problems with small node sizes or with the boosting. Please remove negative events from training using the option *IgnoreEventsWithNegWeightsInTraining* in case you observe problems with the boosting
BDTconf1_REAL            : #events: (reweighted) sig: 300496 bkg: 300496
                         : #events: (unweighted) sig: 478703 bkg: 122288
                         : Training 500 Decision Trees ... patience please
                         : Elapsed time for training with 600991 events: 453 sec         
BDTconf1_REAL            : [dataset] : Evaluation of BDTconf1_REAL on training sample (600991 events)
                         : Elapsed time for evaluation of 600991 events: 51.5 sec       
                         : Creating xml weight file: [0;36mdataset/weights/TMVAClassification-JpsiLambdaLL_dataRun1_iso1_v0_BDT1_noPID_BDTconf1_REAL.weights.xml[0m
                         : Creating standalone class: [0;36mdataset/weights/TMVAClassification-JpsiLambdaLL_dataRun1_iso1_v0_BDT1_noPID_BDTconf1_REAL.class.C[0m
Factory                  : Training finished
                         : 
                         : Ranking input variables (method specific)...
BDTconf1                 : Ranking result (top variable is best ranked)
