*****************************
==> Starting TrainFinalBDT: 
Mon Feb 11 12:18:25 EST 2019
WD = /data1/avenkate/JpsiLambda_RESTART
*****************************
hadd Target file: rootFiles/dataFiles/JpsiLambda/run1/jpsilambda_LL_withsw.root
hadd compression setting for all ouput: 1
hadd Source file 1: rootFiles/dataFiles/JpsiLambda/run1/jpsilambda_LL_withsw_nonZeroTracks.root
hadd Source file 2: rootFiles/dataFiles/JpsiLambda/run1/jpsilambda_LL_withsw_ZeroTracks.root
hadd Target path: rootFiles/dataFiles/JpsiLambda/run1/jpsilambda_LL_withsw.root:/
--- TMVAClassification : Using input file: rootFiles/dataFiles/JpsiLambda/run1/jpsilambda_LL_withsw.root
DataSetInfo              : [dataset] : Added class "Signal"
                         : Add Tree MyTuple of type Signal with 408371 events
DataSetInfo              : [dataset] : Added class "Background"
                         : Add Tree MyTuple of type Background with 408371 events
Factory                  : Booking method: [1mBDTconf1[0m
                         : 
DataSetFactory           : [dataset] : Number of events in input trees
                         : Dataset[dataset] :     Signal     requirement: "Lb_ConsLb_chi2 > 0 && Lb_MINIPCHI2 > 0 && Lb_FD_OWNPV > 0 &&L_TAU > 0 && Jpsi_MINIPCHI2 > 0 && Jpsi_M > 0 &&L_FDCHI2_ORIVX > 0 && L_FD_ORIVX > 0 && L_MINIPCHI2 > 0 &&p_MINIPCHI2 > 0 && p_PT > 0 && pi_MINIPCHI2 > 0 &&pi_PT > 0"
                         : Dataset[dataset] :     Signal          -- number of events passed: 408371  / sum of weights: 6944.88
                         : Dataset[dataset] :     Signal          -- efficiency             : 1     
                         : Dataset[dataset] :     Background requirement: "(Lb_ConsLb_chi2 > 0 && Lb_MINIPCHI2 > 0 && Lb_FD_OWNPV > 0 &&L_TAU > 0 && Jpsi_MINIPCHI2 > 0 && Jpsi_M > 0 &&L_FDCHI2_ORIVX > 0 && L_FD_ORIVX > 0 && L_MINIPCHI2 > 0 &&p_MINIPCHI2 > 0 && p_PT > 0 && pi_MINIPCHI2 > 0 &&pi_PT > 0)&&(Lb_DTF_M_JpsiLConstr > 5700)"
                         : Dataset[dataset] :     Background      -- number of events passed: 107382  / sum of weights: 111518
                         : Dataset[dataset] :     Background      -- efficiency             : 0.278777
                         : 
                         : Dataset[dataset] :  you have opted for interpreting the requested number of training/testing events
                         :  to be the number of events AFTER your preselection cuts
                         : 
                         : Number of training and testing events
                         : ---------------------------------------------------------------------------
                         : Signal     -- training events            : 326696
                         : Signal     -- testing events             : 81675
                         : Signal     -- training and testing events: 408371
                         : Background -- training events            : 85905
                         : Background -- testing events             : 21477
                         : Background -- training and testing events: 107382
                         : Dataset[dataset] : Background -- due to the preselection a scaling factor has been applied to the numbers of requested events: 0.262952
                         : 
<WARNING>                : Dataset[Default] : <GetCorrelationMatrix> Zero variances for variables (0, 7) = -5.10827e-05
<WARNING>                : Dataset[Default] : <GetCorrelationMatrix> Zero variances for variables (1, 7) = -0.000229585
<WARNING>                : Dataset[Default] : <GetCorrelationMatrix> Zero variances for variables (2, 7) = -0.000145196
<WARNING>                : Dataset[Default] : <GetCorrelationMatrix> Zero variances for variables (3, 7) = -7.49073e-05
<WARNING>                : Dataset[Default] : <GetCorrelationMatrix> Zero variances for variables (4, 7) = -0.000297231
<WARNING>                : Dataset[Default] : <GetCorrelationMatrix> Zero variances for variables (5, 7) = -2.18307e-09
<WARNING>                : Dataset[Default] : <GetCorrelationMatrix> Zero variances for variables (6, 7) = -0.000675027
<WARNING>                : Dataset[Default] : <GetCorrelationMatrix> Zero variances for variables (7, 0) = -5.10827e-05
<WARNING>                : Dataset[Default] : <GetCorrelationMatrix> Zero variances for variables (7, 1) = -0.000229585
<WARNING>                : Dataset[Default] : <GetCorrelationMatrix> Zero variances for variables (7, 2) = -0.000145196
<WARNING>                : Dataset[Default] : <GetCorrelationMatrix> Zero variances for variables (7, 3) = -7.49073e-05
<WARNING>                : Dataset[Default] : <GetCorrelationMatrix> Zero variances for variables (7, 4) = -0.000297231
<WARNING>                : Dataset[Default] : <GetCorrelationMatrix> Zero variances for variables (7, 5) = -2.18307e-09
<WARNING>                : Dataset[Default] : <GetCorrelationMatrix> Zero variances for variables (7, 6) = -0.000675027
<WARNING>                : Dataset[Default] : <GetCorrelationMatrix> Zero variances for variables (7, 8) = -9.44685e-05
<WARNING>                : Dataset[Default] : <GetCorrelationMatrix> Zero variances for variables (7, 9) = -0.000153376
<WARNING>                : Dataset[Default] : <GetCorrelationMatrix> Zero variances for variables (7, 10) = -0.000497016
<WARNING>                : Dataset[Default] : <GetCorrelationMatrix> Zero variances for variables (7, 11) = -0.000400891
<WARNING>                : Dataset[Default] : <GetCorrelationMatrix> Zero variances for variables (7, 12) = -0.000194841
<WARNING>                : Dataset[Default] : <GetCorrelationMatrix> Zero variances for variables (7, 13) = -1.82508e-05
<WARNING>                : Dataset[Default] : <GetCorrelationMatrix> Zero variances for variables (7, 14) = -2.98435e-05
<WARNING>                : Dataset[Default] : <GetCorrelationMatrix> Zero variances for variables (7, 15) = -5.8973e-05
<WARNING>                : Dataset[Default] : <GetCorrelationMatrix> Zero variances for variables (7, 16) = -2.65939e-05
<WARNING>                : Dataset[Default] : <GetCorrelationMatrix> Zero variances for variables (7, 17) = -0.000192363
<WARNING>                : Dataset[Default] : <GetCorrelationMatrix> Zero variances for variables (7, 18) = -2.89793e-05
<WARNING>                : Dataset[Default] : <GetCorrelationMatrix> Zero variances for variables (7, 19) = -3.38658e-05
<WARNING>                : Dataset[Default] : <GetCorrelationMatrix> Zero variances for variables (7, 20) = -1.49213e-05
<WARNING>                : Dataset[Default] : <GetCorrelationMatrix> Zero variances for variables (7, 21) = -1.49117e-05
<WARNING>                : Dataset[Default] : <GetCorrelationMatrix> Zero variances for variables (7, 22) = -0.000158108
<WARNING>                : Dataset[Default] : <GetCorrelationMatrix> Zero variances for variables (7, 23) = -0.000149004
<WARNING>                : Dataset[Default] : <GetCorrelationMatrix> Zero variances for variables (8, 7) = -9.44685e-05
<WARNING>                : Dataset[Default] : <GetCorrelationMatrix> Zero variances for variables (9, 7) = -0.000153376
<WARNING>                : Dataset[Default] : <GetCorrelationMatrix> Zero variances for variables (10, 7) = -0.000497016
<WARNING>                : Dataset[Default] : <GetCorrelationMatrix> Zero variances for variables (11, 7) = -0.000400891
<WARNING>                : Dataset[Default] : <GetCorrelationMatrix> Zero variances for variables (12, 7) = -0.000194841
<WARNING>                : Dataset[Default] : <GetCorrelationMatrix> Zero variances for variables (13, 7) = -1.82508e-05
<WARNING>                : Dataset[Default] : <GetCorrelationMatrix> Zero variances for variables (14, 7) = -2.98435e-05
<WARNING>                : Dataset[Default] : <GetCorrelationMatrix> Zero variances for variables (15, 7) = -5.8973e-05
<WARNING>                : Dataset[Default] : <GetCorrelationMatrix> Zero variances for variables (16, 7) = -2.65939e-05
<WARNING>                : Dataset[Default] : <GetCorrelationMatrix> Zero variances for variables (17, 7) = -0.000192363
<WARNING>                : Dataset[Default] : <GetCorrelationMatrix> Zero variances for variables (18, 7) = -2.89793e-05
<WARNING>                : Dataset[Default] : <GetCorrelationMatrix> Zero variances for variables (19, 7) = -3.38658e-05
<WARNING>                : Dataset[Default] : <GetCorrelationMatrix> Zero variances for variables (20, 7) = -1.49213e-05
<WARNING>                : Dataset[Default] : <GetCorrelationMatrix> Zero variances for variables (21, 7) = -1.49117e-05
<WARNING>                : Dataset[Default] : <GetCorrelationMatrix> Zero variances for variables (22, 7) = -0.000158108
<WARNING>                : Dataset[Default] : <GetCorrelationMatrix> Zero variances for variables (23, 7) = -0.000149004
DataSetInfo              : Correlation matrix (Signal):
                         : -------------------------------------------------------------------------------------------------------------------------------------------------------------------------------------------------------------------------------------------------------------------------------------------------------------------------------------------------------------------------------------------------------------------------------------------------------
                         :                             log10(Lb_ConsLb_chi2) log10(Lb_MINIPCHI2) log10(acos(Lb_DIRA_OWNPV)) log10(Lb_FD_OWNPV) log10(Jpsi_MINIPCHI2) log10(Jpsi_M) log10(L_FDCHI2_ORIVX) log10(acos(L_DIRA_ORIVX)) log10(L_FD_ORIVX) log10(acos(L_DIRA_OWNPV))    L_dm log10(L_MINIPCHI2) log10(p_MINIPCHI2) p_ProbNNghost log10(p_PT) p_ProbNNp pi_ProbNNghost log10(pi_MINIPCHI2) log10(pi_PT) pi_ProbNNpi (Jpsi_P/Lb_P) (L_P/Lb_P) (Jpsi_PT/Lb_PT) (L_PT/Lb_PT)
                         :      log10(Lb_ConsLb_chi2):                +1.000              +0.077                     +0.022             -0.015                +0.119        -0.023                +0.205                    +0.000            +0.422                    -0.266  -0.030             +0.137             +0.097        -0.061      +0.464    +0.109         +0.278              +0.142       +0.166      -0.164        -0.232     +0.234          -0.002       +0.069
                         :        log10(Lb_MINIPCHI2):                +0.077              +1.000                     +0.695             -0.096                -0.005        +0.051                +0.038                    +0.000            +0.214                    -0.114  -0.129             +0.007             -0.135        +0.133      +0.168    +0.028         +0.200              +0.021       +0.111      -0.187        -0.143     +0.145          +0.048       +0.052
                         : log10(acos(Lb_DIRA_OWNPV)):                +0.022              +0.695                     +1.000             -0.747                -0.456        +0.050                +0.065                    +0.000            +0.150                    -0.404  -0.190             -0.444             -0.319        +0.090      +0.087    +0.001         +0.101              -0.020       +0.058      -0.097        -0.230     +0.233          +0.089       +0.155
                         :         log10(Lb_FD_OWNPV):                -0.015              -0.096                     -0.747             +1.000                +0.587        -0.030                -0.013                    +0.000            +0.100                    +0.396  +0.019             +0.581             +0.305        -0.030      -0.002    +0.063         +0.024              +0.059       -0.019      -0.004        +0.176     -0.178          -0.044       -0.103
                         :      log10(Jpsi_MINIPCHI2):                +0.119              -0.005                     -0.456             +0.587                +1.000        -0.012                -0.123                    +0.000            -0.200                    +0.512  +0.288             +0.516             +0.260        +0.011      +0.053    -0.022         +0.016              -0.041       -0.006      -0.027        -0.159     +0.160          -0.039       +0.007
                         :              log10(Jpsi_M):                -0.023              +0.051                     +0.050             -0.030                -0.012        +1.000                -0.017                    +0.000            +0.049                    -0.034  +0.359             -0.051             +0.002        +0.099      -0.014    -0.021         +0.008              -0.024       +0.003      -0.003        +0.020     -0.020          -0.020       +0.004
                         :      log10(L_FDCHI2_ORIVX):                +0.205              +0.038                     +0.065             -0.013                -0.123        -0.017                +1.000                    +0.000            +0.545                    -0.297  +0.228             -0.089             +0.178        +0.097      -0.423    -0.077         -0.093              +0.580       -0.235      +0.013        +0.276     -0.277          +0.111       -0.076
                         :  log10(acos(L_DIRA_ORIVX)):                +0.000              +0.000                     +0.000             +0.000                +0.000        +0.000                +0.000                    +1.000            +0.000                    +0.000  +0.000             +0.000             +0.000        +0.000      +0.000    +0.000         +0.000              +0.000       +0.000      +0.000        +0.000     +0.000          +0.000       +0.000
                         :          log10(L_FD_ORIVX):                +0.422              +0.214                     +0.150             +0.100                -0.200        +0.049                +0.545                    +0.000            +1.000                    -0.751  +1.072             -0.568             -0.302        +0.166      -0.452    -0.155         +0.159              +0.118       -0.312      -0.195        -0.007     +0.005          +0.174       -0.113
                         :  log10(acos(L_DIRA_OWNPV)):                -0.266              -0.114                     -0.404             +0.396                +0.512        -0.034                -0.297                    +0.000            -0.751                    +1.000  -0.887             +1.021             +0.526        -0.106      +0.064    -0.038         -0.053              +0.070       +0.053      +0.053        +0.436     -0.433          +0.064       -0.002
                         :                       L_dm:                -0.030              -0.129                     -0.190             +0.019                +0.288        +0.359                +0.228                    +0.000            +1.072                    -0.887  +1.000             +0.078             +0.215        -0.123      +1.244    +0.295         +0.754              +0.033       +0.070      -0.403        -0.815     +0.821          -0.069       +0.304
                         :         log10(L_MINIPCHI2):                +0.137              +0.007                     -0.444             +0.581                +0.516        -0.051                -0.089                    +0.000            -0.568                    +1.021  +0.078             +1.000             +0.531        +0.006      -0.120    -0.122         -0.063              +0.106       -0.021      +0.027        +0.463     -0.463          +0.038       -0.043
                         :         log10(p_MINIPCHI2):                +0.097              -0.135                     -0.319             +0.305                +0.260        +0.002                +0.178                    +0.000            -0.302                    +0.526  +0.215             +0.531             +1.000        -0.073      -0.112    -0.045         -0.084              +0.289       -0.142      +0.059        +0.336     -0.336          +0.006       -0.066
                         :              p_ProbNNghost:                -0.061              +0.133                     +0.090             -0.030                +0.011        +0.099                +0.097                    +0.000            +0.166                    -0.106  -0.123             +0.006             -0.073        +1.000      +0.202    -0.265         +0.183              +0.017       +0.140      -0.209        -0.038     +0.040          +0.006       -0.004
                         :                log10(p_PT):                +0.464              +0.168                     +0.087             -0.002                +0.053        -0.014                -0.423                    +0.000            -0.452                    +0.064  +1.244             -0.120             -0.112        +0.202      +1.000    +0.179         +0.053              -0.137       +0.660      -0.066        -0.481     +0.478          -0.562       +0.224
                         :                  p_ProbNNp:                +0.109              +0.028                     +0.001             +0.063                -0.022        -0.021                -0.077                    +0.000            -0.155                    -0.038  +0.295             -0.122             -0.045        -0.265      +0.179    +1.000         -0.192              +0.039       +0.164      +0.210        -0.134     +0.132          -0.153       +0.083
                         :             pi_ProbNNghost:                +0.278              +0.200                     +0.101             +0.024                +0.016        +0.008                -0.093                    +0.000            +0.159                    -0.053  +0.754             -0.063             -0.084        +0.183      +0.053    -0.192         +1.000              -0.148       -0.166      -0.847        -0.062     +0.064          +0.092       -0.009
                         :        log10(pi_MINIPCHI2):                +0.142              +0.021                     -0.020             +0.059                -0.041        -0.024                +0.580                    +0.000            +0.118                    +0.070  +0.033             +0.106             +0.289        +0.017      -0.137    +0.039         -0.148              +1.000       +0.042      +0.096        +0.294     -0.294          +0.029       -0.016
                         :               log10(pi_PT):                +0.166              +0.111                     +0.058             -0.019                -0.006        +0.003                -0.235                    +0.000            -0.312                    +0.053  +0.070             -0.021             -0.142        +0.140      +0.660    +0.164         -0.166              +0.042       +1.000      +0.153        -0.262     +0.261          -0.425       +0.130
                         :                pi_ProbNNpi:                -0.164              -0.187                     -0.097             -0.004                -0.027        -0.003                +0.013                    +0.000            -0.195                    +0.053  -0.403             +0.027             +0.059        -0.209      -0.066    +0.210         -0.847              +0.096       +0.153      +1.000        +0.034     -0.035          -0.083       +0.008
                         :              (Jpsi_P/Lb_P):                -0.232              -0.143                     -0.230             +0.176                -0.159        +0.020                +0.276                    +0.000            -0.007                    +0.436  -0.815             +0.463             +0.336        -0.038      -0.481    -0.134         -0.062              +0.294       -0.262      +0.034        +1.000     -1.000          +0.287       -0.271
                         :                 (L_P/Lb_P):                +0.234              +0.145                     +0.233             -0.178                +0.160        -0.020                -0.277                    +0.000            +0.005                    -0.433  +0.821             -0.463             -0.336        +0.040      +0.478    +0.132         +0.064              -0.294       +0.261      -0.035        -1.000     +1.000          -0.285       +0.272
                         :            (Jpsi_PT/Lb_PT):                -0.002              +0.048                     +0.089             -0.044                -0.039        -0.020                +0.111                    +0.000            +0.174                    +0.064  -0.069             +0.038             +0.006        +0.006      -0.562    -0.153         +0.092              +0.029       -0.425      -0.083        +0.287     -0.285          +1.000       +0.454
                         :               (L_PT/Lb_PT):                +0.069              +0.052                     +0.155             -0.103                +0.007        +0.004                -0.076                    +0.000            -0.113                    -0.002  +0.304             -0.043             -0.066        -0.004      +0.224    +0.083         -0.009              -0.016       +0.130      +0.008        -0.271     +0.272          +0.454       +1.000
                         : -------------------------------------------------------------------------------------------------------------------------------------------------------------------------------------------------------------------------------------------------------------------------------------------------------------------------------------------------------------------------------------------------------------------------------------------------------
DataSetInfo              : Correlation matrix (Background):
                         : -------------------------------------------------------------------------------------------------------------------------------------------------------------------------------------------------------------------------------------------------------------------------------------------------------------------------------------------------------------------------------------------------------------------------------------------------------
                         :                             log10(Lb_ConsLb_chi2) log10(Lb_MINIPCHI2) log10(acos(Lb_DIRA_OWNPV)) log10(Lb_FD_OWNPV) log10(Jpsi_MINIPCHI2) log10(Jpsi_M) log10(L_FDCHI2_ORIVX) log10(acos(L_DIRA_ORIVX)) log10(L_FD_ORIVX) log10(acos(L_DIRA_OWNPV))    L_dm log10(L_MINIPCHI2) log10(p_MINIPCHI2) p_ProbNNghost log10(p_PT) p_ProbNNp pi_ProbNNghost log10(pi_MINIPCHI2) log10(pi_PT) pi_ProbNNpi (Jpsi_P/Lb_P) (L_P/Lb_P) (Jpsi_PT/Lb_PT) (L_PT/Lb_PT)
                         :      log10(Lb_ConsLb_chi2):                +1.000              +0.066                     -0.008             +0.082                +0.035        -0.039                -0.279                    +0.213            -0.054                    +0.208  +0.701             +0.150             -0.056        +0.138      -0.034    -0.277         +0.145              -0.071       +0.014      -0.157        +0.100     -0.100          +0.006       -0.024
                         :        log10(Lb_MINIPCHI2):                +0.066              +1.000                     +0.591             +0.319                +0.466        -0.005                +0.017                    -0.023            +0.204                    -0.004  +0.024             +0.043             +0.094        +0.185      +0.011    -0.110         +0.128              +0.154       +0.025      -0.123        -0.157     +0.159          -0.004       +0.007
                         : log10(acos(Lb_DIRA_OWNPV)):                -0.008              +0.591                     +1.000             -0.523                +0.046        -0.006                +0.120                    -0.076            +0.115                    -0.110  -0.006             -0.138             -0.056        +0.076      +0.125    +0.049         +0.023              +0.063       +0.095      -0.004        -0.464     +0.467          +0.009       +0.160
                         :         log10(Lb_FD_OWNPV):                +0.082              +0.319                     -0.523             +1.000                +0.397        -0.007                -0.121                    +0.035            +0.128                    +0.095  +0.034             +0.188             +0.179        +0.126      -0.095    -0.173         +0.122              +0.117       -0.053      -0.135        +0.364     -0.365          +0.023       -0.093
                         :      log10(Jpsi_MINIPCHI2):                +0.035              +0.466                     +0.046             +0.397                +1.000        -0.030                -0.032                    -0.010            +0.082                    +0.025  +0.019             +0.095             +0.117        +0.047      +0.017    -0.057         +0.068              +0.079       +0.006      -0.064        -0.132     +0.133          -0.013       -0.014
                         :              log10(Jpsi_M):                -0.039              -0.005                     -0.006             -0.007                -0.030        +1.000                -0.004                    +0.007            -0.001                    +0.004  -0.001             -0.002             -0.007        +0.005      -0.014    -0.007         +0.004              -0.001       -0.011      -0.004        +0.000     -0.000          -0.001       -0.017
                         :      log10(L_FDCHI2_ORIVX):                -0.279              +0.017                     +0.120             -0.121                -0.032        -0.004                +1.000                    -0.459            +0.473                    -0.571  -0.263             -0.324             +0.153        -0.130      -0.041    +0.452         -0.091              +0.395       -0.096      +0.123        -0.136     +0.136          +0.029       -0.007
                         :  log10(acos(L_DIRA_ORIVX)):                +0.213              -0.023                     -0.076             +0.035                -0.010        +0.007                -0.459                    +1.000            -0.601                    +0.779  +0.163             +0.284             -0.190        -0.018      -0.301    -0.251         -0.029              -0.318       -0.176      -0.002        +0.242     -0.241          +0.055       -0.159
                         :          log10(L_FD_ORIVX):                -0.054              +0.204                     +0.115             +0.128                +0.082        -0.001                +0.473                    -0.601            +1.000                    -0.691  -0.188             -0.478             +0.224        +0.294      +0.095    +0.056         +0.292              +0.592       +0.008      -0.260        -0.048     +0.048          -0.023       +0.021
                         :  log10(acos(L_DIRA_OWNPV)):                +0.208              -0.004                     -0.110             +0.095                +0.025        +0.004                -0.571                    +0.779            -0.691                    +1.000  +0.226             +0.675             -0.127        -0.044      -0.215    -0.312         -0.065              -0.407       -0.092      +0.025        +0.228     -0.227          +0.051       -0.106
                         :                       L_dm:                +0.701              +0.024                     -0.006             +0.034                +0.019        -0.001                -0.263                    +0.163            -0.188                    +0.226  +1.000             +0.185             -0.128        +0.047      +0.032    -0.226         +0.102              -0.183       -0.044      -0.116        -0.091     +0.090          -0.020       +0.008
                         :         log10(L_MINIPCHI2):                +0.150              +0.043                     -0.138             +0.188                +0.095        -0.002                -0.324                    +0.284            -0.478                    +0.675  +0.185             +1.000             +0.112        -0.078      +0.060    -0.204         -0.062              -0.241       +0.066      +0.038        +0.054     -0.054          -0.005       +0.020
                         :         log10(p_MINIPCHI2):                -0.056              +0.094                     -0.056             +0.179                +0.117        -0.007                +0.153                    -0.190            +0.224                    -0.127  -0.128             +0.112             +1.000        +0.204      +0.264    +0.072         +0.023              +0.254       +0.164      -0.015        +0.070     -0.070          -0.038       +0.102
                         :              p_ProbNNghost:                +0.138              +0.185                     +0.076             +0.126                +0.047        +0.005                -0.130                    -0.018            +0.294                    -0.044  +0.047             -0.078             +0.204        +1.000      +0.080    -0.372         +0.268              +0.158       +0.096      -0.274        +0.109     -0.109          -0.063       +0.011
                         :                log10(p_PT):                -0.034              +0.011                     +0.125             -0.095                +0.017        -0.014                -0.041                    -0.301            +0.095                    -0.215  +0.032             +0.060             +0.264        +0.080      +1.000    +0.120         +0.022              +0.170       +0.631      +0.007        -0.440     +0.439          -0.201       +0.499
                         :                  p_ProbNNp:                -0.277              -0.110                     +0.049             -0.173                -0.057        -0.007                +0.452                    -0.251            +0.056                    -0.312  -0.226             -0.204             +0.072        -0.372      +0.120    +1.000         -0.243              +0.097       +0.034      +0.273        -0.197     +0.196          +0.017       +0.107
                         :             pi_ProbNNghost:                +0.145              +0.128                     +0.023             +0.122                +0.068        +0.004                -0.091                    -0.029            +0.292                    -0.065  +0.102             -0.062             +0.023        +0.268      +0.022    -0.243         +1.000              +0.229       -0.078      -0.912        +0.022     -0.022          -0.040       -0.037
                         :        log10(pi_MINIPCHI2):                -0.071              +0.154                     +0.063             +0.117                +0.079        -0.001                +0.395                    -0.318            +0.592                    -0.407  -0.183             -0.241             +0.254        +0.158      +0.170    +0.097         +0.229              +1.000       +0.077      -0.178        +0.017     -0.017          -0.021       +0.059
                         :               log10(pi_PT):                +0.014              +0.025                     +0.095             -0.053                +0.006        -0.011                -0.096                    -0.176            +0.008                    -0.092  -0.044             +0.066             +0.164        +0.096      +0.631    +0.034         -0.078              +0.077       +1.000      +0.097        -0.248     +0.248          -0.176       +0.356
                         :                pi_ProbNNpi:                -0.157              -0.123                     -0.004             -0.135                -0.064        -0.004                +0.123                    -0.002            -0.260                    +0.025  -0.116             +0.038             -0.015        -0.274      +0.007    +0.273         -0.912              -0.178       +0.097      +1.000        -0.059     +0.059          +0.039       +0.054
                         :              (Jpsi_P/Lb_P):                +0.100              -0.157                     -0.464             +0.364                -0.132        +0.000                -0.136                    +0.242            -0.048                    +0.228  -0.091             +0.054             +0.070        +0.109      -0.440    -0.197         +0.022              +0.017       -0.248      -0.059        +1.000     -1.000          +0.111       -0.362
                         :                 (L_P/Lb_P):                -0.100              +0.159                     +0.467             -0.365                +0.133        -0.000                +0.136                    -0.241            +0.048                    -0.227  +0.090             -0.054             -0.070        -0.109      +0.439    +0.196         -0.022              -0.017       +0.248      +0.059        -1.000     +1.000          -0.109       +0.362
                         :            (Jpsi_PT/Lb_PT):                +0.006              -0.004                     +0.009             +0.023                -0.013        -0.001                +0.029                    +0.055            -0.023                    +0.051  -0.020             -0.005             -0.038        -0.063      -0.201    +0.017         -0.040              -0.021       -0.176      +0.039        +0.111     -0.109          +1.000       +0.499
                         :               (L_PT/Lb_PT):                -0.024              +0.007                     +0.160             -0.093                -0.014        -0.017                -0.007                    -0.159            +0.021                    -0.106  +0.008             +0.020             +0.102        +0.011      +0.499    +0.107         -0.037              +0.059       +0.356      +0.054        -0.362     +0.362          +0.499       +1.000
                         : -------------------------------------------------------------------------------------------------------------------------------------------------------------------------------------------------------------------------------------------------------------------------------------------------------------------------------------------------------------------------------------------------------------------------------------------------------
DataSetFactory           : [dataset] :  
                         : 
Factory                  : Booking method: [1mBDTconf2[0m
                         : 
Factory                  : [1mTrain all methods[0m
Factory                  : [dataset] : Create Transformation "I" with events from all classes.
                         : 
                         : Transformation, Variable selection : 
                         : Input : variable 'log_dtfchi2' <---> Output : variable 'log_dtfchi2'
                         : Input : variable 'log_lbminipchi2' <---> Output : variable 'log_lbminipchi2'
                         : Input : variable 'logacos_lbdira' <---> Output : variable 'logacos_lbdira'
                         : Input : variable 'log_lbfd_ownpv' <---> Output : variable 'log_lbfd_ownpv'
                         : Input : variable 'log_jpsiminipchi2' <---> Output : variable 'log_jpsiminipchi2'
                         : Input : variable 'log_jpsimass' <---> Output : variable 'log_jpsimass'
                         : Input : variable 'log_lfdchi2' <---> Output : variable 'log_lfdchi2'
                         : Input : variable 'logacos_ldira_orivx' <---> Output : variable 'logacos_ldira_orivx'
                         : Input : variable 'log_lfd_orivx' <---> Output : variable 'log_lfd_orivx'
                         : Input : variable 'logacos_ldira_ownpv' <---> Output : variable 'logacos_ldira_ownpv'
                         : Input : variable 'L_dm' <---> Output : variable 'L_dm'
                         : Input : variable 'log_lminipchi2' <---> Output : variable 'log_lminipchi2'
                         : Input : variable 'log_pminipchi2' <---> Output : variable 'log_pminipchi2'
                         : Input : variable 'p_ProbNNghost' <---> Output : variable 'p_ProbNNghost'
                         : Input : variable 'log_p_PT' <---> Output : variable 'log_p_PT'
                         : Input : variable 'p_ProbNNp' <---> Output : variable 'p_ProbNNp'
                         : Input : variable 'pi_ProbNNghost' <---> Output : variable 'pi_ProbNNghost'
                         : Input : variable 'log_piminipchi2' <---> Output : variable 'log_piminipchi2'
                         : Input : variable 'log_pi_PT' <---> Output : variable 'log_pi_PT'
                         : Input : variable 'pi_ProbNNpi' <---> Output : variable 'pi_ProbNNpi'
                         : Input : variable 'pJpsi_lb' <---> Output : variable 'pJpsi_lb'
                         : Input : variable 'pLambda_lb' <---> Output : variable 'pLambda_lb'
                         : Input : variable 'ptJpsi_lb' <---> Output : variable 'ptJpsi_lb'
                         : Input : variable 'ptLambda_lb' <---> Output : variable 'ptLambda_lb'
TFHandler_Factory        :            Variable                   Mean                   RMS           [        Min                   Max ]
                         : ------------------------------------------------------------------------------------------------------------------
                         :         log_dtfchi2:               1.0631              0.49738   [             -0.94226               2.4771 ]
                         :     log_lbminipchi2:              0.52799              0.87495   [              -4.2946               5.8830 ]
                         :      logacos_lbdira:              -2.3706              0.59385   [              -5.0757              0.49429 ]
                         :      log_lbfd_ownpv:              0.84078              0.36599   [              0.17609               3.0140 ]
                         :   log_jpsiminipchi2:               1.9355              0.77112   [              -4.5778               6.3389 ]
                         :        log_jpsimass:               3.4912            0.0020277   [               3.4797               3.4994 ]
                         :         log_lfdchi2:               3.3665               1.2727   [              -2.8560               6.6948 ]
                         : logacos_ldira_orivx:              -3.4565              0.57036   [              -6.0228              0.49714 ]
                         :       log_lfd_orivx:               2.1548              0.49460   [              -2.3997               3.5657 ]
                         : logacos_ldira_ownpv:              -2.6090              0.58031   [              -5.7445              0.49715 ]
                         :                L_dm:               2.6192               4.5965   [           2.2540e-05               29.999 ]
                         :      log_lminipchi2:               1.8580              0.91167   [              -4.3878               5.7053 ]
                         :      log_pminipchi2:               2.3404              0.64450   [              0.95424               5.8752 ]
                         :       p_ProbNNghost:              0.18039              0.30557   [           6.4474e-05               1.0000 ]
                         :            log_p_PT:               3.1503              0.26027   [               1.7708               4.1970 ]
                         :           p_ProbNNp:              0.47932              0.35808   [           8.0752e-09              0.99932 ]
                         :      pi_ProbNNghost:              0.21098              0.31405   [           0.00013458               1.0000 ]
                         :     log_piminipchi2:               2.5481              0.68602   [              0.95424               6.2687 ]
                         :           log_pi_PT:               2.5092              0.24041   [              0.46941               3.6119 ]
                         :         pi_ProbNNpi:              0.70793              0.32482   [           4.6950e-12              0.99994 ]
