eff_2015_mu = 0.16660
err_eff_2015_mu = 0.00065
eff_2016_mu = 0.1674
err_eff_2016_mu = 0.0021

eff_run2 = 0.16737
err_eff_run2 = 0.0021
