eff_2011_md = 0.18319
err_eff_2011_md = 0.00028
eff_2011_mu = 0.18289
err_eff_2011_mu = 0.0003
eff_2012_md = 0.18695
err_eff_2012_md = 0.00032
eff_2012_mu = 0.18678
err_eff_2012_mu = 0.00031

eff_2011     = 0.18304
eff_2011_err = 0.00029
eff_2012     = 0.18686
eff_2012_err = 0.00032
