eff_2011_md = 0.18319
err_eff_2011_md = 0.00028
eff_2011_mu = 0.18289
err_eff_2011_mu = 0.0003
eff_2012_md = 0.18695
err_eff_2012_md = 0.00032
eff_2012_mu = 0.18678
err_eff_2012_mu = 0.00031
